tree	llh	pi_0	pi_1	pi_2	pi_3	pi_4	pi_5	pi_6	pi_7	pi_8	pi_9	pi_10	pi_11	pi_12	pi_13	pi_14	pi_15	pi_16	pi_17	pi_18	pi_19	pi_20	pi_21	pi_22	pi_23	pi_24	pi_25	pi_26	pi_27	pi_28	pi_29	pi_30	pi_31	pi_32	pi_33	pi_34	pi_35	pi_36	pi_37	pi_38	pi_39	pi_40	pi_41	pi_42	pi_43	pi_44	pi_45	pi_46	pi_47	pi_48	pi_49	pi_50	pi_51	pi_52	pi_53	pi_54	pi_55	pi_56	pi_57	pi_58	pi_59	pi_60	pi_61	pi_62	pi_63	pi_64	pi_65	pi_66	pi_67	pi_68	pi_69	pi_70	pi_71	pi_72	pi_73	pi_74	pi_75	pi_76	pi_77	pi_78	pi_79	pi_80	pi_81	pi_82	pi_83	pi_84	pi_85	pi_86	pi_87	pi_88	pi_89	pi_90	pi_91	pi_92	pi_93	pi_94	pi_95	pi_96	pi_97	pi_98	pi_99	f_0_0	f_0_1	f_0_2	f_0_3	f_0_4	f_0_5	f_0_6	f_0_7	f_0_8	f_0_9	f_0_10	f_0_11	f_0_12	f_0_13	f_0_14	f_0_15	f_0_16	f_0_17	f_0_18	f_0_19	f_0_20	f_0_21	f_0_22	f_0_23	f_0_24	f_0_25	f_0_26	f_0_27	f_0_28	f_0_29	f_0_30	f_0_31	f_0_32	f_0_33	f_0_34	f_0_35	f_0_36	f_0_37	f_0_38	f_0_39	f_0_40	f_0_41	f_0_42	f_0_43	f_0_44	f_0_45	f_0_46	f_0_47	f_0_48	f_0_49	f_0_50	f_0_51	f_0_52	f_0_53	f_0_54	f_0_55	f_0_56	f_0_57	f_0_58	f_0_59	f_0_60	f_0_61	f_0_62	f_0_63	f_0_64	f_0_65	f_0_66	f_0_67	f_0_68	f_0_69	f_0_70	f_0_71	f_0_72	f_0_73	f_0_74	f_0_75	f_0_76	f_0_77	f_0_78	f_0_79	f_0_80	f_0_81	f_0_82	f_0_83	f_0_84	f_0_85	f_0_86	f_0_87	f_0_88	f_0_89	f_0_90	f_0_91	f_0_92	f_0_93	f_0_94	f_0_95	f_0_96	f_0_97	f_0_98	f_0_99	f_1_0	f_1_1	f_1_2	f_1_3	f_1_4	f_1_5	f_1_6	f_1_7	f_1_8	f_1_9	f_1_10	f_1_11	f_1_12	f_1_13	f_1_14	f_1_15	f_1_16	f_1_17	f_1_18	f_1_19	f_1_20	f_1_21	f_1_22	f_1_23	f_1_24	f_1_25	f_1_26	f_1_27	f_1_28	f_1_29	f_1_30	f_1_31	f_1_32	f_1_33	f_1_34	f_1_35	f_1_36	f_1_37	f_1_38	f_1_39	f_1_40	f_1_41	f_1_42	f_1_43	f_1_44	f_1_45	f_1_46	f_1_47	f_1_48	f_1_49	f_1_50	f_1_51	f_1_52	f_1_53	f_1_54	f_1_55	f_1_56	f_1_57	f_1_58	f_1_59	f_1_60	f_1_61	f_1_62	f_1_63	f_1_64	f_1_65	f_1_66	f_1_67	f_1_68	f_1_69	f_1_70	f_1_71	f_1_72	f_1_73	f_1_74	f_1_75	f_1_76	f_1_77	f_1_78	f_1_79	f_1_80	f_1_81	f_1_82	f_1_83	f_1_84	f_1_85	f_1_86	f_1_87	f_1_88	f_1_89	f_1_90	f_1_91	f_1_92	f_1_93	f_1_94	f_1_95	f_1_96	f_1_97	f_1_98	f_1_99	f_2_0	f_2_1	f_2_2	f_2_3	f_2_4	f_2_5	f_2_6	f_2_7	f_2_8	f_2_9	f_2_10	f_2_11	f_2_12	f_2_13	f_2_14	f_2_15	f_2_16	f_2_17	f_2_18	f_2_19	f_2_20	f_2_21	f_2_22	f_2_23	f_2_24	f_2_25	f_2_26	f_2_27	f_2_28	f_2_29	f_2_30	f_2_31	f_2_32	f_2_33	f_2_34	f_2_35	f_2_36	f_2_37	f_2_38	f_2_39	f_2_40	f_2_41	f_2_42	f_2_43	f_2_44	f_2_45	f_2_46	f_2_47	f_2_48	f_2_49	f_2_50	f_2_51	f_2_52	f_2_53	f_2_54	f_2_55	f_2_56	f_2_57	f_2_58	f_2_59	f_2_60	f_2_61	f_2_62	f_2_63	f_2_64	f_2_65	f_2_66	f_2_67	f_2_68	f_2_69	f_2_70	f_2_71	f_2_72	f_2_73	f_2_74	f_2_75	f_2_76	f_2_77	f_2_78	f_2_79	f_2_80	f_2_81	f_2_82	f_2_83	f_2_84	f_2_85	f_2_86	f_2_87	f_2_88	f_2_89	f_2_90	f_2_91	f_2_92	f_2_93	f_2_94	f_2_95	f_2_96	f_2_97	f_2_98	f_2_99	f_3_0	f_3_1	f_3_2	f_3_3	f_3_4	f_3_5	f_3_6	f_3_7	f_3_8	f_3_9	f_3_10	f_3_11	f_3_12	f_3_13	f_3_14	f_3_15	f_3_16	f_3_17	f_3_18	f_3_19	f_3_20	f_3_21	f_3_22	f_3_23	f_3_24	f_3_25	f_3_26	f_3_27	f_3_28	f_3_29	f_3_30	f_3_31	f_3_32	f_3_33	f_3_34	f_3_35	f_3_36	f_3_37	f_3_38	f_3_39	f_3_40	f_3_41	f_3_42	f_3_43	f_3_44	f_3_45	f_3_46	f_3_47	f_3_48	f_3_49	f_3_50	f_3_51	f_3_52	f_3_53	f_3_54	f_3_55	f_3_56	f_3_57	f_3_58	f_3_59	f_3_60	f_3_61	f_3_62	f_3_63	f_3_64	f_3_65	f_3_66	f_3_67	f_3_68	f_3_69	f_3_70	f_3_71	f_3_72	f_3_73	f_3_74	f_3_75	f_3_76	f_3_77	f_3_78	f_3_79	f_3_80	f_3_81	f_3_82	f_3_83	f_3_84	f_3_85	f_3_86	f_3_87	f_3_88	f_3_89	f_3_90	f_3_91	f_3_92	f_3_93	f_3_94	f_3_95	f_3_96	f_3_97	f_3_98	f_3_99	f_4_0	f_4_1	f_4_2	f_4_3	f_4_4	f_4_5	f_4_6	f_4_7	f_4_8	f_4_9	f_4_10	f_4_11	f_4_12	f_4_13	f_4_14	f_4_15	f_4_16	f_4_17	f_4_18	f_4_19	f_4_20	f_4_21	f_4_22	f_4_23	f_4_24	f_4_25	f_4_26	f_4_27	f_4_28	f_4_29	f_4_30	f_4_31	f_4_32	f_4_33	f_4_34	f_4_35	f_4_36	f_4_37	f_4_38	f_4_39	f_4_40	f_4_41	f_4_42	f_4_43	f_4_44	f_4_45	f_4_46	f_4_47	f_4_48	f_4_49	f_4_50	f_4_51	f_4_52	f_4_53	f_4_54	f_4_55	f_4_56	f_4_57	f_4_58	f_4_59	f_4_60	f_4_61	f_4_62	f_4_63	f_4_64	f_4_65	f_4_66	f_4_67	f_4_68	f_4_69	f_4_70	f_4_71	f_4_72	f_4_73	f_4_74	f_4_75	f_4_76	f_4_77	f_4_78	f_4_79	f_4_80	f_4_81	f_4_82	f_4_83	f_4_84	f_4_85	f_4_86	f_4_87	f_4_88	f_4_89	f_4_90	f_4_91	f_4_92	f_4_93	f_4_94	f_4_95	f_4_96	f_4_97	f_4_98	f_4_99	f_5_0	f_5_1	f_5_2	f_5_3	f_5_4	f_5_5	f_5_6	f_5_7	f_5_8	f_5_9	f_5_10	f_5_11	f_5_12	f_5_13	f_5_14	f_5_15	f_5_16	f_5_17	f_5_18	f_5_19	f_5_20	f_5_21	f_5_22	f_5_23	f_5_24	f_5_25	f_5_26	f_5_27	f_5_28	f_5_29	f_5_30	f_5_31	f_5_32	f_5_33	f_5_34	f_5_35	f_5_36	f_5_37	f_5_38	f_5_39	f_5_40	f_5_41	f_5_42	f_5_43	f_5_44	f_5_45	f_5_46	f_5_47	f_5_48	f_5_49	f_5_50	f_5_51	f_5_52	f_5_53	f_5_54	f_5_55	f_5_56	f_5_57	f_5_58	f_5_59	f_5_60	f_5_61	f_5_62	f_5_63	f_5_64	f_5_65	f_5_66	f_5_67	f_5_68	f_5_69	f_5_70	f_5_71	f_5_72	f_5_73	f_5_74	f_5_75	f_5_76	f_5_77	f_5_78	f_5_79	f_5_80	f_5_81	f_5_82	f_5_83	f_5_84	f_5_85	f_5_86	f_5_87	f_5_88	f_5_89	f_5_90	f_5_91	f_5_92	f_5_93	f_5_94	f_5_95	f_5_96	f_5_97	f_5_98	f_5_99	f_6_0	f_6_1	f_6_2	f_6_3	f_6_4	f_6_5	f_6_6	f_6_7	f_6_8	f_6_9	f_6_10	f_6_11	f_6_12	f_6_13	f_6_14	f_6_15	f_6_16	f_6_17	f_6_18	f_6_19	f_6_20	f_6_21	f_6_22	f_6_23	f_6_24	f_6_25	f_6_26	f_6_27	f_6_28	f_6_29	f_6_30	f_6_31	f_6_32	f_6_33	f_6_34	f_6_35	f_6_36	f_6_37	f_6_38	f_6_39	f_6_40	f_6_41	f_6_42	f_6_43	f_6_44	f_6_45	f_6_46	f_6_47	f_6_48	f_6_49	f_6_50	f_6_51	f_6_52	f_6_53	f_6_54	f_6_55	f_6_56	f_6_57	f_6_58	f_6_59	f_6_60	f_6_61	f_6_62	f_6_63	f_6_64	f_6_65	f_6_66	f_6_67	f_6_68	f_6_69	f_6_70	f_6_71	f_6_72	f_6_73	f_6_74	f_6_75	f_6_76	f_6_77	f_6_78	f_6_79	f_6_80	f_6_81	f_6_82	f_6_83	f_6_84	f_6_85	f_6_86	f_6_87	f_6_88	f_6_89	f_6_90	f_6_91	f_6_92	f_6_93	f_6_94	f_6_95	f_6_96	f_6_97	f_6_98	f_6_99	f_7_0	f_7_1	f_7_2	f_7_3	f_7_4	f_7_5	f_7_6	f_7_7	f_7_8	f_7_9	f_7_10	f_7_11	f_7_12	f_7_13	f_7_14	f_7_15	f_7_16	f_7_17	f_7_18	f_7_19	f_7_20	f_7_21	f_7_22	f_7_23	f_7_24	f_7_25	f_7_26	f_7_27	f_7_28	f_7_29	f_7_30	f_7_31	f_7_32	f_7_33	f_7_34	f_7_35	f_7_36	f_7_37	f_7_38	f_7_39	f_7_40	f_7_41	f_7_42	f_7_43	f_7_44	f_7_45	f_7_46	f_7_47	f_7_48	f_7_49	f_7_50	f_7_51	f_7_52	f_7_53	f_7_54	f_7_55	f_7_56	f_7_57	f_7_58	f_7_59	f_7_60	f_7_61	f_7_62	f_7_63	f_7_64	f_7_65	f_7_66	f_7_67	f_7_68	f_7_69	f_7_70	f_7_71	f_7_72	f_7_73	f_7_74	f_7_75	f_7_76	f_7_77	f_7_78	f_7_79	f_7_80	f_7_81	f_7_82	f_7_83	f_7_84	f_7_85	f_7_86	f_7_87	f_7_88	f_7_89	f_7_90	f_7_91	f_7_92	f_7_93	f_7_94	f_7_95	f_7_96	f_7_97	f_7_98	f_7_99	f_8_0	f_8_1	f_8_2	f_8_3	f_8_4	f_8_5	f_8_6	f_8_7	f_8_8	f_8_9	f_8_10	f_8_11	f_8_12	f_8_13	f_8_14	f_8_15	f_8_16	f_8_17	f_8_18	f_8_19	f_8_20	f_8_21	f_8_22	f_8_23	f_8_24	f_8_25	f_8_26	f_8_27	f_8_28	f_8_29	f_8_30	f_8_31	f_8_32	f_8_33	f_8_34	f_8_35	f_8_36	f_8_37	f_8_38	f_8_39	f_8_40	f_8_41	f_8_42	f_8_43	f_8_44	f_8_45	f_8_46	f_8_47	f_8_48	f_8_49	f_8_50	f_8_51	f_8_52	f_8_53	f_8_54	f_8_55	f_8_56	f_8_57	f_8_58	f_8_59	f_8_60	f_8_61	f_8_62	f_8_63	f_8_64	f_8_65	f_8_66	f_8_67	f_8_68	f_8_69	f_8_70	f_8_71	f_8_72	f_8_73	f_8_74	f_8_75	f_8_76	f_8_77	f_8_78	f_8_79	f_8_80	f_8_81	f_8_82	f_8_83	f_8_84	f_8_85	f_8_86	f_8_87	f_8_88	f_8_89	f_8_90	f_8_91	f_8_92	f_8_93	f_8_94	f_8_95	f_8_96	f_8_97	f_8_98	f_8_99	f_9_0	f_9_1	f_9_2	f_9_3	f_9_4	f_9_5	f_9_6	f_9_7	f_9_8	f_9_9	f_9_10	f_9_11	f_9_12	f_9_13	f_9_14	f_9_15	f_9_16	f_9_17	f_9_18	f_9_19	f_9_20	f_9_21	f_9_22	f_9_23	f_9_24	f_9_25	f_9_26	f_9_27	f_9_28	f_9_29	f_9_30	f_9_31	f_9_32	f_9_33	f_9_34	f_9_35	f_9_36	f_9_37	f_9_38	f_9_39	f_9_40	f_9_41	f_9_42	f_9_43	f_9_44	f_9_45	f_9_46	f_9_47	f_9_48	f_9_49	f_9_50	f_9_51	f_9_52	f_9_53	f_9_54	f_9_55	f_9_56	f_9_57	f_9_58	f_9_59	f_9_60	f_9_61	f_9_62	f_9_63	f_9_64	f_9_65	f_9_66	f_9_67	f_9_68	f_9_69	f_9_70	f_9_71	f_9_72	f_9_73	f_9_74	f_9_75	f_9_76	f_9_77	f_9_78	f_9_79	f_9_80	f_9_81	f_9_82	f_9_83	f_9_84	f_9_85	f_9_86	f_9_87	f_9_88	f_9_89	f_9_90	f_9_91	f_9_92	f_9_93	f_9_94	f_9_95	f_9_96	f_9_97	f_9_98	f_9_99
0	-15547.466796875	-1	9	57	76	75	26	89	10	62	48	0	26	84	41	29	91	66	5	0	11	24	14	68	37	85	21	0	0	50	22	3	66	33	67	21	43	7	69	12	0	65	50	77	73	24	43	79	5	42	1	78	57	69	21	34	56	0	70	42	76	31	43	49	25	4	73	63	36	3	21	1	46	80	82	49	14	33	40	77	33	47	9	66	48	69	78	85	57	13	11	50	56	7	32	19	59	7	0	0	47	0.5437126159667969	0.08644906431436539	0.010285336524248123	0.4145510792732239	0.012830331921577454	0.010498285293579102	0.010526316240429878	0.4251323938369751	9.999999974752427e-07	0.08644905686378479	0.4415539801120758	0.0655471682548523	9.999999974752427e-07	9.999999974752427e-07	0.4095746874809265	9.999999974752427e-07	0.005317971110343933	1.622538547962904e-09	1.622538547962904e-09	9.999999974752427e-07	0.02298850566148758	0.39674437046051025	0.4095746576786041	9.999999974752427e-07	0.03314200043678284	0.2897196114063263	0.0760454535484314	1.622538547962904e-09	9.999999974752427e-07	0.4095746576786041	0.0049764662981033325	1.622538547962904e-09	1.622538547962904e-09	0.4145510196685791	0.03333333507180214	-1.3278622645884752e-08	0.42513248324394226	9.999999974752427e-07	9.999999974752427e-07	1.622538547962904e-09	0.22580645978450775	0.012048192322254181	0.1361638456583023	-1.3278622645884752e-08	9.999999974752427e-07	-1.3278622645884752e-08	1.622538547962904e-09	0.010498294606804848	0.1361638605594635	0.030567780137062073	0.02411612868309021	1.622538547962904e-09	0.008196720853447914	0.010869565419852734	9.999999974752427e-07	0.010526316240429878	0.026113346219062805	0.019338728860020638	-2.4010660126805305e-10	-1.3278622645884752e-08	1.622538547962904e-09	-1.3278622645884752e-08	0.030567795038223267	0.2705919146537781	9.999999974752427e-07	0.26527389883995056	0.2705919146537781	0.4251324534416199	0.40957462787628174	0.030927833169698715	0.05588129162788391	1.622538547962904e-09	0.010498296469449997	0.2652738690376282	-1.3278622645884752e-08	0.012830331921577454	0.4145510792732239	0.22250455617904663	0.08634074777364731	1.622538547962904e-09	0.010498294606804848	1.622538547962904e-09	0.26527389883995056	0.036036036908626556	0.009900989942252636	0.062224678695201874	0.029082641005516052	0.009053405374288559	9.999999974752427e-07	0.012195121496915817	9.999999974752427e-07	0.008547008968889713	-1.3278622645884752e-08	1.622538547962904e-09	9.999999974752427e-07	-1.3278622645884752e-08	-1.3278622645884752e-08	1.622538547962904e-09	1.622538547962904e-09	1.622538547962904e-09	0.4231007397174835	0.04496558755636215	0.010405869223177433	0.2722354531288147	0.010044899769127369	0.021052632480859756	9.999999974752427e-07	0.31625208258628845	0.018691588193178177	0.05226296931505203	0.31625208258628845	0.01785714365541935	0.010989011265337467	1.622538547962904e-09	0.2722354531288147	9.999999974752427e-07	1.622538547962904e-09	0.019417475908994675	1.622538547962904e-09	9.999999974752427e-07	6.666664376098197e-07	0.2291666716337204	0.2722354531288147	9.999999974752427e-07	1.3333333299669903e-06	0.1819043606519699	0.09699184447526932	1.622538547962904e-09	0.0078512541949749	0.2722354531288147	1.622538547962904e-09	1.622538547962904e-09	0.010638297535479069	0.31625211238861084	9.999999974752427e-07	-7.275957614183426e-12	0.31625211238861084	0.010526316240429878	0.009009009227156639	1.622538547962904e-09	0.10256187617778778	1.622538547962904e-09	0.0606570690870285	0.008510754443705082	6.666664376098197e-07	-7.275957614183426e-12	9.999999974752427e-07	1.3999997463542968e-06	0.05226297304034233	0.034559715539216995	0.022432174533605576	2.255546860396862e-10	9.999999974752427e-07	9.999999974752427e-07	9.999999974752427e-07	0.008264463394880295	0.009856723248958588	0.010405868291854858	0.008394084870815277	1.622538547962904e-09	1.622538547962904e-09	0.008510754443705082	0.034559715539216995	0.18190431594848633	0.010044899769127369	0.11764705926179886	0.18190434575080872	0.31625211238861084	0.2722354531288147	0.042105261236429214	0.010405870154500008	9.999999974752427e-07	8.000001798791345e-07	0.18190434575080872	1.622538547962904e-09	0.010044898837804794	0.2722354531288147	0.10256189107894897	0.04190482199192047	9.999999974752427e-07	8.000001798791345e-07	0.00729738175868988	0.18190434575080872	1.622538547962904e-09	0.016949152573943138	0.01947261206805706	9.999999974752427e-07	2.255546860396862e-10	1.622538547962904e-09	0.011627906933426857	0.014580924063920975	9.999999974752427e-07	1.622538547962904e-09	9.999999974752427e-07	9.999999974752427e-07	1.622538547962904e-09	1.622538547962904e-09	1.622538547962904e-09	1.622538547962904e-09	6.000000212225132e-07	0.44946640729904175	0.08000115305185318	9.999999974752427e-07	0.3330483138561249	-1.3278622645884752e-08	0.03483247756958008	9.999999974752427e-07	0.3862634003162384	0.009220771491527557	0.08756303787231445	0.3862634003162384	0.01332206092774868	-1.3278622645884752e-08	9.999999974752427e-07	0.2947915494441986	9.999999974752427e-07	0.029411764815449715	9.999999974752427e-07	-1.3278622645884752e-08	0.008118398487567902	0.010526316240429878	0.2947915494441986	0.2947915196418762	-1.3278622645884752e-08	0.01075268816202879	0.2947915196418762	0.048154592514038086	-1.3278622645884752e-08	0.02777777798473835	0.2947915494441986	0.019186578691005707	9.999999974752427e-07	0.008000500500202179	0.38626331090927124	-1.3278622645884752e-08	1.622538547962904e-09	0.386263370513916	-1.3278622645884752e-08	-1.3278622645884752e-08	-1.3278622645884752e-08	0.1528805047273636	9.999999974752427e-07	0.08756301552057266	0.009048528037965298	9.999999974752427e-07	1.622538547962904e-09	0.009131006896495819	0.02860131859779358	0.08756303787231445	0.009220770560204983	0.04123711213469505	9.999999974752427e-07	-1.3278622645884752e-08	-1.3278622645884752e-08	-1.3278622645884752e-08	0.008003763854503632	0.01504833996295929	0.029999999329447746	1.622538547962904e-09	0.00909090880304575	9.999999974752427e-07	0.009048528969287872	0.009220771491527557	0.2947915196418762	-1.3278622645884752e-08	0.15288051962852478	0.2499999850988388	0.38626334071159363	0.31386175751686096	-1.3278622645884752e-08	0.032608695328235626	0.009131014347076416	9.999999974752427e-07	0.16192904114723206	-2.4010660126805305e-10	-1.3278622645884752e-08	0.36913180351257324	0.1528804898262024	0.06531748175621033	0.009131006896495819	0.028601333498954773	0.00756189227104187	0.16814157366752625	1.622538547962904e-09	-1.3278622645884752e-08	0.021052632480859756	0.009900989942252636	0.027272727340459824	9.999999974752427e-07	0.005203664302825928	0.008620689623057842	0.007044591009616852	-1.3278622645884752e-08	0.008000500500202179	0.008118398487567902	9.999999974752427e-07	-1.3278622645884752e-08	-1.3278622645884752e-08	-1.3278622645884752e-08	1.622538547962904e-09	0.4417251944541931	0.024390242993831635	9.999999974752427e-07	0.30527326464653015	0.010416666977107525	0.01463714987039566	9.999999974752427e-07	0.3760969042778015	9.999999974752427e-07	0.04878048598766327	0.3760969042778015	0.050991326570510864	9.999999974752427e-07	0.008882244117558002	0.30527329444885254	1.622538547962904e-09	1.622538547962904e-09	1.622538547962904e-09	1.622538547962904e-09	0.030414395034313202	0.012048192322254181	0.29318323731422424	0.30527329444885254	9.999999974752427e-07	0.017391303554177284	0.2670987844467163	0.06562847644090652	1.622538547962904e-09	0.010416666977107525	0.30527329444885254	1.622538547962904e-09	1.622538547962904e-09	1.622538547962904e-09	0.30527329444885254	1.622538547962904e-09	0.010526316240429878	0.3760969042778015	9.999999974752427e-07	9.999999974752427e-07	1.622538547962904e-09	0.14387741684913635	0.025641024112701416	0.07431011646986008	0.032608695328235626	9.999999974752427e-07	0.009615384973585606	1.622538547962904e-09	0.014637134969234467	0.07431010156869888	0.010309278033673763	0.04452749714255333	0.009433962404727936	9.999999974752427e-07	1.622538547962904e-09	1.622538547962904e-09	1.622538547962904e-09	1.622538547962904e-09	0.009569531306624413	1.622538547962904e-09	1.622538547962904e-09	1.622538547962904e-09	0.01123595517128706	9.999999974752427e-07	0.20471768081188202	9.999999974752427e-07	0.14387744665145874	0.2047176957130432	0.3052733242511749	0.30527329444885254	0.026084452867507935	0.009569531306624413	1.622538547962904e-09	0.010101010091602802	0.204717755317688	0.010204081423580647	0.010989011265337467	0.30527329444885254	0.14387741684913635	0.06956726312637329	1.622538547962904e-09	0.01463712751865387	9.999999974752427e-07	0.20471777021884918	0.009803921915590763	9.999999974752427e-07	0.02503982186317444	9.999999974752427e-07	9.999999974752427e-07	0.008882243186235428	0.020576931536197662	9.999999974752427e-07	1.622538547962904e-09	1.622538547962904e-09	1.622538547962904e-09	9.999999974752427e-07	1.622538547962904e-09	1.622538547962904e-09	1.622538547962904e-09	1.622538547962904e-09	1.622538547962904e-09	0.3537144660949707	0.026411600410938263	4.2857209336943924e-07	0.20192477107048035	1.622538547962904e-09	0.027027027681469917	-7.275957614183426e-12	0.28152182698249817	1.622538547962904e-09	0.026411622762680054	0.2815217971801758	0.010256588459014893	9.999999974752427e-07	1.622538547962904e-09	0.20192477107048035	9.999999974752427e-07	1.622538547962904e-09	9.999999974752427e-07	1.622538547962904e-09	0.010256589390337467	1.622538547962904e-09	0.20192474126815796	0.20192478597164154	1.622538547962904e-09	1.622538547962904e-09	0.16246558725833893	0.05873367190361023	1.622538547962904e-09	0.027633339166641235	0.20192477107048035	-1.3278622645884752e-08	1.622538547962904e-09	-1.3278622645884752e-08	0.20192483067512512	0.008206691592931747	9.999999974752427e-07	0.2740027904510498	1.622538547962904e-09	9.999999974752427e-07	1.622538547962904e-09	0.05703481286764145	1.622538547962904e-09	0.02641153335571289	0.03179077059030533	1.622538547962904e-09	9.999999974752427e-07	-1.3278622645884752e-08	0.009401541203260422	0.026411622762680054	0.009916093200445175	0.027633339166641235	4.2857209336943924e-07	1.622538547962904e-09	0.013445600867271423	0.008206691592931747	9.999999974752427e-07	0.013458982110023499	1.2857158253609668e-06	-1.3278622645884752e-08	-1.3278622645884752e-08	1.622538547962904e-09	9.999999974752427e-07	1.622538547962904e-09	0.16246557235717773	1.622538547962904e-09	0.05703481659293175	0.10570608824491501	0.2626262605190277	0.20192477107048035	0.01780684106051922	1.2857121873821598e-06	-1.3278622645884752e-08	9.999999974752427e-07	0.08882559835910797	0.009916089475154877	1.622538547962904e-09	0.20192478597164154	0.05404491350054741	0.027633339166641235	-1.3278622645884752e-08	0.009401543065905571	1.622538547962904e-09	0.1057060956954956	-1.3278622645884752e-08	0.017806850373744965	1.622538547962904e-09	1.622538547962904e-09	4.2857209336943924e-07	1.622538547962904e-09	-7.275957614183426e-12	1.622538547962904e-09	9.999999974752427e-07	1.622538547962904e-09	-1.3278622645884752e-08	9.999999974752427e-07	-1.3278622645884752e-08	0.007519088685512543	1.622538547962904e-09	1.622538547962904e-09	2.255546860396862e-10	0.5330700874328613	0.005072489380836487	5.000001692678779e-07	0.3791336119174957	0.015137098729610443	0.04571792483329773	9.999999974752427e-07	0.47317150235176086	1.622538547962904e-09	0.08930285274982452	0.47317150235176086	0.01418064534664154	0.010177051648497581	9.999999974752427e-07	0.283880352973938	-1.3278622645884752e-08	1.622538547962904e-09	0.00942908599972725	-1.3278622645884752e-08	0.007485590875148773	9.999999974752427e-07	0.2687433063983917	0.3461630940437317	0.011049933731555939	0.012431889772415161	0.21618443727493286	0.059898555278778076	-1.3278622645884752e-08	1.622538547962904e-09	0.2838802933692932	0.030927835032343864	0.04472166299819946	-1.3278622645884752e-08	0.39345017075538635	1.622538547962904e-09	-1.3278622645884752e-08	0.39345014095306396	0.011049933731555939	0.010177051648497581	-1.3278622645884752e-08	0.16346153616905212	0.04000958055257797	0.08930287510156631	-1.3278622645884752e-08	0.010416666977107525	-1.3278622645884752e-08	0.014316469430923462	0.03628884255886078	0.08930285274982452	1.622538547962904e-09	0.0478060245513916	5.000001692678779e-07	0.028037382289767265	1.622538547962904e-09	1.622538547962904e-09	-1.3278622645884752e-08	-1.3278622645884752e-08	1.5000005078036338e-06	1.622538547962904e-09	-1.3278622645884752e-08	9.999999974752427e-07	-1.3278622645884752e-08	1.622538547962904e-09	0.21618443727493286	0.015137098729610443	0.171462744474411	0.21618443727493286	0.39345014095306396	0.3461630940437317	0.05255882441997528	0.005072489380836487	9.999999974752427e-07	0.02286946028470993	0.1714627593755722	1.622538547962904e-09	0.01513710618019104	0.37913358211517334	0.1495407670736313	0.06023794412612915	0.014316461980342865	0.02286946028470993	0.008695651777088642	0.1714627593755722	1.622538547962904e-09	0.010177051648497581	0.012431896291673183	1.622538547962904e-09	5.000001692678779e-07	9.999999974752427e-07	0.00669504702091217	0.007796458899974823	-1.3278622645884752e-08	0.030927835032343864	-1.3278622645884752e-08	0.007485587149858475	-1.3278622645884752e-08	0.02777777798473835	-1.3278622645884752e-08	-1.3278622645884752e-08	0.008695651777088642	0.3669218420982361	0.04854368790984154	5.000001692678779e-07	0.19233903288841248	1.622538547962904e-09	0.02117866277694702	0.01907867193222046	0.26595741510391235	9.999999974752427e-07	0.0752153992652893	0.2984440326690674	0.01907867193222046	9.999999974752427e-07	0.010416666977107525	0.19233903288841248	0.010324249044060707	0.007624365389347076	1.622538547962904e-09	1.622538547962904e-09	1.622538547962904e-09	9.999999974752427e-07	0.19233901798725128	0.19233904778957367	1.622538547962904e-09	0.026356376707553864	0.16347560286521912	0.04025731980800629	1.622538547962904e-09	1.622538547962904e-09	0.19233901798725128	1.622538547962904e-09	0.015332028269767761	0.0117647061124444	0.24910278618335724	0.01778506115078926	-1.3278622645884752e-08	0.24910277128219604	1.622538547962904e-09	9.999999974752427e-07	1.622538547962904e-09	0.1170303225517273	0.015458554029464722	0.0752154290676117	-1.3278622645884752e-08	0.00909090880304575	-1.3278622645884752e-08	0.009573204442858696	0.021178673952817917	0.0752154216170311	0.018691588193178177	0.015458546578884125	5.000001692678779e-07	0.005539216101169586	1.622538547962904e-09	0.01778506115078926	9.999999974752427e-07	0.028220467269420624	1.5000005078036338e-06	1.622538547962904e-09	9.999999974752427e-07	9.999999974752427e-07	-1.3278622645884752e-08	9.999999974752427e-07	0.16347560286521912	1.622538547962904e-09	0.14051920175552368	0.16347560286521912	0.24910280108451843	0.19233901798725128	0.011078406125307083	0.010101010091602802	0.009573204442858696	0.009177442640066147	0.14051921665668488	0.008695651777088642	1.622538547962904e-09	0.2222222089767456	0.11703035235404968	0.04181492328643799	0.011904762126505375	0.009177440777420998	0.010869565419852734	0.14051920175552368	-1.3278622645884752e-08	0.005539216101169586	0.026356376707553864	1.622538547962904e-09	5.000001692678779e-07	0.009999999776482582	0.019078673794865608	1.622538547962904e-09	0.010324249044060707	9.999999974752427e-07	9.999999974752427e-07	1.622538547962904e-09	9.999999974752427e-07	9.999999974752427e-07	1.622538547962904e-09	1.622538547962904e-09	0.012001216411590576	0.43699368834495544	0.05826278030872345	9.999999974752427e-07	0.2679571807384491	9.999999974752427e-07	0.04900255799293518	1.622538547962904e-09	0.3783048987388611	0.009493403136730194	0.06596280634403229	0.3783048689365387	1.622538547962904e-09	9.999999974752427e-07	0.01123595517128706	0.2679571509361267	-2.4010660126805305e-10	1.622538547962904e-09	-1.3278622645884752e-08	1.622538547962904e-09	1.622538547962904e-09	6.666664376098197e-07	0.2545320391654968	0.2679571509361267	0.010989011265337467	1.3333333299669903e-06	0.20756608247756958	0.04900254309177399	1.622538547962904e-09	0.005720056593418121	0.2679571509361267	1.622538547962904e-09	0.01575428992509842	0.010256924666464329	0.3783048689365387	0.01601792871952057	-2.4010660126805305e-10	0.3783048391342163	0.019911106675863266	9.999999974752427e-07	1.622538547962904e-09	0.1568257212638855	0.013005435466766357	0.11561180651187897	0.01815195381641388	6.666664376098197e-07	0.01815195381641388	0.010526316240429878	0.049002498388290405	0.06741572916507721	0.03269492834806442	0.018725495785474777	0.00909090880304575	-2.4010660126805305e-10	1.622538547962904e-09	0.00917431153357029	0.009686248376965523	0.009686250239610672	0.025567827746272087	9.999999974752427e-07	0.043478261679410934	0.01575428992509842	-2.4010660126805305e-10	0.009493403136730194	0.20756609737873077	9.999999974752427e-07	0.15682576596736908	0.20756609737873077	0.3783048391342163	0.2679571211338043	0.030948013067245483	0.025567827746272087	9.999999974752427e-07	9.999999974752427e-07	0.17497771978378296	0.009708737954497337	0.00909090880304575	0.31831997632980347	0.1568257361650467	0.04121395945549011	0.04972795397043228	0.010204081423580647	0.007700018584728241	0.19181180000305176	9.999999974752427e-07	0.011036910116672516	0.022488445043563843	0.016806723549962044	9.999999974752427e-07	0.009615384973585606	1.622538547962904e-09	1.622538547962904e-09	-2.4010660126805305e-10	1.622538547962904e-09	9.999999974752427e-07	1.622538547962904e-09	0.009803921915590763	1.622538547962904e-09	1.622538547962904e-09	1.622538547962904e-09	9.999999974752427e-07	0.3545212149620056	0.02059110254049301	0.010625112801790237	0.21123084425926208	0.02664199471473694	0.006121933460235596	9.999999974752427e-07	0.3018167018890381	0.006626579910516739	0.02059112675487995	0.3018167018890381	0.018646523356437683	-1.3278622645884752e-08	1.622538547962904e-09	0.1669045239686966	0.015181045979261398	9.999999974752427e-07	1.622538547962904e-09	1.622538547962904e-09	0.010238776914775372	1.622538547962904e-09	0.14026254415512085	0.2112308144569397	-1.3278622645884752e-08	1.622538547962904e-09	0.14026251435279846	0.024768434464931488	1.622538547962904e-09	1.622538547962904e-09	0.2112308144569397	-1.3278622645884752e-08	0.011363636702299118	6.912159733474255e-10	0.23242251574993134	-1.3278622645884752e-08	0.006100691854953766	0.29567742347717285	-1.3278622645884752e-08	-1.3278622645884752e-08	1.622538547962904e-09	0.09294700622558594	1.622538547962904e-09	0.06100180745124817	0.01366463303565979	1.622538547962904e-09	0.007563948631286621	0.011995955370366573	0.0061219558119773865	0.030612245202064514	0.00662657618522644	9.073119144886732e-09	-2.4010660126805305e-10	-1.3278622645884752e-08	-1.3278622645884752e-08	-1.3278622645884752e-08	9.999999974752427e-07	0.02793613076210022	0.010625114664435387	0.027522936463356018	0.007871739566326141	9.999999974752427e-07	1.622538547962904e-09	0.006626579910516739	0.14026251435279846	0.010101010091602802	0.09294699132442474	0.14026251435279846	0.29567742347717285	0.21123076975345612	-1.3278622645884752e-08	0.013964534737169743	0.011995954439043999	0.0061219483613967896	0.10661163181066513	1.622538547962904e-09	0.02664199471473694	0.2191026210784912	0.061001840978860855	1.622538547962904e-09	0.013319892808794975	0.0061219483613967896	1.622538547962904e-09	0.10661161690950394	9.999999974752427e-07	-1.3278622645884752e-08	1.622538547962904e-09	1.622538547962904e-09	-2.4010660126805305e-10	1.622538547962904e-09	9.999999974752427e-07	1.622538547962904e-09	0.015181045979261398	1.622538547962904e-09	6.912159733474255e-10	0.010238775983452797	0.007871739566326141	0.006139293313026428	1.622538547962904e-09	1.622538547962904e-09	1.622538547962904e-09	0.36081427335739136	0.07295437157154083	0.008505983278155327	0.2816368341445923	0.009365733712911606	0.026101619005203247	-1.3278622645884752e-08	0.3097529113292694	8.000001798791345e-07	0.07295437157154083	0.3097529113292694	-1.3278622645884752e-08	2.255546860396862e-10	-5.828042048960924e-09	0.22092559933662415	0.024959862232208252	-1.3278622645884752e-08	1.622538547962904e-09	1.622538547962904e-09	-1.3278622645884752e-08	9.999999974752427e-07	0.21155986189842224	0.22092559933662415	2.255546860396862e-10	0.00917431153357029	0.1840570569038391	0.026101604104042053	1.622538547962904e-09	-5.828042048960924e-09	0.22092559933662415	1.622538547962904e-09	-1.3278622645884752e-08	0.008564595133066177	0.29866212606430054	1.622538547962904e-09	9.999999974752427e-07	0.2986621558666229	2.255546860396862e-10	2.255546860396862e-10	1.622538547962904e-09	0.1273503601551056	-5.828042048960924e-09	0.08163265138864517	0.01516491174697876	0.008196720853447914	9.999999974752427e-07	-2.4010660126805305e-10	0.026101619005203247	0.07547169923782349	1.3999997463542968e-06	0.015599853359162807	0.01042632944881916	0.009330726228654385	0.018172089010477066	1.622538547962904e-09	1.622538547962904e-09	0.024959862232208252	0.028257330879569054	9.999999974752427e-07	0.008460648357868195	-1.3278622645884752e-08	9.999999974752427e-07	8.000001798791345e-07	0.14251525700092316	0.009365729987621307	0.1273503601551056	0.14251527190208435	0.29866212606430054	0.2816368341445923	0.00933072715997696	0.05747126415371895	-2.4010660126805305e-10	9.999999974752427e-07	0.14251521229743958	6.000000212225132e-07	0.009365737438201904	0.29009753465652466	0.1273503601551056	0.04308461770415306	-2.4010660126805305e-10	0.009282225742936134	1.622538547962904e-09	0.14251525700092316	9.999999974752427e-07	2.255546860396862e-10	0.027484744787216187	0.017241379246115685	0.009325018152594566	-5.828042048960924e-09	-1.3278622645884752e-08	0.015599831938743591	0.02495986968278885	-2.4010660126805305e-10	9.999999974752427e-07	-1.3278622645884752e-08	0.008460644632577896	0.011090757325291634	1.622538547962904e-09	1.622538547962904e-09	0.016819389536976814
1	-15547.466796875	-1	9	57	76	75	26	89	10	62	48	0	26	84	41	29	91	66	5	0	11	24	14	68	37	85	21	0	0	50	22	3	66	33	67	21	43	7	69	12	0	65	50	77	73	24	43	79	5	42	1	78	57	69	21	34	56	0	70	42	76	31	43	49	25	4	73	63	36	3	21	1	46	80	82	49	14	33	40	77	33	47	9	66	48	69	78	85	57	13	11	50	56	7	32	19	59	7	0	1	47	0.5437127947807312	0.086449034512043	0.010285336524248123	0.4145510792732239	0.012830331921577454	0.010498285293579102	0.010526316240429878	0.4251323938369751	9.999999974752427e-07	0.08644905686378479	0.44155386090278625	0.06554710865020752	9.999999974752427e-07	9.999999974752427e-07	0.4095746874809265	9.999999974752427e-07	0.005317971110343933	1.622538547962904e-09	1.622538547962904e-09	9.999999974752427e-07	0.02298850566148758	0.39674437046051025	0.4095746576786041	9.999999974752427e-07	0.03314200043678284	0.2897196114063263	0.07604538649320602	1.622538547962904e-09	9.999999974752427e-07	0.4095746576786041	0.0049764662981033325	1.622538547962904e-09	1.622538547962904e-09	0.4145510196685791	0.03333333507180214	-1.3278622645884752e-08	0.42513248324394226	9.999999974752427e-07	9.999999974752427e-07	1.622538547962904e-09	0.22580645978450775	0.012048192322254181	0.1361638456583023	-1.3278622645884752e-08	9.999999974752427e-07	-1.3278622645884752e-08	1.622538547962904e-09	0.010498279705643654	0.1361638605594635	0.03056780993938446	0.02411612868309021	1.622538547962904e-09	0.008196720853447914	0.010869565419852734	9.999999974752427e-07	0.010526316240429878	0.026113219559192657	0.019338728860020638	-2.4010660126805305e-10	-1.3278622645884752e-08	1.622538547962904e-09	-1.3278622645884752e-08	0.030567795038223267	0.2705919146537781	9.999999974752427e-07	0.26527389883995056	0.2705919146537781	0.4251324534416199	0.40957462787628174	0.030927833169698715	0.0558813214302063	1.622538547962904e-09	0.010498277842998505	0.2652738690376282	-1.3278622645884752e-08	0.012830331921577454	0.4145510792732239	0.22250455617904663	0.08634074777364731	1.622538547962904e-09	0.010498279705643654	1.622538547962904e-09	0.26527389883995056	0.036036036908626556	0.009900989942252636	0.062224678695201874	0.029082641005516052	0.009053405374288559	9.999999974752427e-07	0.012195121496915817	9.999999974752427e-07	0.008547008968889713	-1.3278622645884752e-08	1.622538547962904e-09	9.999999974752427e-07	-1.3278622645884752e-08	-1.3278622645884752e-08	1.622538547962904e-09	1.622538547962904e-09	1.622538547962904e-09	0.42310065031051636	0.04496558755636215	0.010405872948467731	0.2722354531288147	0.010044899769127369	0.021052632480859756	9.999999974752427e-07	0.31625205278396606	0.018691588193178177	0.05226296931505203	0.31625205278396606	0.01785714365541935	0.010989011265337467	1.622538547962904e-09	0.2722354531288147	9.999999974752427e-07	1.622538547962904e-09	0.019417475908994675	1.622538547962904e-09	9.999999974752427e-07	6.666664376098197e-07	0.2291666716337204	0.2722354531288147	9.999999974752427e-07	1.3333333299669903e-06	0.18190434575080872	0.09699181467294693	1.622538547962904e-09	0.007851261645555496	0.2722354531288147	1.622538547962904e-09	1.622538547962904e-09	0.010638297535479069	0.31625205278396606	9.999999974752427e-07	-7.275957614183426e-12	0.31625205278396606	0.010526316240429878	0.009009009227156639	1.622538547962904e-09	0.10256186872720718	1.622538547962904e-09	0.0606570690870285	0.008510754443705082	6.666664376098197e-07	-7.275957614183426e-12	9.999999974752427e-07	1.3999997463542968e-06	0.05226297676563263	0.03455972298979759	0.022432181984186172	2.255546860396862e-10	9.999999974752427e-07	9.999999974752427e-07	9.999999974752427e-07	0.008264463394880295	0.009856685996055603	0.010405872017145157	0.008394092321395874	1.622538547962904e-09	1.622538547962904e-09	0.008510754443705082	0.03455972298979759	0.18190431594848633	0.010044899769127369	0.11764705926179886	0.18190434575080872	0.31625205278396606	0.2722354531288147	0.042105261236429214	0.010405872017145157	9.999999974752427e-07	8.000001798791345e-07	0.18190434575080872	1.622538547962904e-09	0.010044898837804794	0.2722354531288147	0.10256189852952957	0.04190482199192047	9.999999974752427e-07	8.000001798791345e-07	0.007297389209270477	0.18190434575080872	1.622538547962904e-09	0.016949152573943138	0.019472626969218254	9.999999974752427e-07	2.255546860396862e-10	1.622538547962904e-09	0.011627906933426857	0.014580931514501572	9.999999974752427e-07	1.622538547962904e-09	9.999999974752427e-07	9.999999974752427e-07	1.622538547962904e-09	1.622538547962904e-09	1.622538547962904e-09	-2.4010660126805305e-10	6.000000212225132e-07	0.4494662880897522	0.08000115305185318	9.999999974752427e-07	0.3330483138561249	-1.3278622645884752e-08	0.03483249247074127	9.999999974752427e-07	0.386263370513916	0.009220771491527557	0.08756303787231445	0.38626334071159363	0.013322077691555023	-1.3278622645884752e-08	9.999999974752427e-07	0.2947915494441986	9.999999974752427e-07	0.029411764815449715	9.999999974752427e-07	-1.3278622645884752e-08	0.008118398487567902	0.010526316240429878	0.2947915494441986	0.2947915196418762	-1.3278622645884752e-08	0.01075268816202879	0.2947915196418762	0.04815460741519928	-1.3278622645884752e-08	0.02777777798473835	0.2947915494441986	0.019186578691005707	9.999999974752427e-07	0.008000463247299194	0.38626325130462646	-1.3278622645884752e-08	1.622538547962904e-09	0.38626331090927124	-1.3278622645884752e-08	-1.3278622645884752e-08	-1.3278622645884752e-08	0.1528805047273636	9.999999974752427e-07	0.08756301552057266	0.009048528037965298	9.999999974752427e-07	1.622538547962904e-09	0.009130984544754028	0.02860131859779358	0.08756303787231445	0.009220770560204983	0.04123711213469505	9.999999974752427e-07	-1.3278622645884752e-08	-1.3278622645884752e-08	-1.3278622645884752e-08	0.008003763854503632	0.015048369765281677	0.029999999329447746	1.622538547962904e-09	0.00909090880304575	9.999999974752427e-07	0.009048528969287872	0.009220771491527557	0.2947915196418762	-1.3278622645884752e-08	0.15288051962852478	0.2499999850988388	0.38626334071159363	0.31386175751686096	-1.3278622645884752e-08	0.032608695328235626	0.009130991995334625	9.999999974752427e-07	0.16192904114723206	-2.4010660126805305e-10	-1.3278622645884752e-08	0.36913180351257324	0.1528804898262024	0.06531748175621033	0.009130977094173431	0.028601333498954773	0.00756189227104187	0.16814157366752625	1.622538547962904e-09	-1.3278622645884752e-08	0.021052632480859756	0.009900989942252636	0.027272727340459824	9.999999974752427e-07	0.005203664302825928	0.008620689623057842	0.007044591009616852	-1.3278622645884752e-08	0.008000463247299194	0.008118398487567902	9.999999974752427e-07	-1.3278622645884752e-08	-1.3278622645884752e-08	9.999999974752427e-07	1.622538547962904e-09	0.4417252242565155	0.024390242993831635	9.999999974752427e-07	0.30527326464653015	0.010416666977107525	0.014637134969234467	9.999999974752427e-07	0.3760969042778015	9.999999974752427e-07	0.04878048598766327	0.3760969042778015	0.05099133402109146	9.999999974752427e-07	0.008882244117558002	0.30527329444885254	1.622538547962904e-09	1.622538547962904e-09	1.622538547962904e-09	1.622538547962904e-09	0.030414395034313202	0.012048192322254181	0.29318323731422424	0.30527329444885254	9.999999974752427e-07	0.017391303554177284	0.2670987844467163	0.06562843918800354	1.622538547962904e-09	0.010416666977107525	0.30527329444885254	1.622538547962904e-09	1.622538547962904e-09	1.622538547962904e-09	0.30527329444885254	1.622538547962904e-09	0.010526316240429878	0.3760969042778015	9.999999974752427e-07	9.999999974752427e-07	1.622538547962904e-09	0.14387741684913635	0.025641024112701416	0.07431011646986008	0.032608695328235626	9.999999974752427e-07	0.009615384973585606	1.622538547962904e-09	0.014637134969234467	0.07431010156869888	0.010309278033673763	0.04452749714255333	0.009433962404727936	9.999999974752427e-07	1.622538547962904e-09	1.622538547962904e-09	1.622538547962904e-09	1.622538547962904e-09	0.009569531306624413	1.622538547962904e-09	1.622538547962904e-09	1.622538547962904e-09	0.01123595517128706	9.999999974752427e-07	0.20471768081188202	9.999999974752427e-07	0.14387744665145874	0.2047176957130432	0.3052733242511749	0.30527329444885254	0.026084452867507935	0.009569531306624413	1.622538547962904e-09	0.010101010091602802	0.204717755317688	0.010204081423580647	0.010989011265337467	0.30527329444885254	0.14387741684913635	0.06956726312637329	1.622538547962904e-09	0.01463712751865387	9.999999974752427e-07	0.20471777021884918	0.009803921915590763	9.999999974752427e-07	0.02503982186317444	9.999999974752427e-07	9.999999974752427e-07	0.008882243186235428	0.020576931536197662	9.999999974752427e-07	1.622538547962904e-09	1.622538547962904e-09	1.622538547962904e-09	9.999999974752427e-07	1.622538547962904e-09	1.622538547962904e-09	1.622538547962904e-09	9.999999974752427e-07	1.622538547962904e-09	0.3537144362926483	0.026411600410938263	4.2857209336943924e-07	0.20192477107048035	1.622538547962904e-09	0.027027027681469917	-7.275957614183426e-12	0.28152182698249817	1.622538547962904e-09	0.026411592960357666	0.2815217971801758	0.010256588459014893	9.999999974752427e-07	1.622538547962904e-09	0.20192477107048035	9.999999974752427e-07	1.622538547962904e-09	9.999999974752427e-07	1.622538547962904e-09	0.010256589390337467	1.622538547962904e-09	0.20192474126815796	0.20192478597164154	1.622538547962904e-09	1.622538547962904e-09	0.16246558725833893	0.05873368680477142	1.622538547962904e-09	0.027633346617221832	0.20192477107048035	-1.3278622645884752e-08	1.622538547962904e-09	-1.3278622645884752e-08	0.20192483067512512	0.008206691592931747	9.999999974752427e-07	0.2740027904510498	1.622538547962904e-09	9.999999974752427e-07	1.622538547962904e-09	0.057034820318222046	1.622538547962904e-09	0.02641156315803528	0.03179077059030533	1.622538547962904e-09	9.999999974752427e-07	-1.3278622645884752e-08	0.009401541203260422	0.026411592960357666	0.009916093200445175	0.02763335406780243	4.2857209336943924e-07	1.622538547962904e-09	0.013445600867271423	0.008206691592931747	9.999999974752427e-07	0.013458997011184692	1.2857158253609668e-06	-1.3278622645884752e-08	-1.3278622645884752e-08	1.622538547962904e-09	9.999999974752427e-07	1.622538547962904e-09	0.16246557235717773	1.622538547962904e-09	0.05703481286764145	0.1057061031460762	0.2626262605190277	0.20192477107048035	0.01780684106051922	1.2857121873821598e-06	-1.3278622645884752e-08	9.999999974752427e-07	0.08882559835910797	0.009916089475154877	1.622538547962904e-09	0.20192478597164154	0.05404491350054741	0.027633346617221832	-1.3278622645884752e-08	0.009401543065905571	1.622538547962904e-09	0.1057060956954956	-1.3278622645884752e-08	0.017806850373744965	1.622538547962904e-09	1.622538547962904e-09	4.2857209336943924e-07	1.622538547962904e-09	-7.275957614183426e-12	1.622538547962904e-09	9.999999974752427e-07	1.622538547962904e-09	-1.3278622645884752e-08	9.999999974752427e-07	-1.3278622645884752e-08	0.007519088685512543	1.622538547962904e-09	9.999999974752427e-07	2.255546860396862e-10	0.5330700874328613	0.005072504281997681	5.000001692678779e-07	0.3791336119174957	0.015137091279029846	0.04571787267923355	9.999999974752427e-07	0.4731714725494385	1.622538547962904e-09	0.08930285274982452	0.4731714725494385	0.014180600643157959	0.010177051648497581	9.999999974752427e-07	0.2838803231716156	-1.3278622645884752e-08	1.622538547962904e-09	0.00942906178534031	-1.3278622645884752e-08	0.007485568523406982	9.999999974752427e-07	0.26874327659606934	0.3461630642414093	0.011049933731555939	0.012431889772415161	0.21618442237377167	0.05989852547645569	-1.3278622645884752e-08	1.622538547962904e-09	0.2838802933692932	0.030927835032343864	0.04472164809703827	-1.3278622645884752e-08	0.3934500813484192	1.622538547962904e-09	-1.3278622645884752e-08	0.3934501111507416	0.011049933731555939	0.010177051648497581	-1.3278622645884752e-08	0.16346153616905212	0.04000956937670708	0.08930283039808273	-1.3278622645884752e-08	0.010416666977107525	-1.3278622645884752e-08	0.014316469430923462	0.03628882020711899	0.08930286765098572	1.622538547962904e-09	0.04780600965023041	5.000001692678779e-07	0.028037382289767265	1.622538547962904e-09	1.622538547962904e-09	-1.3278622645884752e-08	-1.3278622645884752e-08	1.5000005078036338e-06	1.622538547962904e-09	-1.3278622645884752e-08	9.999999974752427e-07	-1.3278622645884752e-08	1.622538547962904e-09	0.21618442237377167	0.015137091279029846	0.171462744474411	0.21618443727493286	0.3934501111507416	0.3461630642414093	0.05255880951881409	0.005072474479675293	9.999999974752427e-07	0.02286946028470993	0.1714627593755722	1.622538547962904e-09	0.015137076377868652	0.37913358211517334	0.14954078197479248	0.06023794412612915	0.014316476881504059	0.02286946028470993	0.008695651777088642	0.1714627593755722	1.622538547962904e-09	0.010177051648497581	0.012431882321834564	1.622538547962904e-09	5.000001692678779e-07	9.999999974752427e-07	0.006695017218589783	0.007796447724103928	-1.3278622645884752e-08	0.030927835032343864	-1.3278622645884752e-08	0.007485572248697281	-1.3278622645884752e-08	0.02777777798473835	-1.3278622645884752e-08	1.622538547962904e-09	0.008695651777088642	0.3669218420982361	0.04854368790984154	5.000001692678779e-07	0.19233903288841248	1.622538547962904e-09	0.021178677678108215	0.01907866820693016	0.26595741510391235	9.999999974752427e-07	0.0752153992652893	0.2984440326690674	0.01907867193222046	9.999999974752427e-07	0.010416666977107525	0.19233903288841248	0.010324249044060707	0.007624365389347076	1.622538547962904e-09	1.622538547962904e-09	1.622538547962904e-09	9.999999974752427e-07	0.19233901798725128	0.19233904778957367	1.622538547962904e-09	0.026356376707553864	0.16347560286521912	0.04025731980800629	1.622538547962904e-09	1.622538547962904e-09	0.19233901798725128	1.622538547962904e-09	0.015332028269767761	0.0117647061124444	0.24910278618335724	0.01778506115078926	-1.3278622645884752e-08	0.24910277128219604	1.622538547962904e-09	9.999999974752427e-07	1.622538547962904e-09	0.1170303225517273	0.015458554029464722	0.0752154290676117	-1.3278622645884752e-08	0.00909090880304575	-1.3278622645884752e-08	0.009573204442858696	0.02117867022752762	0.0752154216170311	0.018691588193178177	0.015458546578884125	5.000001692678779e-07	0.005539216101169586	1.622538547962904e-09	0.01778506115078926	9.999999974752427e-07	0.02822047472000122	1.5000005078036338e-06	1.622538547962904e-09	9.999999974752427e-07	9.999999974752427e-07	-1.3278622645884752e-08	9.999999974752427e-07	0.16347560286521912	1.622538547962904e-09	0.14051920175552368	0.16347560286521912	0.24910280108451843	0.19233901798725128	0.011078406125307083	0.010101010091602802	0.009573204442858696	0.009177442640066147	0.14051921665668488	0.008695651777088642	1.622538547962904e-09	0.2222222089767456	0.11703035235404968	0.04181492328643799	0.011904762126505375	0.009177440777420998	0.010869565419852734	0.14051920175552368	-1.3278622645884752e-08	0.005539216101169586	0.026356376707553864	1.622538547962904e-09	5.000001692678779e-07	0.009999999776482582	0.01907867006957531	1.622538547962904e-09	0.010324249044060707	9.999999974752427e-07	9.999999974752427e-07	1.622538547962904e-09	9.999999974752427e-07	9.999999974752427e-07	1.622538547962904e-09	9.999999974752427e-07	0.012001216411590576	0.43699368834495544	0.058262765407562256	9.999999974752427e-07	0.2679571807384491	9.999999974752427e-07	0.04900255799293518	1.622538547962904e-09	0.3783048689365387	0.009493403136730194	0.06596281379461288	0.3783048391342163	1.622538547962904e-09	9.999999974752427e-07	0.01123595517128706	0.2679571509361267	-2.4010660126805305e-10	1.622538547962904e-09	-1.3278622645884752e-08	1.622538547962904e-09	1.622538547962904e-09	6.666664376098197e-07	0.2545320391654968	0.2679571807384491	0.010989011265337467	1.3333333299669903e-06	0.20756609737873077	0.04900254309177399	1.622538547962904e-09	0.005720064043998718	0.2679571509361267	1.622538547962904e-09	0.01575428992509842	0.010256932117044926	0.3783048391342163	0.01601792871952057	-2.4010660126805305e-10	0.3783048689365387	0.019911106675863266	9.999999974752427e-07	1.622538547962904e-09	0.15682575106620789	0.013005435466766357	0.11561179161071777	0.018151968717575073	6.666664376098197e-07	0.018151968717575073	0.010526316240429878	0.04900252819061279	0.06741572916507721	0.03269493207335472	0.01872549019753933	0.00909090880304575	-2.4010660126805305e-10	1.622538547962904e-09	0.00917431153357029	0.00968625582754612	0.00968625396490097	0.025567827746272087	9.999999974752427e-07	0.043478261679410934	0.01575428806245327	-2.4010660126805305e-10	0.009493403136730194	0.20756608247756958	9.999999974752427e-07	0.1568257212638855	0.20756609737873077	0.3783048689365387	0.2679571509361267	0.030948016792535782	0.025567831471562386	9.999999974752427e-07	9.999999974752427e-07	0.17497770488262177	0.009708737954497337	0.00909090880304575	0.31831997632980347	0.15682578086853027	0.04121394455432892	0.04972796142101288	0.010204081423580647	0.007700011134147644	0.19181180000305176	9.999999974752427e-07	0.011036906391382217	0.022488445043563843	0.016806723549962044	9.999999974752427e-07	0.009615384973585606	1.622538547962904e-09	1.622538547962904e-09	-2.4010660126805305e-10	1.622538547962904e-09	9.999999974752427e-07	1.622538547962904e-09	0.009803921915590763	1.622538547962904e-09	1.622538547962904e-09	1.622538547962904e-09	9.999999974752427e-07	0.3545213043689728	0.020591119304299355	0.010625112801790237	0.21123084425926208	0.02664199471473694	0.0061219222843647	9.999999974752427e-07	0.3018166422843933	0.006626587361097336	0.020591096952557564	0.3018166720867157	0.01864650845527649	-1.3278622645884752e-08	1.622538547962904e-09	0.1669045239686966	0.015181045979261398	9.999999974752427e-07	1.622538547962904e-09	1.622538547962904e-09	0.010238776914775372	1.622538547962904e-09	0.14026254415512085	0.2112308144569397	-1.3278622645884752e-08	1.622538547962904e-09	0.14026251435279846	0.024768419563770294	1.622538547962904e-09	1.622538547962904e-09	0.2112308144569397	-1.3278622645884752e-08	0.011363636702299118	6.912159733474255e-10	0.23242251574993134	-1.3278622645884752e-08	0.006100691854953766	0.29567739367485046	-1.3278622645884752e-08	-1.3278622645884752e-08	1.622538547962904e-09	0.09294700622558594	1.622538547962904e-09	0.06100180745124817	0.01366463303565979	1.622538547962904e-09	0.007563948631286621	0.011995955370366573	0.0061219483613967896	0.030612245202064514	0.00662657618522644	9.073119144886732e-09	-2.4010660126805305e-10	-1.3278622645884752e-08	-1.3278622645884752e-08	-1.3278622645884752e-08	9.999999974752427e-07	0.027936100959777832	0.010625114664435387	0.027522936463356018	0.007871739566326141	9.999999974752427e-07	1.622538547962904e-09	0.006626587361097336	0.14026251435279846	0.010101010091602802	0.09294699132442474	0.14026251435279846	0.29567742347717285	0.21123076975345612	-1.3278622645884752e-08	0.013964549638330936	0.011995954439043999	0.0061219483613967896	0.10661163181066513	1.622538547962904e-09	0.02664199471473694	0.2191026210784912	0.061001840978860855	1.622538547962904e-09	0.013319892808794975	0.0061219483613967896	1.622538547962904e-09	0.10661161690950394	9.999999974752427e-07	-1.3278622645884752e-08	1.622538547962904e-09	1.622538547962904e-09	-2.4010660126805305e-10	1.622538547962904e-09	9.999999974752427e-07	1.622538547962904e-09	0.015181045979261398	1.622538547962904e-09	6.912159733474255e-10	0.010238775983452797	0.007871739566326141	0.006139293313026428	1.622538547962904e-09	1.622538547962904e-09	1.622538547962904e-09	0.36081427335739136	0.07295437157154083	0.008505983278155327	0.2816368341445923	0.009365733712911606	0.026101619005203247	-1.3278622645884752e-08	0.3097529113292694	8.000001798791345e-07	0.07295437157154083	0.3097529113292694	-1.3278622645884752e-08	2.255546860396862e-10	-5.828042048960924e-09	0.22092559933662415	0.024959877133369446	-1.3278622645884752e-08	1.622538547962904e-09	1.622538547962904e-09	-1.3278622645884752e-08	9.999999974752427e-07	0.21155986189842224	0.22092559933662415	2.255546860396862e-10	0.00917431153357029	0.1840570569038391	0.026101604104042053	1.622538547962904e-09	-5.828042048960924e-09	0.22092559933662415	1.622538547962904e-09	-1.3278622645884752e-08	0.008564604446291924	0.2986621558666229	1.622538547962904e-09	9.999999974752427e-07	0.2986621558666229	2.255546860396862e-10	2.255546860396862e-10	1.622538547962904e-09	0.1273503601551056	-5.828042048960924e-09	0.08163265138864517	0.01516491174697876	0.008196720853447914	9.999999974752427e-07	-2.4010660126805305e-10	0.026101619005203247	0.07547169923782349	1.3999997463542968e-06	0.015599853359162807	0.01042632944881916	0.009330726228654385	0.018172089010477066	1.622538547962904e-09	1.622538547962904e-09	0.024959877133369446	0.028257330879569054	9.999999974752427e-07	0.008460652083158493	-1.3278622645884752e-08	9.999999974752427e-07	8.000001798791345e-07	0.14251525700092316	0.009365729987621307	0.1273503601551056	0.14251527190208435	0.2986621558666229	0.2816368341445923	0.00933072715997696	0.05747126415371895	-2.4010660126805305e-10	9.999999974752427e-07	0.14251521229743958	6.000000212225132e-07	0.009365737438201904	0.29009753465652466	0.1273503601551056	0.04308461770415306	-2.4010660126805305e-10	0.009282229468226433	1.622538547962904e-09	0.14251525700092316	9.999999974752427e-07	2.255546860396862e-10	0.027484744787216187	0.017241379246115685	0.009325018152594566	-5.828042048960924e-09	-1.3278622645884752e-08	0.015599831938743591	0.02495986968278885	-2.4010660126805305e-10	9.999999974752427e-07	-1.3278622645884752e-08	0.008460652083158493	0.011090751737356186	1.622538547962904e-09	9.999999974752427e-07	0.016819393262267113
2	-15547.466796875	-1	9	57	76	75	26	89	10	62	48	0	26	84	41	29	91	66	5	0	11	24	14	68	37	85	21	0	0	50	22	3	66	33	67	21	43	7	69	12	0	65	50	77	73	24	43	79	5	42	1	78	57	69	21	34	56	0	70	42	76	31	43	49	25	4	73	63	36	3	21	1	46	80	82	49	14	33	40	77	33	47	9	66	48	69	78	85	57	13	11	50	56	7	32	19	59	7	0	2	47	0.5437127947807312	0.08644906431436539	0.010285336524248123	0.4145510792732239	0.012830331921577454	0.010498285293579102	0.010526316240429878	0.4251323938369751	9.999999974752427e-07	0.08644905686378479	0.44155386090278625	0.06554710865020752	9.999999974752427e-07	9.999999974752427e-07	0.4095746874809265	9.999999974752427e-07	0.005317971110343933	1.622538547962904e-09	1.622538547962904e-09	9.999999974752427e-07	0.02298850566148758	0.39674437046051025	0.4095746576786041	9.999999974752427e-07	0.03314200043678284	0.2897196114063263	0.07604538649320602	1.622538547962904e-09	9.999999974752427e-07	0.4095746576786041	0.0049764662981033325	1.622538547962904e-09	1.622538547962904e-09	0.4145510196685791	0.03333333507180214	-1.3278622645884752e-08	0.42513248324394226	9.999999974752427e-07	9.999999974752427e-07	1.622538547962904e-09	0.22580645978450775	0.012048192322254181	0.1361638456583023	-1.3278622645884752e-08	9.999999974752427e-07	-1.3278622645884752e-08	1.622538547962904e-09	0.010498279705643654	0.1361638605594635	0.030567780137062073	0.02411612868309021	1.622538547962904e-09	0.008196720853447914	0.010869565419852734	9.999999974752427e-07	0.010526316240429878	0.026113219559192657	0.019338728860020638	-2.4010660126805305e-10	-1.3278622645884752e-08	1.622538547962904e-09	-1.3278622645884752e-08	0.030567795038223267	0.2705919146537781	9.999999974752427e-07	0.26527389883995056	0.2705919146537781	0.4251324534416199	0.40957462787628174	0.030927833169698715	0.05588129162788391	1.622538547962904e-09	0.010498277842998505	0.2652738690376282	-1.3278622645884752e-08	0.012830331921577454	0.4145510792732239	0.22250455617904663	0.08634074777364731	1.622538547962904e-09	0.010498279705643654	1.622538547962904e-09	0.26527389883995056	0.036036036908626556	0.009900989942252636	0.062224678695201874	0.029082641005516052	0.009053405374288559	9.999999974752427e-07	0.012195121496915817	9.999999974752427e-07	0.008547008968889713	-1.3278622645884752e-08	1.622538547962904e-09	9.999999974752427e-07	-1.3278622645884752e-08	-1.3278622645884752e-08	1.622538547962904e-09	9.999999974752427e-07	1.622538547962904e-09	0.4231007397174835	0.04496558755636215	0.010405869223177433	0.2722354531288147	0.010044899769127369	0.021052632480859756	9.999999974752427e-07	0.31625208258628845	0.018691588193178177	0.05226296931505203	0.31625211238861084	0.01785714365541935	0.010989011265337467	1.622538547962904e-09	0.2722354531288147	9.999999974752427e-07	1.622538547962904e-09	0.019417475908994675	1.622538547962904e-09	9.999999974752427e-07	6.666664376098197e-07	0.2291666716337204	0.2722354531288147	9.999999974752427e-07	1.3333333299669903e-06	0.1819043606519699	0.09699182957410812	1.622538547962904e-09	0.0078512541949749	0.2722354531288147	1.622538547962904e-09	1.622538547962904e-09	0.010638297535479069	0.31625205278396606	9.999999974752427e-07	-7.275957614183426e-12	0.31625205278396606	0.010526316240429878	0.009009009227156639	1.622538547962904e-09	0.10256187617778778	1.622538547962904e-09	0.0606570690870285	0.008510754443705082	6.666664376098197e-07	-7.275957614183426e-12	9.999999974752427e-07	1.3999997463542968e-06	0.05226297304034233	0.034559715539216995	0.022432174533605576	2.255546860396862e-10	9.999999974752427e-07	9.999999974752427e-07	9.999999974752427e-07	0.008264463394880295	0.009856700897216797	0.010405868291854858	0.008394084870815277	1.622538547962904e-09	1.622538547962904e-09	0.008510754443705082	0.034559715539216995	0.18190431594848633	0.010044899769127369	0.11764705926179886	0.18190434575080872	0.31625205278396606	0.2722354531288147	0.042105261236429214	0.010405870154500008	9.999999974752427e-07	8.000001798791345e-07	0.18190434575080872	1.622538547962904e-09	0.010044898837804794	0.2722354531288147	0.10256189107894897	0.04190482199192047	9.999999974752427e-07	8.000001798791345e-07	0.00729738175868988	0.18190434575080872	1.622538547962904e-09	0.016949152573943138	0.01947261206805706	9.999999974752427e-07	2.255546860396862e-10	1.622538547962904e-09	0.011627906933426857	0.014580924063920975	9.999999974752427e-07	1.622538547962904e-09	9.999999974752427e-07	9.999999974752427e-07	1.622538547962904e-09	1.622538547962904e-09	1.622538547962904e-09	9.999999974752427e-07	6.000000212225132e-07	0.4494662880897522	0.08000115305185318	9.999999974752427e-07	0.3330483138561249	-1.3278622645884752e-08	0.03483249247074127	9.999999974752427e-07	0.386263370513916	0.009220771491527557	0.08756303787231445	0.38626334071159363	0.013322077691555023	-1.3278622645884752e-08	9.999999974752427e-07	0.2947915494441986	9.999999974752427e-07	0.029411764815449715	9.999999974752427e-07	-1.3278622645884752e-08	0.008118398487567902	0.010526316240429878	0.2947915494441986	0.2947915196418762	-1.3278622645884752e-08	0.01075268816202879	0.2947915196418762	0.04815460741519928	-1.3278622645884752e-08	0.02777777798473835	0.2947915494441986	0.019186578691005707	9.999999974752427e-07	0.008000463247299194	0.38626325130462646	-1.3278622645884752e-08	1.622538547962904e-09	0.38626331090927124	-1.3278622645884752e-08	-1.3278622645884752e-08	-1.3278622645884752e-08	0.1528805047273636	9.999999974752427e-07	0.08756301552057266	0.009048528037965298	9.999999974752427e-07	1.622538547962904e-09	0.009130984544754028	0.02860131859779358	0.08756303787231445	0.009220770560204983	0.04123711213469505	9.999999974752427e-07	-1.3278622645884752e-08	-1.3278622645884752e-08	-1.3278622645884752e-08	0.008003763854503632	0.015048369765281677	0.029999999329447746	1.622538547962904e-09	0.00909090880304575	9.999999974752427e-07	0.009048528969287872	0.009220771491527557	0.2947915196418762	-1.3278622645884752e-08	0.15288051962852478	0.2499999850988388	0.38626334071159363	0.31386175751686096	-1.3278622645884752e-08	0.032608695328235626	0.009130991995334625	9.999999974752427e-07	0.16192904114723206	-2.4010660126805305e-10	-1.3278622645884752e-08	0.36913180351257324	0.1528804898262024	0.06531748175621033	0.009130977094173431	0.028601333498954773	0.00756189227104187	0.16814157366752625	1.622538547962904e-09	-1.3278622645884752e-08	0.021052632480859756	0.009900989942252636	0.027272727340459824	9.999999974752427e-07	0.005203664302825928	0.008620689623057842	0.007044591009616852	-1.3278622645884752e-08	0.008000463247299194	0.008118398487567902	9.999999974752427e-07	-1.3278622645884752e-08	-1.3278622645884752e-08	9.999999974752427e-07	1.622538547962904e-09	0.4417252242565155	0.024390242993831635	9.999999974752427e-07	0.30527326464653015	0.010416666977107525	0.014637134969234467	9.999999974752427e-07	0.3760969042778015	9.999999974752427e-07	0.04878048598766327	0.3760969042778015	0.05099133402109146	9.999999974752427e-07	0.008882244117558002	0.30527329444885254	1.622538547962904e-09	1.622538547962904e-09	1.622538547962904e-09	1.622538547962904e-09	0.030414395034313202	0.012048192322254181	0.29318323731422424	0.30527329444885254	9.999999974752427e-07	0.017391303554177284	0.2670987844467163	0.06562843918800354	1.622538547962904e-09	0.010416666977107525	0.30527329444885254	1.622538547962904e-09	1.622538547962904e-09	1.622538547962904e-09	0.30527329444885254	1.622538547962904e-09	0.010526316240429878	0.3760969042778015	9.999999974752427e-07	9.999999974752427e-07	1.622538547962904e-09	0.14387741684913635	0.025641024112701416	0.07431011646986008	0.032608695328235626	9.999999974752427e-07	0.009615384973585606	1.622538547962904e-09	0.014637134969234467	0.07431010156869888	0.010309278033673763	0.04452749714255333	0.009433962404727936	9.999999974752427e-07	1.622538547962904e-09	1.622538547962904e-09	1.622538547962904e-09	1.622538547962904e-09	0.009569531306624413	1.622538547962904e-09	1.622538547962904e-09	1.622538547962904e-09	0.01123595517128706	9.999999974752427e-07	0.20471768081188202	9.999999974752427e-07	0.14387744665145874	0.2047176957130432	0.3052733242511749	0.30527329444885254	0.026084452867507935	0.009569531306624413	1.622538547962904e-09	0.010101010091602802	0.204717755317688	0.010204081423580647	0.010989011265337467	0.30527329444885254	0.14387741684913635	0.06956726312637329	1.622538547962904e-09	0.01463712751865387	9.999999974752427e-07	0.20471777021884918	0.009803921915590763	9.999999974752427e-07	0.02503982186317444	9.999999974752427e-07	9.999999974752427e-07	0.008882243186235428	0.020576931536197662	9.999999974752427e-07	1.622538547962904e-09	1.622538547962904e-09	1.622538547962904e-09	9.999999974752427e-07	1.622538547962904e-09	1.622538547962904e-09	1.622538547962904e-09	9.999999974752427e-07	1.622538547962904e-09	0.3537144362926483	0.026411600410938263	6.666664376098197e-07	0.20192477107048035	1.622538547962904e-09	0.027027027681469917	-7.275957614183426e-12	0.28152182698249817	1.622538547962904e-09	0.026411622762680054	0.2815217971801758	0.010256588459014893	9.999999974752427e-07	1.622538547962904e-09	0.20192477107048035	9.999999974752427e-07	1.622538547962904e-09	9.999999974752427e-07	1.622538547962904e-09	0.010256589390337467	1.622538547962904e-09	0.20192474126815796	0.20192478597164154	1.622538547962904e-09	1.622538547962904e-09	0.16246558725833893	0.05873368680477142	1.622538547962904e-09	0.027633339166641235	0.20192477107048035	-1.3278622645884752e-08	1.622538547962904e-09	-1.3278622645884752e-08	0.20192483067512512	0.008206691592931747	9.999999974752427e-07	0.2740027904510498	1.622538547962904e-09	9.999999974752427e-07	1.622538547962904e-09	0.05703481286764145	1.622538547962904e-09	0.02641153335571289	0.03179077059030533	1.622538547962904e-09	9.999999974752427e-07	-1.3278622645884752e-08	0.009401541203260422	0.026411622762680054	0.009916093200445175	0.027633339166641235	3.333334461785853e-07	1.622538547962904e-09	0.013445600867271423	0.008206691592931747	9.999999974752427e-07	0.013458997011184692	1.3333333299669903e-06	-1.3278622645884752e-08	-1.3278622645884752e-08	1.622538547962904e-09	9.999999974752427e-07	1.622538547962904e-09	0.16246557235717773	1.622538547962904e-09	0.05703481659293175	0.10570608824491501	0.2626262605190277	0.20192477107048035	0.01780684106051922	1.3333333299669903e-06	-1.3278622645884752e-08	9.999999974752427e-07	0.08882559835910797	0.009916089475154877	1.622538547962904e-09	0.20192478597164154	0.05404491350054741	0.027633339166641235	-1.3278622645884752e-08	0.009401543065905571	1.622538547962904e-09	0.1057060956954956	-1.3278622645884752e-08	0.017806850373744965	1.622538547962904e-09	1.622538547962904e-09	3.333334461785853e-07	1.622538547962904e-09	-7.275957614183426e-12	1.622538547962904e-09	9.999999974752427e-07	1.622538547962904e-09	-1.3278622645884752e-08	9.999999974752427e-07	-1.3278622645884752e-08	0.007519088685512543	1.622538547962904e-09	6.666664376098197e-07	2.255546860396862e-10	0.5330701470375061	0.005072489380836487	7.142857612052467e-07	0.3791336119174957	0.015137098729610443	0.04571789503097534	9.999999974752427e-07	0.47317150235176086	1.622538547962904e-09	0.08930285274982452	0.47317150235176086	0.014180606231093407	0.010177051648497581	9.999999974752427e-07	0.283880352973938	-1.3278622645884752e-08	1.622538547962904e-09	0.009429067373275757	-1.3278622645884752e-08	0.007485583424568176	9.999999974752427e-07	0.2687433063983917	0.3461630940437317	0.011049933731555939	0.012431889772415161	0.21618443727493286	0.059898555278778076	-1.3278622645884752e-08	1.622538547962904e-09	0.2838802933692932	0.030927835032343864	0.04472166299819946	-1.3278622645884752e-08	0.39345017075538635	1.622538547962904e-09	-1.3278622645884752e-08	0.39345014095306396	0.011049933731555939	0.010177051648497581	-1.3278622645884752e-08	0.16346153616905212	0.04000958055257797	0.08930287510156631	-1.3278622645884752e-08	0.010416666977107525	-1.3278622645884752e-08	0.014316469430923462	0.036288827657699585	0.08930285274982452	1.622538547962904e-09	0.0478060245513916	4.2857209336943924e-07	0.028037382289767265	1.622538547962904e-09	1.622538547962904e-09	-1.3278622645884752e-08	-1.3278622645884752e-08	1.5714285837020725e-06	1.622538547962904e-09	-1.3278622645884752e-08	9.999999974752427e-07	-1.3278622645884752e-08	1.622538547962904e-09	0.21618443727493286	0.015137098729610443	0.171462744474411	0.21618443727493286	0.39345014095306396	0.3461630940437317	0.05255882441997528	0.005072489380836487	9.999999974752427e-07	0.02286946028470993	0.1714627593755722	1.622538547962904e-09	0.01513710618019104	0.37913358211517334	0.1495407670736313	0.06023794412612915	0.014316461980342865	0.02286946028470993	0.008695651777088642	0.1714627593755722	1.622538547962904e-09	0.010177051648497581	0.012431896291673183	1.622538547962904e-09	4.2857209336943924e-07	9.999999974752427e-07	0.0066950395703315735	0.007796458899974823	-1.3278622645884752e-08	0.030927835032343864	-1.3278622645884752e-08	0.007485583424568176	-1.3278622645884752e-08	0.02777777798473835	-1.3278622645884752e-08	7.142857612052467e-07	0.008695651777088642	0.3669218420982361	0.04854368790984154	7.142857612052467e-07	0.19233903288841248	1.622538547962904e-09	0.021178677678108215	0.01907866820693016	0.26595741510391235	9.999999974752427e-07	0.0752153992652893	0.2984440326690674	0.01907867193222046	9.999999974752427e-07	0.010416666977107525	0.19233903288841248	0.010324249044060707	0.007624365389347076	1.622538547962904e-09	1.622538547962904e-09	1.622538547962904e-09	9.999999974752427e-07	0.19233901798725128	0.19233904778957367	1.622538547962904e-09	0.026356376707553864	0.16347560286521912	0.04025731980800629	1.622538547962904e-09	1.622538547962904e-09	0.19233901798725128	1.622538547962904e-09	0.015332028269767761	0.0117647061124444	0.24910278618335724	0.01778506115078926	-1.3278622645884752e-08	0.24910277128219604	1.622538547962904e-09	9.999999974752427e-07	1.622538547962904e-09	0.1170303225517273	0.015458554029464722	0.0752154290676117	-1.3278622645884752e-08	0.00909090880304575	-1.3278622645884752e-08	0.009573204442858696	0.02117867022752762	0.0752154216170311	0.018691588193178177	0.015458546578884125	4.2857209336943924e-07	0.005539216101169586	1.622538547962904e-09	0.01778506115078926	9.999999974752427e-07	0.02822047472000122	1.5714285837020725e-06	1.622538547962904e-09	9.999999974752427e-07	9.999999974752427e-07	-1.3278622645884752e-08	9.999999974752427e-07	0.16347560286521912	1.622538547962904e-09	0.14051920175552368	0.16347560286521912	0.24910280108451843	0.19233901798725128	0.011078406125307083	0.010101010091602802	0.009573204442858696	0.009177442640066147	0.14051921665668488	0.008695651777088642	1.622538547962904e-09	0.2222222089767456	0.11703035235404968	0.04181492328643799	0.011904762126505375	0.009177440777420998	0.010869565419852734	0.14051920175552368	-1.3278622645884752e-08	0.005539216101169586	0.026356376707553864	1.622538547962904e-09	4.2857209336943924e-07	0.009999999776482582	0.01907867006957531	1.622538547962904e-09	0.010324249044060707	9.999999974752427e-07	9.999999974752427e-07	1.622538547962904e-09	9.999999974752427e-07	9.999999974752427e-07	1.622538547962904e-09	7.142857612052467e-07	0.012001216411590576	0.43699371814727783	0.05826278030872345	9.999999974752427e-07	0.2679571807384491	9.999999974752427e-07	0.04900254309177399	1.622538547962904e-09	0.3783048689365387	0.009493403136730194	0.06596280634403229	0.3783048391342163	1.622538547962904e-09	9.999999974752427e-07	0.01123595517128706	0.2679571509361267	-2.4010660126805305e-10	1.622538547962904e-09	-1.3278622645884752e-08	1.622538547962904e-09	1.622538547962904e-09	6.666664376098197e-07	0.2545320391654968	0.2679571509361267	0.010989011265337467	1.3333333299669903e-06	0.20756608247756958	0.04900255426764488	1.622538547962904e-09	0.005720056593418121	0.2679571509361267	1.622538547962904e-09	0.01575428992509842	0.010256931185722351	0.3783048391342163	0.01601792871952057	-2.4010660126805305e-10	0.3783048689365387	0.019911106675863266	9.999999974752427e-07	1.622538547962904e-09	0.1568257212638855	0.013005435466766357	0.11561180651187897	0.01815195381641388	6.666664376098197e-07	0.01815195381641388	0.010526316240429878	0.04900252819061279	0.06741572916507721	0.03269492834806442	0.018725495785474777	0.00909090880304575	-2.4010660126805305e-10	1.622538547962904e-09	0.00917431153357029	0.009686267003417015	0.009686268866062164	0.025567827746272087	9.999999974752427e-07	0.043478261679410934	0.01575428992509842	-2.4010660126805305e-10	0.009493403136730194	0.20756609737873077	9.999999974752427e-07	0.15682576596736908	0.20756609737873077	0.3783048689365387	0.2679571211338043	0.030948013067245483	0.025567827746272087	9.999999974752427e-07	9.999999974752427e-07	0.17497771978378296	0.009708737954497337	0.00909090880304575	0.31832000613212585	0.1568257361650467	0.04121395945549011	0.04972795397043228	0.010204081423580647	0.007700018584728241	0.19181180000305176	9.999999974752427e-07	0.011036910116672516	0.022488445043563843	0.016806723549962044	9.999999974752427e-07	0.009615384973585606	1.622538547962904e-09	1.622538547962904e-09	-2.4010660126805305e-10	1.622538547962904e-09	9.999999974752427e-07	1.622538547962904e-09	0.009803921915590763	1.622538547962904e-09	1.622538547962904e-09	9.999999974752427e-07	9.999999974752427e-07	0.3545213043689728	0.02059110254049301	0.010625112801790237	0.21123084425926208	0.02664199471473694	0.0061219222843647	9.999999974752427e-07	0.3018166422843933	0.006626579910516739	0.02059112675487995	0.3018166720867157	0.01864650845527649	-1.3278622645884752e-08	1.622538547962904e-09	0.1669045239686966	0.015181045979261398	9.999999974752427e-07	1.622538547962904e-09	1.622538547962904e-09	0.010238776914775372	1.622538547962904e-09	0.14026254415512085	0.2112308144569397	-1.3278622645884752e-08	1.622538547962904e-09	0.14026251435279846	0.024768419563770294	1.622538547962904e-09	1.622538547962904e-09	0.2112308144569397	-1.3278622645884752e-08	0.011363636702299118	6.912159733474255e-10	0.23242251574993134	-1.3278622645884752e-08	0.006100691854953766	0.29567739367485046	-1.3278622645884752e-08	-1.3278622645884752e-08	1.622538547962904e-09	0.09294700622558594	1.622538547962904e-09	0.06100180745124817	0.01366463303565979	1.622538547962904e-09	0.007563948631286621	0.011995955370366573	0.0061219483613967896	0.030612245202064514	0.00662657618522644	9.073119144886732e-09	-2.4010660126805305e-10	-1.3278622645884752e-08	-1.3278622645884752e-08	-1.3278622645884752e-08	9.999999974752427e-07	0.027936100959777832	0.010625114664435387	0.027522936463356018	0.007871739566326141	9.999999974752427e-07	1.622538547962904e-09	0.006626579910516739	0.14026251435279846	0.010101010091602802	0.09294699132442474	0.14026251435279846	0.29567742347717285	0.21123076975345612	-1.3278622645884752e-08	0.013964534737169743	0.011995954439043999	0.0061219483613967896	0.10661163181066513	1.622538547962904e-09	0.02664199471473694	0.2191026210784912	0.061001840978860855	1.622538547962904e-09	0.013319892808794975	0.0061219483613967896	1.622538547962904e-09	0.10661161690950394	9.999999974752427e-07	-1.3278622645884752e-08	1.622538547962904e-09	1.622538547962904e-09	-2.4010660126805305e-10	1.622538547962904e-09	9.999999974752427e-07	1.622538547962904e-09	0.015181045979261398	1.622538547962904e-09	6.912159733474255e-10	0.010238775983452797	0.007871739566326141	0.006139293313026428	1.622538547962904e-09	9.999999974752427e-07	1.622538547962904e-09	0.36081427335739136	0.07295437157154083	0.008505983278155327	0.2816368341445923	0.009365733712911606	0.026101619005203247	-1.3278622645884752e-08	0.3097529113292694	8.000001798791345e-07	0.07295437157154083	0.3097529113292694	-1.3278622645884752e-08	2.255546860396862e-10	-5.828042048960924e-09	0.22092559933662415	0.024959877133369446	-1.3278622645884752e-08	1.622538547962904e-09	1.622538547962904e-09	-1.3278622645884752e-08	9.999999974752427e-07	0.21155986189842224	0.22092559933662415	2.255546860396862e-10	0.00917431153357029	0.1840570569038391	0.026101604104042053	1.622538547962904e-09	-5.828042048960924e-09	0.22092559933662415	1.622538547962904e-09	-1.3278622645884752e-08	0.008564604446291924	0.2986621558666229	1.622538547962904e-09	9.999999974752427e-07	0.2986621558666229	2.255546860396862e-10	2.255546860396862e-10	1.622538547962904e-09	0.1273503601551056	-5.828042048960924e-09	0.08163265138864517	0.01516491174697876	0.008196720853447914	9.999999974752427e-07	-2.4010660126805305e-10	0.026101619005203247	0.07547169923782349	1.3999997463542968e-06	0.015599853359162807	0.01042632944881916	0.009330726228654385	0.018172089010477066	1.622538547962904e-09	1.622538547962904e-09	0.024959877133369446	0.028257330879569054	9.999999974752427e-07	0.008460652083158493	-1.3278622645884752e-08	9.999999974752427e-07	8.000001798791345e-07	0.14251525700092316	0.009365729987621307	0.1273503601551056	0.14251527190208435	0.2986621558666229	0.2816368341445923	0.00933072715997696	0.05747126415371895	-2.4010660126805305e-10	9.999999974752427e-07	0.14251521229743958	6.000000212225132e-07	0.009365737438201904	0.29009753465652466	0.1273503601551056	0.04308461770415306	-2.4010660126805305e-10	0.009282229468226433	1.622538547962904e-09	0.14251525700092316	9.999999974752427e-07	2.255546860396862e-10	0.027484744787216187	0.017241379246115685	0.009325018152594566	-5.828042048960924e-09	-1.3278622645884752e-08	0.015599831938743591	0.02495986968278885	-2.4010660126805305e-10	9.999999974752427e-07	-1.3278622645884752e-08	0.008460652083158493	0.011090751737356186	1.622538547962904e-09	9.999999974752427e-07	0.016819393262267113
3	-15547.466796875	-1	9	57	76	75	26	89	10	62	48	0	26	84	41	29	91	66	5	0	11	24	14	68	37	85	21	0	0	50	22	3	66	33	67	21	43	7	69	12	0	65	50	77	73	24	43	79	5	42	1	78	57	69	21	34	56	0	70	42	76	31	43	49	25	4	73	63	36	3	21	1	46	80	82	49	14	33	40	77	33	47	9	66	48	69	78	85	57	13	11	50	56	7	32	19	59	7	0	3	47	0.5437126159667969	0.08644906431436539	0.010285336524248123	0.4145510494709015	0.012830324470996857	0.010498285293579102	0.010526316240429878	0.4251324236392975	9.999999974752427e-07	0.08644905686378479	0.44155392050743103	0.0655471682548523	9.999999974752427e-07	9.999999974752427e-07	0.40957462787628174	9.999999974752427e-07	0.005317971110343933	1.622538547962904e-09	1.622538547962904e-09	9.999999974752427e-07	0.02298850566148758	0.3967443108558655	0.40957462787628174	9.999999974752427e-07	0.03314200043678284	0.2897196114063263	0.0760454460978508	1.622538547962904e-09	9.999999974752427e-07	0.40957462787628174	0.004976421594619751	1.622538547962904e-09	1.622538547962904e-09	0.4145510494709015	0.03333333507180214	-1.3278622645884752e-08	0.4251324236392975	9.999999974752427e-07	9.999999974752427e-07	1.622538547962904e-09	0.22580645978450775	0.012048192322254181	0.1361638456583023	-1.3278622645884752e-08	9.999999974752427e-07	-1.3278622645884752e-08	1.622538547962904e-09	0.010498294606804848	0.1361638605594635	0.030567780137062073	0.02411612868309021	1.622538547962904e-09	0.008196720853447914	0.010869565419852734	9.999999974752427e-07	0.010526316240429878	0.026113338768482208	0.019338728860020638	-2.4010660126805305e-10	-1.3278622645884752e-08	1.622538547962904e-09	-1.3278622645884752e-08	0.030567795038223267	0.2705919146537781	9.999999974752427e-07	0.26527389883995056	0.2705919146537781	0.4251324534416199	0.40957462787628174	0.030927833169698715	0.05588129162788391	1.622538547962904e-09	0.010498292744159698	0.2652738690376282	-1.3278622645884752e-08	0.012830320745706558	0.41455110907554626	0.22250455617904663	0.08634074777364731	1.622538547962904e-09	0.010498294606804848	1.622538547962904e-09	0.26527389883995056	0.036036036908626556	0.009900989942252636	0.062224678695201874	0.029082641005516052	0.009053405374288559	9.999999974752427e-07	0.012195121496915817	9.999999974752427e-07	0.008547008968889713	-1.3278622645884752e-08	1.622538547962904e-09	9.999999974752427e-07	-1.3278622645884752e-08	-1.3278622645884752e-08	1.622538547962904e-09	1.622538547962904e-09	1.622538547962904e-09	0.4231007397174835	0.04496558755636215	0.010405869223177433	0.2722354829311371	0.010044899769127369	0.021052632480859756	9.999999974752427e-07	0.31625208258628845	0.018691588193178177	0.05226296931505203	0.31625211238861084	0.01785714365541935	0.010989011265337467	1.622538547962904e-09	0.2722354829311371	9.999999974752427e-07	1.622538547962904e-09	0.019417475908994675	1.622538547962904e-09	9.999999974752427e-07	6.666664376098197e-07	0.2291666716337204	0.2722354829311371	9.999999974752427e-07	1.3333333299669903e-06	0.1819043606519699	0.09699182957410812	1.622538547962904e-09	0.0078512541949749	0.2722354829311371	1.622538547962904e-09	1.622538547962904e-09	0.010638297535479069	0.31625205278396606	9.999999974752427e-07	-7.275957614183426e-12	0.31625205278396606	0.010526316240429878	0.009009009227156639	1.622538547962904e-09	0.10256187617778778	1.622538547962904e-09	0.0606570690870285	0.008510754443705082	6.666664376098197e-07	-7.275957614183426e-12	9.999999974752427e-07	1.3999997463542968e-06	0.05226297304034233	0.034559715539216995	0.022432174533605576	2.255546860396862e-10	9.999999974752427e-07	9.999999974752427e-07	9.999999974752427e-07	0.008264463394880295	0.009856700897216797	0.010405868291854858	0.008394084870815277	1.622538547962904e-09	1.622538547962904e-09	0.008510754443705082	0.034559715539216995	0.18190431594848633	0.010044899769127369	0.11764705926179886	0.18190434575080872	0.31625205278396606	0.2722354531288147	0.042105261236429214	0.010405870154500008	9.999999974752427e-07	8.000001798791345e-07	0.18190434575080872	1.622538547962904e-09	0.010044898837804794	0.2722354829311371	0.10256189107894897	0.04190482199192047	9.999999974752427e-07	8.000001798791345e-07	0.00729738175868988	0.18190434575080872	1.622538547962904e-09	0.016949152573943138	0.01947261206805706	9.999999974752427e-07	2.255546860396862e-10	1.622538547962904e-09	0.011627906933426857	0.014580924063920975	9.999999974752427e-07	1.622538547962904e-09	9.999999974752427e-07	9.999999974752427e-07	1.622538547962904e-09	1.622538547962904e-09	1.622538547962904e-09	1.622538547962904e-09	6.000000212225132e-07	0.44946640729904175	0.08000115305185318	9.999999974752427e-07	0.3330483138561249	-1.3278622645884752e-08	0.03483247756958008	9.999999974752427e-07	0.3862634301185608	0.009220771491527557	0.08756303787231445	0.38626334071159363	0.013322068378329277	-1.3278622645884752e-08	9.999999974752427e-07	0.2947915494441986	9.999999974752427e-07	0.029411764815449715	9.999999974752427e-07	-1.3278622645884752e-08	0.0081184022128582	0.010526316240429878	0.2947915494441986	0.2947915196418762	-1.3278622645884752e-08	0.01075268816202879	0.2947915196418762	0.04815457761287689	-1.3278622645884752e-08	0.02777777798473835	0.2947915494441986	0.019186556339263916	9.999999974752427e-07	0.008000507950782776	0.38626334071159363	-1.3278622645884752e-08	1.622538547962904e-09	0.386263370513916	-1.3278622645884752e-08	-1.3278622645884752e-08	-1.3278622645884752e-08	0.1528805047273636	9.999999974752427e-07	0.08756301552057266	0.009048528037965298	9.999999974752427e-07	1.622538547962904e-09	0.009131014347076416	0.02860131859779358	0.08756303787231445	0.009220770560204983	0.04123711213469505	9.999999974752427e-07	-1.3278622645884752e-08	-1.3278622645884752e-08	-1.3278622645884752e-08	0.008003756403923035	0.01504833996295929	0.029999999329447746	1.622538547962904e-09	0.00909090880304575	9.999999974752427e-07	0.009048528969287872	0.009220771491527557	0.2947915196418762	-1.3278622645884752e-08	0.15288051962852478	0.2499999850988388	0.386263370513916	0.3138617277145386	-1.3278622645884752e-08	0.032608695328235626	0.009131021797657013	9.999999974752427e-07	0.16192904114723206	-2.4010660126805305e-10	-1.3278622645884752e-08	0.369131863117218	0.1528804898262024	0.06531748175621033	0.009131006896495819	0.028601333498954773	0.00756189227104187	0.16814157366752625	1.622538547962904e-09	-1.3278622645884752e-08	0.021052632480859756	0.009900989942252636	0.027272727340459824	9.999999974752427e-07	0.005203671753406525	0.008620689623057842	0.007044583559036255	-1.3278622645884752e-08	0.008000507950782776	0.008118398487567902	9.999999974752427e-07	-1.3278622645884752e-08	-1.3278622645884752e-08	1.622538547962904e-09	1.622538547962904e-09	0.4417252242565155	0.024390242993831635	9.999999974752427e-07	0.3052733242511749	0.010416666977107525	0.014637134969234467	9.999999974752427e-07	0.3760969042778015	9.999999974752427e-07	0.04878048598766327	0.3760969042778015	0.05099133402109146	9.999999974752427e-07	0.008882244117558002	0.30527323484420776	1.622538547962904e-09	1.622538547962904e-09	1.622538547962904e-09	1.622538547962904e-09	0.030414395034313202	0.012048192322254181	0.29318323731422424	0.30527323484420776	9.999999974752427e-07	0.017391303554177284	0.2670987844467163	0.06562843918800354	1.622538547962904e-09	0.010416666977107525	0.30527323484420776	1.622538547962904e-09	1.622538547962904e-09	1.622538547962904e-09	0.3052733540534973	1.622538547962904e-09	0.010526316240429878	0.3760969042778015	9.999999974752427e-07	9.999999974752427e-07	1.622538547962904e-09	0.14387741684913635	0.025641024112701416	0.07431011646986008	0.032608695328235626	9.999999974752427e-07	0.009615384973585606	1.622538547962904e-09	0.014637134969234467	0.07431010156869888	0.010309278033673763	0.04452749714255333	0.009433962404727936	9.999999974752427e-07	1.622538547962904e-09	1.622538547962904e-09	1.622538547962904e-09	1.622538547962904e-09	0.009569531306624413	1.622538547962904e-09	1.622538547962904e-09	1.622538547962904e-09	0.01123595517128706	9.999999974752427e-07	0.20471768081188202	9.999999974752427e-07	0.14387744665145874	0.2047176957130432	0.3052733540534973	0.30527323484420776	0.026084452867507935	0.009569531306624413	1.622538547962904e-09	0.010101010091602802	0.204717755317688	0.010204081423580647	0.010989011265337467	0.3052733540534973	0.14387741684913635	0.06956726312637329	1.622538547962904e-09	0.01463712751865387	9.999999974752427e-07	0.20471777021884918	0.009803921915590763	9.999999974752427e-07	0.02503982186317444	9.999999974752427e-07	9.999999974752427e-07	0.008882243186235428	0.020576931536197662	9.999999974752427e-07	1.622538547962904e-09	1.622538547962904e-09	1.622538547962904e-09	9.999999974752427e-07	1.622538547962904e-09	1.622538547962904e-09	1.622538547962904e-09	1.622538547962904e-09	1.622538547962904e-09	0.3537144064903259	0.026411600410938263	4.2857209336943924e-07	0.20192480087280273	1.622538547962904e-09	0.027027027681469917	-7.275957614183426e-12	0.2815217971801758	1.622538547962904e-09	0.026411622762680054	0.2815217971801758	0.010256588459014893	9.999999974752427e-07	1.622538547962904e-09	0.20192477107048035	9.999999974752427e-07	1.622538547962904e-09	9.999999974752427e-07	1.622538547962904e-09	0.010256589390337467	1.622538547962904e-09	0.20192477107048035	0.20192477107048035	1.622538547962904e-09	1.622538547962904e-09	0.16246558725833893	0.05873367190361023	1.622538547962904e-09	0.027633339166641235	0.20192477107048035	-1.3278622645884752e-08	1.622538547962904e-09	-1.3278622645884752e-08	0.20192471146583557	0.008206706494092941	9.999999974752427e-07	0.2740027606487274	1.622538547962904e-09	9.999999974752427e-07	1.622538547962904e-09	0.05703481286764145	1.622538547962904e-09	0.02641153335571289	0.03179077059030533	1.622538547962904e-09	9.999999974752427e-07	-1.3278622645884752e-08	0.009401541203260422	0.026411622762680054	0.009916093200445175	0.027633339166641235	4.2857209336943924e-07	1.622538547962904e-09	0.013445623219013214	0.008206704631447792	9.999999974752427e-07	0.013458982110023499	1.2857158253609668e-06	-1.3278622645884752e-08	-1.3278622645884752e-08	1.622538547962904e-09	9.999999974752427e-07	1.622538547962904e-09	0.16246557235717773	1.622538547962904e-09	0.05703481659293175	0.10570608824491501	0.2626262307167053	0.20192477107048035	0.017806855961680412	1.2857121873821598e-06	-1.3278622645884752e-08	9.999999974752427e-07	0.08882559835910797	0.009916089475154877	1.622538547962904e-09	0.20192472636699677	0.05404491350054741	0.027633339166641235	-1.3278622645884752e-08	0.009401543065905571	1.622538547962904e-09	0.1057060956954956	-1.3278622645884752e-08	0.01780686527490616	1.622538547962904e-09	1.622538547962904e-09	4.2857209336943924e-07	1.622538547962904e-09	-7.275957614183426e-12	1.622538547962904e-09	9.999999974752427e-07	1.622538547962904e-09	-1.3278622645884752e-08	9.999999974752427e-07	-1.3278622645884752e-08	0.007519066333770752	1.622538547962904e-09	-1.3278622645884752e-08	2.255546860396862e-10	0.5330701470375061	0.005072489380836487	5.000001692678779e-07	0.3791336119174957	0.015137098729610443	0.04571789503097534	9.999999974752427e-07	0.47317150235176086	1.622538547962904e-09	0.08930285274982452	0.47317150235176086	0.014180606231093407	0.010177051648497581	9.999999974752427e-07	0.283880352973938	-1.3278622645884752e-08	1.622538547962904e-09	0.009429067373275757	-1.3278622645884752e-08	0.007485583424568176	9.999999974752427e-07	0.2687433063983917	0.3461630940437317	0.011049933731555939	0.012431889772415161	0.21618443727493286	0.059898555278778076	-1.3278622645884752e-08	1.622538547962904e-09	0.2838802933692932	0.030927835032343864	0.04472166299819946	-1.3278622645884752e-08	0.39345017075538635	1.622538547962904e-09	-1.3278622645884752e-08	0.39345014095306396	0.011049933731555939	0.010177051648497581	-1.3278622645884752e-08	0.16346153616905212	0.04000958055257797	0.08930287510156631	-1.3278622645884752e-08	0.010416666977107525	-1.3278622645884752e-08	0.014316469430923462	0.036288827657699585	0.08930285274982452	1.622538547962904e-09	0.0478060245513916	5.000001692678779e-07	0.028037382289767265	1.622538547962904e-09	1.622538547962904e-09	-1.3278622645884752e-08	-1.3278622645884752e-08	1.5000005078036338e-06	1.622538547962904e-09	-1.3278622645884752e-08	9.999999974752427e-07	-1.3278622645884752e-08	1.622538547962904e-09	0.21618443727493286	0.015137098729610443	0.171462744474411	0.21618443727493286	0.39345014095306396	0.3461630940437317	0.05255882441997528	0.005072489380836487	9.999999974752427e-07	0.02286946028470993	0.1714627593755722	1.622538547962904e-09	0.01513710618019104	0.37913358211517334	0.1495407670736313	0.06023794412612915	0.014316461980342865	0.02286946028470993	0.008695651777088642	0.1714627593755722	1.622538547962904e-09	0.010177051648497581	0.012431896291673183	1.622538547962904e-09	5.000001692678779e-07	9.999999974752427e-07	0.0066950395703315735	0.007796458899974823	-1.3278622645884752e-08	0.030927835032343864	-1.3278622645884752e-08	0.007485583424568176	-1.3278622645884752e-08	0.02777777798473835	-1.3278622645884752e-08	9.999999974752427e-07	0.008695651777088642	0.36692190170288086	0.04854368790984154	5.000001692678779e-07	0.19233906269073486	1.622538547962904e-09	0.021178647875785828	0.019078660756349564	0.26595747470855713	9.999999974752427e-07	0.0752153992652893	0.29844406247138977	0.019078657031059265	9.999999974752427e-07	0.010416666977107525	0.19233906269073486	0.010324249044060707	0.007624365389347076	1.622538547962904e-09	1.622538547962904e-09	1.622538547962904e-09	9.999999974752427e-07	0.19233906269073486	0.19233906269073486	1.622538547962904e-09	0.026356376707553864	0.16347560286521912	0.04025733470916748	1.622538547962904e-09	1.622538547962904e-09	0.19233906269073486	1.622538547962904e-09	0.015332028269767761	0.0117647061124444	0.24910283088684082	0.01778506115078926	-1.3278622645884752e-08	0.24910280108451843	1.622538547962904e-09	9.999999974752427e-07	1.622538547962904e-09	0.1170303225517273	0.015458554029464722	0.0752154290676117	-1.3278622645884752e-08	0.00909090880304575	-1.3278622645884752e-08	0.009573204442858696	0.02117866650223732	0.0752154216170311	0.018691588193178177	0.015458546578884125	5.000001692678779e-07	0.005539216101169586	1.622538547962904e-09	0.01778506115078926	9.999999974752427e-07	0.028220467269420624	1.5000005078036338e-06	1.622538547962904e-09	9.999999974752427e-07	9.999999974752427e-07	-1.3278622645884752e-08	9.999999974752427e-07	0.16347558796405792	1.622538547962904e-09	0.14051920175552368	0.16347560286521912	0.24910281598567963	0.1923390030860901	0.011078409850597382	0.010101010091602802	0.009573204442858696	0.009177438914775848	0.1405191868543625	0.008695651777088642	1.622538547962904e-09	0.222222238779068	0.11703035235404968	0.04181492328643799	0.011904762126505375	0.0091774370521307	0.010869565419852734	0.14051923155784607	-1.3278622645884752e-08	0.005539216101169586	0.026356376707553864	1.622538547962904e-09	5.000001692678779e-07	0.009999999776482582	0.019078662618994713	1.622538547962904e-09	0.010324249044060707	9.999999974752427e-07	9.999999974752427e-07	1.622538547962904e-09	9.999999974752427e-07	9.999999974752427e-07	1.622538547962904e-09	1.622538547962904e-09	0.01200120896100998	0.43699371814727783	0.05826278030872345	9.999999974752427e-07	0.2679571211338043	9.999999974752427e-07	0.04900254309177399	1.622538547962904e-09	0.3783048689365387	0.009493403136730194	0.06596280634403229	0.3783048391342163	1.622538547962904e-09	9.999999974752427e-07	0.01123595517128706	0.2679571211338043	-2.4010660126805305e-10	1.622538547962904e-09	-1.3278622645884752e-08	1.622538547962904e-09	1.622538547962904e-09	6.666664376098197e-07	0.2545320391654968	0.2679571509361267	0.010989011265337467	1.3333333299669903e-06	0.20756608247756958	0.04900255426764488	1.622538547962904e-09	0.005720056593418121	0.2679571211338043	1.622538547962904e-09	0.01575428992509842	0.010256931185722351	0.3783048391342163	0.01601792871952057	-2.4010660126805305e-10	0.3783048689365387	0.019911106675863266	9.999999974752427e-07	1.622538547962904e-09	0.1568257212638855	0.013005435466766357	0.11561180651187897	0.01815195381641388	6.666664376098197e-07	0.01815195381641388	0.010526316240429878	0.04900252819061279	0.06741572916507721	0.03269492834806442	0.018725495785474777	0.00909090880304575	-2.4010660126805305e-10	1.622538547962904e-09	0.00917431153357029	0.009686267003417015	0.009686268866062164	0.025567827746272087	9.999999974752427e-07	0.043478261679410934	0.01575428992509842	-2.4010660126805305e-10	0.009493403136730194	0.20756609737873077	9.999999974752427e-07	0.15682576596736908	0.20756609737873077	0.3783048689365387	0.2679571211338043	0.030948013067245483	0.025567827746272087	9.999999974752427e-07	9.999999974752427e-07	0.17497771978378296	0.009708737954497337	0.00909090880304575	0.31832000613212585	0.1568257361650467	0.04121395945549011	0.04972795397043228	0.010204081423580647	0.007700018584728241	0.19181180000305176	9.999999974752427e-07	0.011036910116672516	0.022488445043563843	0.016806723549962044	9.999999974752427e-07	0.009615384973585606	1.622538547962904e-09	1.622538547962904e-09	-2.4010660126805305e-10	1.622538547962904e-09	9.999999974752427e-07	1.622538547962904e-09	0.009803921915590763	1.622538547962904e-09	1.622538547962904e-09	1.622538547962904e-09	9.999999974752427e-07	0.3545212149620056	0.02059110254049301	0.010625112801790237	0.2112308144569397	0.02664199471473694	0.006121926009654999	9.999999974752427e-07	0.3018166422843933	0.006626579910516739	0.02059112675487995	0.3018166720867157	0.0186464861035347	-1.3278622645884752e-08	1.622538547962904e-09	0.1669045239686966	0.015181045979261398	9.999999974752427e-07	1.622538547962904e-09	1.622538547962904e-09	0.010238776914775372	1.622538547962904e-09	0.14026254415512085	0.2112308144569397	-1.3278622645884752e-08	1.622538547962904e-09	0.14026251435279846	0.024768419563770294	1.622538547962904e-09	1.622538547962904e-09	0.2112308144569397	-1.3278622645884752e-08	0.011363636702299118	6.912159733474255e-10	0.23242251574993134	-1.3278622645884752e-08	0.006100691854953766	0.29567739367485046	-1.3278622645884752e-08	-1.3278622645884752e-08	1.622538547962904e-09	0.09294700622558594	1.622538547962904e-09	0.06100180745124817	0.01366463303565979	1.622538547962904e-09	0.007563948631286621	0.011995955370366573	0.0061219483613967896	0.030612245202064514	0.00662657618522644	9.073119144886732e-09	-2.4010660126805305e-10	-1.3278622645884752e-08	-1.3278622645884752e-08	-1.3278622645884752e-08	9.999999974752427e-07	0.027936086058616638	0.010625114664435387	0.027522936463356018	0.00787179172039032	9.999999974752427e-07	1.622538547962904e-09	0.006626579910516739	0.14026251435279846	0.010101010091602802	0.09294699132442474	0.14026251435279846	0.29567742347717285	0.21123087406158447	-1.3278622645884752e-08	0.013964534737169743	0.011995954439043999	0.006121940910816193	0.10661163181066513	1.622538547962904e-09	0.02664199471473694	0.21910257637500763	0.061001840978860855	1.622538547962904e-09	0.013319911435246468	0.006121940910816193	1.622538547962904e-09	0.10661161690950394	9.999999974752427e-07	-1.3278622645884752e-08	1.622538547962904e-09	1.622538547962904e-09	-2.4010660126805305e-10	1.622538547962904e-09	9.999999974752427e-07	1.622538547962904e-09	0.015181045979261398	1.622538547962904e-09	6.912159733474255e-10	0.010238775983452797	0.00787179172039032	0.006139293313026428	1.622538547962904e-09	-1.3278622645884752e-08	1.622538547962904e-09	0.36081427335739136	0.07295437157154083	0.008505983278155327	0.2816368341445923	0.009365733712911606	0.026101619005203247	-1.3278622645884752e-08	0.3097529113292694	8.000001798791345e-07	0.07295437157154083	0.3097529113292694	-1.3278622645884752e-08	2.255546860396862e-10	-5.828042048960924e-09	0.22092559933662415	0.024959862232208252	-1.3278622645884752e-08	1.622538547962904e-09	1.622538547962904e-09	-1.3278622645884752e-08	9.999999974752427e-07	0.21155986189842224	0.22092559933662415	2.255546860396862e-10	0.00917431153357029	0.1840570569038391	0.026101604104042053	1.622538547962904e-09	-5.828042048960924e-09	0.22092559933662415	1.622538547962904e-09	-1.3278622645884752e-08	0.008564580231904984	0.2986621558666229	1.622538547962904e-09	9.999999974752427e-07	0.2986621558666229	2.255546860396862e-10	2.255546860396862e-10	1.622538547962904e-09	0.1273503601551056	-5.828042048960924e-09	0.08163265138864517	0.01516491174697876	0.008196720853447914	9.999999974752427e-07	-2.4010660126805305e-10	0.026101619005203247	0.07547169923782349	1.3999997463542968e-06	0.015599853359162807	0.01042632944881916	0.009330726228654385	0.018172089010477066	1.622538547962904e-09	1.622538547962904e-09	0.024959862232208252	0.028257330879569054	9.999999974752427e-07	0.008460640907287598	-1.3278622645884752e-08	9.999999974752427e-07	8.000001798791345e-07	0.14251525700092316	0.009365729987621307	0.1273503601551056	0.14251527190208435	0.2986621558666229	0.2816368341445923	0.00933072715997696	0.05747126415371895	-2.4010660126805305e-10	9.999999974752427e-07	0.14251521229743958	6.000000212225132e-07	0.009365737438201904	0.29009753465652466	0.1273503601551056	0.04308461770415306	-2.4010660126805305e-10	0.009282225742936134	1.622538547962904e-09	0.14251525700092316	9.999999974752427e-07	2.255546860396862e-10	0.027484744787216187	0.017241379246115685	0.009325018152594566	-5.828042048960924e-09	-1.3278622645884752e-08	0.015599831938743591	0.02495986968278885	-2.4010660126805305e-10	9.999999974752427e-07	-1.3278622645884752e-08	0.0084606371819973	0.01109074242413044	1.622538547962904e-09	1.622538547962904e-09	0.016819389536976814
4	-15547.466796875	-1	9	57	76	75	26	89	10	62	48	0	26	84	41	29	91	66	5	0	11	24	14	68	37	85	21	0	0	50	22	3	66	33	67	21	43	7	69	12	0	65	50	77	73	24	43	79	5	42	1	78	57	69	21	34	56	0	70	42	76	31	43	49	25	4	73	63	36	3	21	1	46	80	82	49	14	33	40	77	33	47	9	66	48	69	78	85	57	13	11	50	56	7	32	19	59	7	0	4	47	0.5437127947807312	0.08644906431436539	0.010285336524248123	0.4145510792732239	0.012830331921577454	0.010498285293579102	0.010526316240429878	0.4251323938369751	9.999999974752427e-07	0.08644905686378479	0.44155386090278625	0.06554710865020752	9.999999974752427e-07	9.999999974752427e-07	0.4095746874809265	9.999999974752427e-07	0.005317971110343933	1.622538547962904e-09	1.622538547962904e-09	9.999999974752427e-07	0.02298850566148758	0.39674437046051025	0.4095746576786041	9.999999974752427e-07	0.03314200043678284	0.2897196114063263	0.07604538649320602	1.622538547962904e-09	9.999999974752427e-07	0.4095746576786041	0.0049764662981033325	1.622538547962904e-09	1.622538547962904e-09	0.4145510196685791	0.03333333507180214	-1.3278622645884752e-08	0.42513248324394226	9.999999974752427e-07	9.999999974752427e-07	1.622538547962904e-09	0.22580645978450775	0.012048192322254181	0.1361638456583023	-1.3278622645884752e-08	9.999999974752427e-07	-1.3278622645884752e-08	1.622538547962904e-09	0.010498279705643654	0.1361638605594635	0.030567780137062073	0.02411612868309021	1.622538547962904e-09	0.008196720853447914	0.010869565419852734	9.999999974752427e-07	0.010526316240429878	0.026113219559192657	0.019338728860020638	-2.4010660126805305e-10	-1.3278622645884752e-08	1.622538547962904e-09	-1.3278622645884752e-08	0.030567795038223267	0.2705919146537781	9.999999974752427e-07	0.26527389883995056	0.2705919146537781	0.4251324534416199	0.40957462787628174	0.030927833169698715	0.05588129162788391	1.622538547962904e-09	0.010498277842998505	0.2652738690376282	-1.3278622645884752e-08	0.012830331921577454	0.4145510792732239	0.22250455617904663	0.08634074777364731	1.622538547962904e-09	0.010498279705643654	1.622538547962904e-09	0.26527389883995056	0.036036036908626556	0.009900989942252636	0.062224678695201874	0.029082641005516052	0.009053405374288559	9.999999974752427e-07	0.012195121496915817	9.999999974752427e-07	0.008547008968889713	-1.3278622645884752e-08	1.622538547962904e-09	9.999999974752427e-07	-1.3278622645884752e-08	-1.3278622645884752e-08	1.622538547962904e-09	9.999999974752427e-07	1.622538547962904e-09	0.4231007397174835	0.04496558755636215	0.010405869223177433	0.2722354531288147	0.010044899769127369	0.021052632480859756	9.999999974752427e-07	0.31625208258628845	0.018691588193178177	0.05226296931505203	0.31625211238861084	0.01785714365541935	0.010989011265337467	1.622538547962904e-09	0.2722354531288147	9.999999974752427e-07	1.622538547962904e-09	0.019417475908994675	1.622538547962904e-09	9.999999974752427e-07	6.666664376098197e-07	0.2291666716337204	0.2722354531288147	9.999999974752427e-07	1.3333333299669903e-06	0.1819043606519699	0.09699182957410812	1.622538547962904e-09	0.0078512541949749	0.2722354531288147	1.622538547962904e-09	1.622538547962904e-09	0.010638297535479069	0.31625205278396606	9.999999974752427e-07	-7.275957614183426e-12	0.31625205278396606	0.010526316240429878	0.009009009227156639	1.622538547962904e-09	0.10256187617778778	1.622538547962904e-09	0.0606570690870285	0.008510754443705082	6.666664376098197e-07	-7.275957614183426e-12	9.999999974752427e-07	1.3999997463542968e-06	0.05226297304034233	0.034559715539216995	0.022432174533605576	2.255546860396862e-10	9.999999974752427e-07	9.999999974752427e-07	9.999999974752427e-07	0.008264463394880295	0.009856700897216797	0.010405868291854858	0.008394084870815277	1.622538547962904e-09	1.622538547962904e-09	0.008510754443705082	0.034559715539216995	0.18190431594848633	0.010044899769127369	0.11764705926179886	0.18190434575080872	0.31625205278396606	0.2722354531288147	0.042105261236429214	0.010405870154500008	9.999999974752427e-07	8.000001798791345e-07	0.18190434575080872	1.622538547962904e-09	0.010044898837804794	0.2722354531288147	0.10256189107894897	0.04190482199192047	9.999999974752427e-07	8.000001798791345e-07	0.00729738175868988	0.18190434575080872	1.622538547962904e-09	0.016949152573943138	0.01947261206805706	9.999999974752427e-07	2.255546860396862e-10	1.622538547962904e-09	0.011627906933426857	0.014580924063920975	9.999999974752427e-07	1.622538547962904e-09	9.999999974752427e-07	9.999999974752427e-07	1.622538547962904e-09	1.622538547962904e-09	1.622538547962904e-09	-2.4010660126805305e-10	6.000000212225132e-07	0.449466347694397	0.08000115305185318	9.999999974752427e-07	0.33304834365844727	-1.3278622645884752e-08	0.03483249247074127	9.999999974752427e-07	0.3862634003162384	0.009220771491527557	0.08756303787231445	0.386263370513916	0.013322077691555023	-1.3278622645884752e-08	9.999999974752427e-07	0.29479163885116577	9.999999974752427e-07	0.029411764815449715	9.999999974752427e-07	-1.3278622645884752e-08	0.008118398487567902	0.010526316240429878	0.294791579246521	0.2947916090488434	-1.3278622645884752e-08	0.01075268816202879	0.2947915196418762	0.04815460741519928	-1.3278622645884752e-08	0.02777777798473835	0.2947916090488434	0.019186578691005707	9.999999974752427e-07	0.008000463247299194	0.38626328110694885	-1.3278622645884752e-08	1.622538547962904e-09	0.38626334071159363	-1.3278622645884752e-08	-1.3278622645884752e-08	-1.3278622645884752e-08	0.1528805047273636	9.999999974752427e-07	0.08756301552057266	0.009048528037965298	9.999999974752427e-07	1.622538547962904e-09	0.009130984544754028	0.02860131859779358	0.08756303787231445	0.009220770560204983	0.04123711213469505	9.999999974752427e-07	-1.3278622645884752e-08	-1.3278622645884752e-08	-1.3278622645884752e-08	0.008003763854503632	0.015048369765281677	0.029999999329447746	1.622538547962904e-09	0.00909090880304575	9.999999974752427e-07	0.009048528969287872	0.009220771491527557	0.2947915196418762	-1.3278622645884752e-08	0.15288051962852478	0.2499999850988388	0.386263370513916	0.31386178731918335	-1.3278622645884752e-08	0.032608695328235626	0.009130991995334625	9.999999974752427e-07	0.16192904114723206	-2.4010660126805305e-10	-1.3278622645884752e-08	0.36913183331489563	0.1528804898262024	0.06531748175621033	0.009130977094173431	0.028601333498954773	0.00756189227104187	0.16814157366752625	1.622538547962904e-09	-1.3278622645884752e-08	0.021052632480859756	0.009900989942252636	0.027272727340459824	9.999999974752427e-07	0.005203664302825928	0.008620689623057842	0.007044591009616852	-1.3278622645884752e-08	0.008000463247299194	0.008118398487567902	9.999999974752427e-07	-1.3278622645884752e-08	-1.3278622645884752e-08	-1.3278622645884752e-08	1.622538547962904e-09	0.4417252242565155	0.024390242993831635	9.999999974752427e-07	0.30527326464653015	0.010416666977107525	0.014637134969234467	9.999999974752427e-07	0.3760969042778015	9.999999974752427e-07	0.04878048598766327	0.3760969042778015	0.05099133402109146	9.999999974752427e-07	0.008882244117558002	0.30527329444885254	1.622538547962904e-09	1.622538547962904e-09	1.622538547962904e-09	1.622538547962904e-09	0.030414395034313202	0.012048192322254181	0.29318323731422424	0.30527329444885254	9.999999974752427e-07	0.017391303554177284	0.2670987844467163	0.06562843918800354	1.622538547962904e-09	0.010416666977107525	0.30527329444885254	1.622538547962904e-09	1.622538547962904e-09	1.622538547962904e-09	0.30527329444885254	1.622538547962904e-09	0.010526316240429878	0.3760969042778015	9.999999974752427e-07	9.999999974752427e-07	1.622538547962904e-09	0.14387741684913635	0.025641024112701416	0.07431011646986008	0.032608695328235626	9.999999974752427e-07	0.009615384973585606	1.622538547962904e-09	0.014637134969234467	0.07431010156869888	0.010309278033673763	0.04452749714255333	0.009433962404727936	9.999999974752427e-07	1.622538547962904e-09	1.622538547962904e-09	1.622538547962904e-09	1.622538547962904e-09	0.009569531306624413	1.622538547962904e-09	1.622538547962904e-09	1.622538547962904e-09	0.01123595517128706	9.999999974752427e-07	0.20471768081188202	9.999999974752427e-07	0.14387744665145874	0.2047176957130432	0.3052733242511749	0.30527329444885254	0.026084452867507935	0.009569531306624413	1.622538547962904e-09	0.010101010091602802	0.204717755317688	0.010204081423580647	0.010989011265337467	0.30527329444885254	0.14387741684913635	0.06956726312637329	1.622538547962904e-09	0.01463712751865387	9.999999974752427e-07	0.20471777021884918	0.009803921915590763	9.999999974752427e-07	0.02503982186317444	9.999999974752427e-07	9.999999974752427e-07	0.008882243186235428	0.020576931536197662	9.999999974752427e-07	1.622538547962904e-09	1.622538547962904e-09	1.622538547962904e-09	9.999999974752427e-07	1.622538547962904e-09	1.622538547962904e-09	1.622538547962904e-09	9.999999974752427e-07	1.622538547962904e-09	0.3537144362926483	0.026411600410938263	4.2857209336943924e-07	0.20192474126815796	1.622538547962904e-09	0.027027027681469917	-7.275957614183426e-12	0.28152182698249817	1.622538547962904e-09	0.026411622762680054	0.28152185678482056	0.010256588459014893	9.999999974752427e-07	1.622538547962904e-09	0.20192477107048035	9.999999974752427e-07	1.622538547962904e-09	9.999999974752427e-07	1.622538547962904e-09	0.010256589390337467	1.622538547962904e-09	0.20192477107048035	0.20192475616931915	1.622538547962904e-09	1.622538547962904e-09	0.16246560215950012	0.05873368680477142	1.622538547962904e-09	0.027633339166641235	0.20192477107048035	-1.3278622645884752e-08	1.622538547962904e-09	-1.3278622645884752e-08	0.20192475616931915	0.008206713944673538	9.999999974752427e-07	0.2740027606487274	1.622538547962904e-09	9.999999974752427e-07	1.622538547962904e-09	0.05703481286764145	1.622538547962904e-09	0.02641153335571289	0.03179077059030533	1.622538547962904e-09	9.999999974752427e-07	-1.3278622645884752e-08	0.009401541203260422	0.026411622762680054	0.009916093200445175	0.027633339166641235	4.2857209336943924e-07	1.622538547962904e-09	0.013445638120174408	0.008206715807318687	9.999999974752427e-07	0.013458997011184692	1.2857158253609668e-06	-1.3278622645884752e-08	-1.3278622645884752e-08	1.622538547962904e-09	9.999999974752427e-07	1.622538547962904e-09	0.1624656319618225	1.622538547962904e-09	0.05703481659293175	0.10570608824491501	0.2626262605190277	0.20192474126815796	0.01780686527490616	1.2857121873821598e-06	-1.3278622645884752e-08	9.999999974752427e-07	0.08882559835910797	0.009916089475154877	1.622538547962904e-09	0.20192471146583557	0.05404491350054741	0.027633339166641235	-1.3278622645884752e-08	0.009401543065905571	1.622538547962904e-09	0.1057060956954956	-1.3278622645884752e-08	0.017806880176067352	1.622538547962904e-09	1.622538547962904e-09	4.2857209336943924e-07	1.622538547962904e-09	-7.275957614183426e-12	1.622538547962904e-09	9.999999974752427e-07	1.622538547962904e-09	-1.3278622645884752e-08	9.999999974752427e-07	-1.3278622645884752e-08	0.007519073784351349	1.622538547962904e-09	1.622538547962904e-09	2.255546860396862e-10	0.5330701470375061	0.005072489380836487	5.000001692678779e-07	0.3791336119174957	0.015137113630771637	0.04571789503097534	9.999999974752427e-07	0.47317150235176086	1.622538547962904e-09	0.08930285274982452	0.47317150235176086	0.014180606231093407	0.010177051648497581	9.999999974752427e-07	0.2838802933692932	-1.3278622645884752e-08	1.622538547962904e-09	0.009429067373275757	-1.3278622645884752e-08	0.007485583424568176	9.999999974752427e-07	0.26874327659606934	0.3461630940437317	0.011049933731555939	0.012431889772415161	0.21618445217609406	0.059898555278778076	-1.3278622645884752e-08	1.622538547962904e-09	0.2838802933692932	0.030927835032343864	0.04472164809703827	-1.3278622645884752e-08	0.39345017075538635	1.622538547962904e-09	-1.3278622645884752e-08	0.39345014095306396	0.011049933731555939	0.010177051648497581	-1.3278622645884752e-08	0.16346153616905212	0.04000958055257797	0.08930287510156631	-1.3278622645884752e-08	0.010416666977107525	-1.3278622645884752e-08	0.014316469430923462	0.036288827657699585	0.08930285274982452	1.622538547962904e-09	0.0478060245513916	5.000001692678779e-07	0.028037382289767265	1.622538547962904e-09	1.622538547962904e-09	-1.3278622645884752e-08	-1.3278622645884752e-08	1.5000005078036338e-06	1.622538547962904e-09	-1.3278622645884752e-08	9.999999974752427e-07	-1.3278622645884752e-08	1.622538547962904e-09	0.21618446707725525	0.015137113630771637	0.171462744474411	0.21618443727493286	0.39345014095306396	0.3461630940437317	0.052558884024620056	0.005072489380836487	9.999999974752427e-07	0.02286946028470993	0.1714627593755722	1.622538547962904e-09	0.015137113630771637	0.37913358211517334	0.1495407670736313	0.06023794412612915	0.014316461980342865	0.02286946028470993	0.008695651777088642	0.171462744474411	1.622538547962904e-09	0.010177051648497581	0.012431896291673183	1.622538547962904e-09	5.000001692678779e-07	9.999999974752427e-07	0.0066950395703315735	0.007796458899974823	-1.3278622645884752e-08	0.030927835032343864	-1.3278622645884752e-08	0.007485583424568176	-1.3278622645884752e-08	0.02777777798473835	-1.3278622645884752e-08	1.622538547962904e-09	0.008695651777088642	0.3669217824935913	0.04854368790984154	5.000001692678779e-07	0.19233901798725128	1.622538547962904e-09	0.021178677678108215	0.019078683108091354	0.26595741510391235	9.999999974752427e-07	0.0752153992652893	0.29844409227371216	0.019078686833381653	9.999999974752427e-07	0.010416666977107525	0.19233903288841248	0.010324249044060707	0.007624365389347076	1.622538547962904e-09	1.622538547962904e-09	1.622538547962904e-09	9.999999974752427e-07	0.19233904778957367	0.19233903288841248	1.622538547962904e-09	0.026356376707553864	0.16347558796405792	0.04025736451148987	1.622538547962904e-09	1.622538547962904e-09	0.19233901798725128	1.622538547962904e-09	0.015332028269767761	0.0117647061124444	0.24910278618335724	0.017785072326660156	-1.3278622645884752e-08	0.24910280108451843	1.622538547962904e-09	9.999999974752427e-07	1.622538547962904e-09	0.1170303225517273	0.015458554029464722	0.0752154290676117	-1.3278622645884752e-08	0.00909090880304575	-1.3278622645884752e-08	0.009573204442858696	0.021178673952817917	0.0752154216170311	0.018691588193178177	0.015458546578884125	5.000001692678779e-07	0.005539223551750183	1.622538547962904e-09	0.017785072326660156	9.999999974752427e-07	0.028220541775226593	1.5000005078036338e-06	1.622538547962904e-09	9.999999974752427e-07	9.999999974752427e-07	-1.3278622645884752e-08	9.999999974752427e-07	0.16347557306289673	1.622538547962904e-09	0.14051920175552368	0.16347560286521912	0.24910280108451843	0.1923390030860901	0.011078426614403725	0.010101010091602802	0.009573204442858696	0.009177446365356445	0.1405191868543625	0.008695651777088642	1.622538547962904e-09	0.2222222089767456	0.11703035235404968	0.04181492328643799	0.011904762126505375	0.009177448228001595	0.010869565419852734	0.14051923155784607	-1.3278622645884752e-08	0.005539223551750183	0.026356376707553864	1.622538547962904e-09	5.000001692678779e-07	0.009999999776482582	0.019078681245446205	1.622538547962904e-09	0.010324249044060707	9.999999974752427e-07	9.999999974752427e-07	1.622538547962904e-09	9.999999974752427e-07	9.999999974752427e-07	1.622538547962904e-09	1.622538547962904e-09	0.012001227587461472	0.43699371814727783	0.05826278030872345	9.999999974752427e-07	0.2679571807384491	1.3333333299669903e-06	0.04900254309177399	1.622538547962904e-09	0.3783048689365387	0.009493403136730194	0.06596280634403229	0.3783048391342163	1.622538547962904e-09	9.999999974752427e-07	0.01123595517128706	0.2679571509361267	-2.4010660126805305e-10	1.622538547962904e-09	-1.3278622645884752e-08	1.622538547962904e-09	1.622538547962904e-09	6.666664376098197e-07	0.2545320391654968	0.2679571509361267	0.010989011265337467	1.3333333299669903e-06	0.20756608247756958	0.04900255426764488	1.622538547962904e-09	0.005720056593418121	0.2679571509361267	1.622538547962904e-09	0.01575428992509842	0.010256931185722351	0.3783048391342163	0.01601792871952057	-2.4010660126805305e-10	0.3783048689365387	0.019911106675863266	9.999999974752427e-07	1.622538547962904e-09	0.1568257212638855	0.013005435466766357	0.11561180651187897	0.01815195381641388	6.666664376098197e-07	0.01815195381641388	0.010526316240429878	0.04900252819061279	0.06741572916507721	0.03269492834806442	0.018725495785474777	0.00909090880304575	-2.4010660126805305e-10	1.622538547962904e-09	0.00917431153357029	0.009686267003417015	0.009686268866062164	0.025567827746272087	9.999999974752427e-07	0.043478261679410934	0.01575428992509842	-2.4010660126805305e-10	0.009493403136730194	0.20756609737873077	6.666664376098197e-07	0.15682576596736908	0.20756609737873077	0.3783048689365387	0.2679571211338043	0.030948013067245483	0.025567827746272087	9.999999974752427e-07	9.999999974752427e-07	0.17497771978378296	0.009708737954497337	0.00909090880304575	0.31832000613212585	0.1568257361650467	0.04121395945549011	0.04972795397043228	0.010204081423580647	0.007700018584728241	0.19181180000305176	9.999999974752427e-07	0.011036910116672516	0.022488445043563843	0.016806723549962044	9.999999974752427e-07	0.009615384973585606	1.622538547962904e-09	1.622538547962904e-09	-2.4010660126805305e-10	1.622538547962904e-09	9.999999974752427e-07	1.622538547962904e-09	0.009803921915590763	1.622538547962904e-09	1.622538547962904e-09	6.666664376098197e-07	9.999999974752427e-07	0.3545212149620056	0.02059110254049301	0.010625112801790237	0.2112307995557785	0.02664199285209179	0.006121933460235596	9.999999974752427e-07	0.3018167018890381	0.006626579910516739	0.02059112675487995	0.3018167018890381	0.018646501004695892	-1.3278622645884752e-08	1.622538547962904e-09	0.1669045239686966	0.015181045979261398	9.999999974752427e-07	1.622538547962904e-09	1.622538547962904e-09	0.010238776914775372	1.622538547962904e-09	0.14026254415512085	0.21123084425926208	-1.3278622645884752e-08	1.622538547962904e-09	0.14026248455047607	0.024768441915512085	1.622538547962904e-09	1.622538547962904e-09	0.21123084425926208	-1.3278622645884752e-08	0.011363636702299118	6.912159733474255e-10	0.23242245614528656	-1.3278622645884752e-08	0.006100691854953766	0.29567739367485046	-1.3278622645884752e-08	-1.3278622645884752e-08	1.622538547962904e-09	0.09294700622558594	1.622538547962904e-09	0.06100180745124817	0.01366463303565979	1.622538547962904e-09	0.007563948631286621	0.011995955370366573	0.0061219483613967896	0.030612245202064514	0.00662657618522644	9.073119144886732e-09	-2.4010660126805305e-10	-1.3278622645884752e-08	-1.3278622645884752e-08	-1.3278622645884752e-08	9.999999974752427e-07	0.027936115860939026	0.010625114664435387	0.027522936463356018	0.00787179172039032	9.999999974752427e-07	1.622538547962904e-09	0.006626579910516739	0.14026249945163727	0.010101010091602802	0.09294699132442474	0.14026249945163727	0.29567742347717285	0.21123087406158447	-1.3278622645884752e-08	0.013964534737169743	0.011995954439043999	0.006121940910816193	0.10661163181066513	1.622538547962904e-09	0.02664199285209179	0.21910256147384644	0.061001840978860855	1.622538547962904e-09	0.013319943100214005	0.006121940910816193	1.622538547962904e-09	0.10661161690950394	9.999999974752427e-07	-1.3278622645884752e-08	1.622538547962904e-09	1.622538547962904e-09	-2.4010660126805305e-10	1.622538547962904e-09	9.999999974752427e-07	1.622538547962904e-09	0.015181045979261398	1.622538547962904e-09	6.912159733474255e-10	0.010238775983452797	0.00787179172039032	0.006139278411865234	1.622538547962904e-09	9.999999974752427e-07	1.622538547962904e-09	0.36081427335739136	0.07295437157154083	0.008505983278155327	0.2816368341445923	0.009365733712911606	0.02610158920288086	-1.3278622645884752e-08	0.30975285172462463	8.000001798791345e-07	0.07295437157154083	0.309752881526947	-1.3278622645884752e-08	2.255546860396862e-10	-5.828042048960924e-09	0.22092556953430176	0.024959862232208252	-1.3278622645884752e-08	1.622538547962904e-09	1.622538547962904e-09	-1.3278622645884752e-08	9.999999974752427e-07	0.21155987679958344	0.22092558443546295	2.255546860396862e-10	0.00917431153357029	0.1840570569038391	0.02610163390636444	1.622538547962904e-09	-5.828042048960924e-09	0.22092558443546295	1.622538547962904e-09	-1.3278622645884752e-08	0.008564602583646774	0.29866212606430054	1.622538547962904e-09	9.999999974752427e-07	0.29866209626197815	2.255546860396862e-10	2.255546860396862e-10	1.622538547962904e-09	0.1273503601551056	-5.828042048960924e-09	0.08163265138864517	0.01516491174697876	0.008196720853447914	9.999999974752427e-07	-2.4010660126805305e-10	0.026101604104042053	0.07547169923782349	1.3999997463542968e-06	0.015599853359162807	0.01042632944881916	0.009330729022622108	0.018172092735767365	1.622538547962904e-09	1.622538547962904e-09	0.024959862232208252	0.028257330879569054	9.999999974752427e-07	0.008460648357868195	-1.3278622645884752e-08	9.999999974752427e-07	8.000001798791345e-07	0.14251525700092316	0.009365737438201904	0.1273503601551056	0.14251527190208435	0.29866212606430054	0.2816368341445923	0.009330730885267258	0.05747126415371895	-2.4010660126805305e-10	9.999999974752427e-07	0.14251521229743958	6.000000212225132e-07	0.009365744888782501	0.29009753465652466	0.1273503601551056	0.04308461770415306	-2.4010660126805305e-10	0.009282218292355537	1.622538547962904e-09	0.14251525700092316	9.999999974752427e-07	2.255546860396862e-10	0.027484744787216187	0.017241379246115685	0.009325018152594566	-5.828042048960924e-09	-1.3278622645884752e-08	0.015599831938743591	0.02495986968278885	-2.4010660126805305e-10	9.999999974752427e-07	-1.3278622645884752e-08	0.008460644632577896	0.01109074242413044	1.622538547962904e-09	1.622538547962904e-09	0.016819382086396217
5	-15547.466796875	-1	9	57	76	75	26	89	10	62	48	0	26	84	41	29	91	66	5	0	11	24	14	68	37	85	21	0	0	50	22	3	66	33	67	21	43	7	69	12	0	65	50	77	73	24	43	79	5	42	1	78	57	69	21	34	56	0	70	42	76	31	43	49	25	4	73	63	36	3	21	1	46	80	82	49	14	33	40	77	33	47	9	66	48	69	78	85	57	13	11	50	56	7	32	19	59	7	0	5	47	0.5437127947807312	0.08644906431436539	0.010285336524248123	0.4145510792732239	0.012830331921577454	0.010498300194740295	0.010526316240429878	0.4251323938369751	9.999999974752427e-07	0.08644905686378479	0.44155392050743103	0.06554713845252991	9.999999974752427e-07	9.999999974752427e-07	0.4095746874809265	9.999999974752427e-07	0.005317971110343933	1.622538547962904e-09	1.622538547962904e-09	9.999999974752427e-07	0.02298850566148758	0.39674437046051025	0.4095746576786041	9.999999974752427e-07	0.03314200043678284	0.2897196114063263	0.07604540139436722	1.622538547962904e-09	9.999999974752427e-07	0.4095746576786041	0.0049764662981033325	1.622538547962904e-09	1.622538547962904e-09	0.4145510196685791	0.03333333507180214	-1.3278622645884752e-08	0.42513248324394226	9.999999974752427e-07	9.999999974752427e-07	1.622538547962904e-09	0.22580645978450775	0.012048192322254181	0.1361638456583023	-1.3278622645884752e-08	9.999999974752427e-07	-1.3278622645884752e-08	1.622538547962904e-09	0.010498283430933952	0.1361638605594635	0.030567780137062073	0.02411612868309021	1.622538547962904e-09	0.008196720853447914	0.010869565419852734	9.999999974752427e-07	0.010526316240429878	0.026113271713256836	0.019338728860020638	-2.4010660126805305e-10	-1.3278622645884752e-08	1.622538547962904e-09	-1.3278622645884752e-08	0.030567795038223267	0.2705919146537781	9.999999974752427e-07	0.26527389883995056	0.2705919146537781	0.4251324534416199	0.40957462787628174	0.030927833169698715	0.05588129162788391	1.622538547962904e-09	0.010498285293579102	0.2652738690376282	-1.3278622645884752e-08	0.012830331921577454	0.4145510792732239	0.22250455617904663	0.08634074777364731	1.622538547962904e-09	0.010498283430933952	1.622538547962904e-09	0.26527389883995056	0.036036036908626556	0.009900989942252636	0.062224678695201874	0.029082641005516052	0.009053405374288559	9.999999974752427e-07	0.012195121496915817	9.999999974752427e-07	0.008547008968889713	-1.3278622645884752e-08	1.622538547962904e-09	9.999999974752427e-07	-1.3278622645884752e-08	-1.3278622645884752e-08	1.622538547962904e-09	1.622538547962904e-09	1.622538547962904e-09	0.42310068011283875	0.04496558755636215	0.010405869223177433	0.2722354531288147	0.010044899769127369	0.021052630618214607	9.999999974752427e-07	0.31625211238861084	0.018691588193178177	0.05226296931505203	0.31625205278396606	0.01785714365541935	0.010989011265337467	1.622538547962904e-09	0.2722354531288147	9.999999974752427e-07	1.622538547962904e-09	0.019417475908994675	1.622538547962904e-09	9.999999974752427e-07	6.666664376098197e-07	0.2291666716337204	0.2722354531288147	9.999999974752427e-07	1.3333333299669903e-06	0.1819043606519699	0.09699183702468872	1.622538547962904e-09	0.0078512541949749	0.2722354531288147	1.622538547962904e-09	1.622538547962904e-09	0.010638297535479069	0.31625205278396606	9.999999974752427e-07	-7.275957614183426e-12	0.31625208258628845	0.010526316240429878	0.009009009227156639	1.622538547962904e-09	0.10256187617778778	1.622538547962904e-09	0.0606570690870285	0.008510754443705082	6.666664376098197e-07	-7.275957614183426e-12	9.999999974752427e-07	1.3999997463542968e-06	0.05226297304034233	0.034559715539216995	0.022432174533605576	2.255546860396862e-10	9.999999974752427e-07	9.999999974752427e-07	9.999999974752427e-07	0.008264463394880295	0.009856723248958588	0.010405868291854858	0.008394084870815277	1.622538547962904e-09	1.622538547962904e-09	0.008510754443705082	0.034559715539216995	0.18190431594848633	0.010044899769127369	0.11764705926179886	0.18190434575080872	0.31625205278396606	0.2722354531288147	0.042105261236429214	0.010405870154500008	9.999999974752427e-07	8.000001798791345e-07	0.18190434575080872	1.622538547962904e-09	0.010044898837804794	0.2722354531288147	0.10256189107894897	0.04190482199192047	9.999999974752427e-07	8.000001798791345e-07	0.00729738175868988	0.18190434575080872	1.622538547962904e-09	0.016949152573943138	0.01947261206805706	9.999999974752427e-07	2.255546860396862e-10	1.622538547962904e-09	0.011627906933426857	0.014580924063920975	9.999999974752427e-07	1.622538547962904e-09	9.999999974752427e-07	9.999999974752427e-07	1.622538547962904e-09	1.622538547962904e-09	1.622538547962904e-09	9.999999974752427e-07	6.000000212225132e-07	0.4494662880897522	0.08000115305185318	9.999999974752427e-07	0.3330483138561249	-1.3278622645884752e-08	0.03483247756958008	9.999999974752427e-07	0.386263370513916	0.009220771491527557	0.08756303787231445	0.38626334071159363	0.01332206092774868	-1.3278622645884752e-08	9.999999974752427e-07	0.2947915494441986	9.999999974752427e-07	0.029411764815449715	9.999999974752427e-07	-1.3278622645884752e-08	0.008118398487567902	0.010526316240429878	0.2947915494441986	0.2947915196418762	-1.3278622645884752e-08	0.01075268816202879	0.2947915196418762	0.0481545627117157	-1.3278622645884752e-08	0.02777777798473835	0.2947915494441986	0.019186578691005707	9.999999974752427e-07	0.008000478148460388	0.38626331090927124	-1.3278622645884752e-08	1.622538547962904e-09	0.38626331090927124	-1.3278622645884752e-08	-1.3278622645884752e-08	-1.3278622645884752e-08	0.1528805047273636	9.999999974752427e-07	0.08756301552057266	0.009048528037965298	9.999999974752427e-07	1.622538547962904e-09	0.009130984544754028	0.02860131859779358	0.08756303787231445	0.009220770560204983	0.04123711213469505	9.999999974752427e-07	-1.3278622645884752e-08	-1.3278622645884752e-08	-1.3278622645884752e-08	0.008003748953342438	0.01504833996295929	0.029999999329447746	1.622538547962904e-09	0.00909090880304575	9.999999974752427e-07	0.009048528969287872	0.009220771491527557	0.2947915196418762	-1.3278622645884752e-08	0.15288051962852478	0.2499999850988388	0.38626334071159363	0.31386175751686096	-1.3278622645884752e-08	0.032608695328235626	0.009130991995334625	9.999999974752427e-07	0.16192904114723206	-2.4010660126805305e-10	-1.3278622645884752e-08	0.36913174390792847	0.1528804898262024	0.06531748175621033	0.009131006896495819	0.028601333498954773	0.00756189227104187	0.16814157366752625	1.622538547962904e-09	-1.3278622645884752e-08	0.021052632480859756	0.009900989942252636	0.027272727340459824	9.999999974752427e-07	0.005203664302825928	0.008620689623057842	0.007044591009616852	-1.3278622645884752e-08	0.008000478148460388	0.008118398487567902	9.999999974752427e-07	-1.3278622645884752e-08	-1.3278622645884752e-08	9.999999974752427e-07	1.622538547962904e-09	0.4417252540588379	0.024390242993831635	9.999999974752427e-07	0.30527326464653015	0.010416666977107525	0.014637120068073273	9.999999974752427e-07	0.3760969042778015	9.999999974752427e-07	0.04878048598766327	0.3760969042778015	0.05099131911993027	9.999999974752427e-07	0.008882244117558002	0.30527329444885254	1.622538547962904e-09	1.622538547962904e-09	1.622538547962904e-09	1.622538547962904e-09	0.030414395034313202	0.012048192322254181	0.29318323731422424	0.30527329444885254	9.999999974752427e-07	0.017391303554177284	0.2670987844467163	0.06562843173742294	1.622538547962904e-09	0.010416666977107525	0.30527329444885254	1.622538547962904e-09	1.622538547962904e-09	1.622538547962904e-09	0.30527329444885254	1.622538547962904e-09	0.010526316240429878	0.3760969042778015	9.999999974752427e-07	9.999999974752427e-07	1.622538547962904e-09	0.14387741684913635	0.025641024112701416	0.07431011646986008	0.032608695328235626	9.999999974752427e-07	0.009615384973585606	1.622538547962904e-09	0.014637134969234467	0.07431010156869888	0.010309278033673763	0.04452749714255333	0.009433962404727936	9.999999974752427e-07	1.622538547962904e-09	1.622538547962904e-09	1.622538547962904e-09	1.622538547962904e-09	0.009569531306624413	1.622538547962904e-09	1.622538547962904e-09	1.622538547962904e-09	0.01123595517128706	9.999999974752427e-07	0.20471768081188202	9.999999974752427e-07	0.14387744665145874	0.2047176957130432	0.3052733242511749	0.30527329444885254	0.026084452867507935	0.009569531306624413	1.622538547962904e-09	0.010101010091602802	0.204717755317688	0.010204081423580647	0.010989011265337467	0.30527329444885254	0.14387741684913635	0.06956726312637329	1.622538547962904e-09	0.01463712751865387	9.999999974752427e-07	0.20471777021884918	0.009803921915590763	9.999999974752427e-07	0.02503982186317444	9.999999974752427e-07	9.999999974752427e-07	0.008882243186235428	0.020576931536197662	9.999999974752427e-07	1.622538547962904e-09	1.622538547962904e-09	1.622538547962904e-09	9.999999974752427e-07	1.622538547962904e-09	1.622538547962904e-09	1.622538547962904e-09	1.622538547962904e-09	1.622538547962904e-09	0.3537144660949707	0.026411600410938263	4.2857209336943924e-07	0.20192477107048035	1.622538547962904e-09	0.027027027681469917	-7.275957614183426e-12	0.2815217971801758	1.622538547962904e-09	0.026411622762680054	0.2815217971801758	0.010256588459014893	9.999999974752427e-07	1.622538547962904e-09	0.20192477107048035	9.999999974752427e-07	1.622538547962904e-09	9.999999974752427e-07	1.622538547962904e-09	0.010256589390337467	1.622538547962904e-09	0.20192474126815796	0.20192478597164154	1.622538547962904e-09	1.622538547962904e-09	0.16246558725833893	0.058733657002449036	1.622538547962904e-09	0.027633339166641235	0.20192477107048035	-1.3278622645884752e-08	1.622538547962904e-09	-1.3278622645884752e-08	0.20192483067512512	0.008206691592931747	9.999999974752427e-07	0.2740027606487274	1.622538547962904e-09	9.999999974752427e-07	1.622538547962904e-09	0.05703481286764145	1.622538547962904e-09	0.02641153335571289	0.03179077059030533	1.622538547962904e-09	9.999999974752427e-07	-1.3278622645884752e-08	0.009401541203260422	0.026411622762680054	0.009916093200445175	0.027633339166641235	4.2857209336943924e-07	1.622538547962904e-09	0.013445600867271423	0.008206691592931747	9.999999974752427e-07	0.013458967208862305	1.2857158253609668e-06	-1.3278622645884752e-08	-1.3278622645884752e-08	1.622538547962904e-09	9.999999974752427e-07	1.622538547962904e-09	0.16246557235717773	1.622538547962904e-09	0.05703481659293175	0.10570608824491501	0.2626262605190277	0.20192477107048035	0.01780684106051922	1.2857121873821598e-06	-1.3278622645884752e-08	9.999999974752427e-07	0.08882559835910797	0.009916089475154877	1.622538547962904e-09	0.20192478597164154	0.05404491350054741	0.027633339166641235	-1.3278622645884752e-08	0.009401543065905571	1.622538547962904e-09	0.1057060956954956	-1.3278622645884752e-08	0.017806850373744965	1.622538547962904e-09	1.622538547962904e-09	4.2857209336943924e-07	1.622538547962904e-09	-7.275957614183426e-12	1.622538547962904e-09	9.999999974752427e-07	1.622538547962904e-09	-1.3278622645884752e-08	9.999999974752427e-07	-1.3278622645884752e-08	0.007519073784351349	1.622538547962904e-09	9.999999974752427e-07	2.255546860396862e-10	0.5330701470375061	0.005072489380836487	5.000001692678779e-07	0.3791336119174957	0.015137098729610443	0.045717887580394745	9.999999974752427e-07	0.47317150235176086	1.622538547962904e-09	0.08930285274982452	0.47317150235176086	0.014180604368448257	0.010177051648497581	9.999999974752427e-07	0.283880352973938	-1.3278622645884752e-08	1.622538547962904e-09	0.009429067373275757	-1.3278622645884752e-08	0.007485575973987579	9.999999974752427e-07	0.2687433063983917	0.3461630940437317	0.011049933731555939	0.012431889772415161	0.21618443727493286	0.05989854037761688	-1.3278622645884752e-08	1.622538547962904e-09	0.2838802933692932	0.030927835032343864	0.04472166299819946	-1.3278622645884752e-08	0.39345017075538635	1.622538547962904e-09	-1.3278622645884752e-08	0.39345014095306396	0.011049933731555939	0.010177051648497581	-1.3278622645884752e-08	0.16346153616905212	0.04000958055257797	0.08930287510156631	-1.3278622645884752e-08	0.010416666977107525	-1.3278622645884752e-08	0.014316469430923462	0.03628882020711899	0.08930285274982452	1.622538547962904e-09	0.0478060245513916	5.000001692678779e-07	0.028037382289767265	1.622538547962904e-09	1.622538547962904e-09	-1.3278622645884752e-08	-1.3278622645884752e-08	1.5000005078036338e-06	1.622538547962904e-09	-1.3278622645884752e-08	9.999999974752427e-07	-1.3278622645884752e-08	1.622538547962904e-09	0.21618443727493286	0.015137098729610443	0.171462744474411	0.21618443727493286	0.39345014095306396	0.3461630940437317	0.05255882441997528	0.005072489380836487	9.999999974752427e-07	0.02286946028470993	0.1714627593755722	1.622538547962904e-09	0.01513710618019104	0.37913358211517334	0.1495407670736313	0.06023794412612915	0.014316461980342865	0.02286946028470993	0.008695651777088642	0.1714627593755722	1.622538547962904e-09	0.010177051648497581	0.012431896291673183	1.622538547962904e-09	5.000001692678779e-07	9.999999974752427e-07	0.00669502466917038	0.007796458899974823	-1.3278622645884752e-08	0.030927835032343864	-1.3278622645884752e-08	0.007485575973987579	-1.3278622645884752e-08	0.02777777798473835	-1.3278622645884752e-08	-2.4010660126805305e-10	0.008695651777088642	0.3669217824935913	0.04854368790984154	5.000001692678779e-07	0.19233903288841248	1.622538547962904e-09	0.021178677678108215	0.019078683108091354	0.26595741510391235	9.999999974752427e-07	0.0752153992652893	0.29844409227371216	0.019078686833381653	9.999999974752427e-07	0.010416666977107525	0.19233903288841248	0.010324249044060707	0.007624365389347076	1.622538547962904e-09	1.622538547962904e-09	1.622538547962904e-09	9.999999974752427e-07	0.19233901798725128	0.19233904778957367	1.622538547962904e-09	0.026356376707553864	0.16347560286521912	0.04025736451148987	1.622538547962904e-09	1.622538547962904e-09	0.19233901798725128	1.622538547962904e-09	0.015332028269767761	0.0117647061124444	0.24910278618335724	0.01778506115078926	-1.3278622645884752e-08	0.24910277128219604	1.622538547962904e-09	9.999999974752427e-07	1.622538547962904e-09	0.1170303225517273	0.015458554029464722	0.0752154290676117	-1.3278622645884752e-08	0.00909090880304575	-1.3278622645884752e-08	0.009573204442858696	0.02117867022752762	0.0752154216170311	0.018691588193178177	0.015458546578884125	5.000001692678779e-07	0.005539216101169586	1.622538547962904e-09	0.01778506115078926	9.999999974752427e-07	0.028220534324645996	1.5000005078036338e-06	1.622538547962904e-09	9.999999974752427e-07	9.999999974752427e-07	-1.3278622645884752e-08	9.999999974752427e-07	0.16347560286521912	1.622538547962904e-09	0.14051920175552368	0.16347560286521912	0.24910280108451843	0.19233901798725128	0.011078406125307083	0.010101010091602802	0.009573204442858696	0.009177442640066147	0.14051921665668488	0.008695651777088642	1.622538547962904e-09	0.2222222089767456	0.11703035235404968	0.04181492328643799	0.011904762126505375	0.009177444502711296	0.010869565419852734	0.14051920175552368	-1.3278622645884752e-08	0.005539216101169586	0.026356376707553864	1.622538547962904e-09	5.000001692678779e-07	0.009999999776482582	0.019078681245446205	1.622538547962904e-09	0.010324249044060707	9.999999974752427e-07	9.999999974752427e-07	1.622538547962904e-09	9.999999974752427e-07	9.999999974752427e-07	1.622538547962904e-09	1.622538547962904e-09	0.012001220136880875	0.43699365854263306	0.05826278030872345	9.999999974752427e-07	0.2679571807384491	9.999999974752427e-07	0.04900258779525757	1.622538547962904e-09	0.3783048987388611	0.009493403136730194	0.06596280634403229	0.3783048689365387	1.622538547962904e-09	9.999999974752427e-07	0.01123595517128706	0.2679571509361267	-2.4010660126805305e-10	1.622538547962904e-09	-1.3278622645884752e-08	1.622538547962904e-09	1.622538547962904e-09	6.666664376098197e-07	0.2545320391654968	0.2679571509361267	0.010989011265337467	1.3333333299669903e-06	0.20756608247756958	0.04900253564119339	1.622538547962904e-09	0.005720056593418121	0.2679571509361267	1.622538547962904e-09	0.01575428992509842	0.010256917215883732	0.3783048689365387	0.01601792871952057	-2.4010660126805305e-10	0.3783048689365387	0.019911106675863266	9.999999974752427e-07	1.622538547962904e-09	0.1568257212638855	0.013005435466766357	0.11561180651187897	0.01815195381641388	6.666664376098197e-07	0.01815195381641388	0.010526316240429878	0.04900252819061279	0.06741572916507721	0.03269492834806442	0.018725495785474777	0.00909090880304575	-2.4010660126805305e-10	1.622538547962904e-09	0.00917431153357029	0.009686270728707314	0.009686268866062164	0.025567827746272087	9.999999974752427e-07	0.043478261679410934	0.01575428992509842	-2.4010660126805305e-10	0.009493403136730194	0.20756609737873077	9.999999974752427e-07	0.15682576596736908	0.20756609737873077	0.3783048689365387	0.2679571211338043	0.030948013067245483	0.025567827746272087	9.999999974752427e-07	9.999999974752427e-07	0.17497771978378296	0.009708737954497337	0.00909090880304575	0.31831997632980347	0.1568257361650467	0.04121395945549011	0.04972793906927109	0.010204081423580647	0.007700018584728241	0.19181180000305176	9.999999974752427e-07	0.011036910116672516	0.022488445043563843	0.016806723549962044	9.999999974752427e-07	0.009615384973585606	1.622538547962904e-09	1.622538547962904e-09	-2.4010660126805305e-10	1.622538547962904e-09	9.999999974752427e-07	1.622538547962904e-09	0.009803921915590763	1.622538547962904e-09	1.622538547962904e-09	-1.3278622645884752e-08	9.999999974752427e-07	0.3545212745666504	0.02059110254049301	0.010625112801790237	0.21123084425926208	0.02664199471473694	0.006121929734945297	9.999999974752427e-07	0.3018167018890381	0.006626579910516739	0.02059112675487995	0.3018167018890381	0.018646501004695892	-1.3278622645884752e-08	1.622538547962904e-09	0.1669045239686966	0.015181045979261398	9.999999974752427e-07	1.622538547962904e-09	1.622538547962904e-09	0.010238776914775372	1.622538547962904e-09	0.14026254415512085	0.2112308144569397	-1.3278622645884752e-08	1.622538547962904e-09	0.14026251435279846	0.024768434464931488	1.622538547962904e-09	1.622538547962904e-09	0.2112308144569397	-1.3278622645884752e-08	0.011363636702299118	6.912159733474255e-10	0.23242251574993134	-1.3278622645884752e-08	0.006100691854953766	0.29567739367485046	-1.3278622645884752e-08	-1.3278622645884752e-08	1.622538547962904e-09	0.09294700622558594	1.622538547962904e-09	0.06100180745124817	0.01366463303565979	1.622538547962904e-09	0.007563948631286621	0.011995955370366573	0.0061219483613967896	0.030612245202064514	0.00662657618522644	9.073119144886732e-09	-2.4010660126805305e-10	-1.3278622645884752e-08	-1.3278622645884752e-08	-1.3278622645884752e-08	9.999999974752427e-07	0.027936115860939026	0.010625114664435387	0.027522936463356018	0.007871739566326141	9.999999974752427e-07	1.622538547962904e-09	0.006626579910516739	0.14026251435279846	0.010101010091602802	0.09294699132442474	0.14026251435279846	0.29567742347717285	0.21123076975345612	-1.3278622645884752e-08	0.013964534737169743	0.011995954439043999	0.0061219483613967896	0.10661163181066513	1.622538547962904e-09	0.02664199471473694	0.2191026210784912	0.061001840978860855	1.622538547962904e-09	0.013319892808794975	0.0061219483613967896	1.622538547962904e-09	0.10661161690950394	9.999999974752427e-07	-1.3278622645884752e-08	1.622538547962904e-09	1.622538547962904e-09	-2.4010660126805305e-10	1.622538547962904e-09	9.999999974752427e-07	1.622538547962904e-09	0.015181045979261398	1.622538547962904e-09	6.912159733474255e-10	0.010238775983452797	0.007871739566326141	0.006139293313026428	1.622538547962904e-09	1.622538547962904e-09	1.622538547962904e-09	0.3608143925666809	0.07295437157154083	0.008505983278155327	0.2816368341445923	0.009365733712911606	0.02610158920288086	-1.3278622645884752e-08	0.309752881526947	8.000001798791345e-07	0.07295437157154083	0.309752881526947	-1.3278622645884752e-08	2.255546860396862e-10	-5.828042048960924e-09	0.22092559933662415	0.024959862232208252	-1.3278622645884752e-08	1.622538547962904e-09	1.622538547962904e-09	-1.3278622645884752e-08	9.999999974752427e-07	0.21155986189842224	0.22092559933662415	2.255546860396862e-10	0.00917431153357029	0.1840570569038391	0.02610163390636444	1.622538547962904e-09	-5.828042048960924e-09	0.22092559933662415	1.622538547962904e-09	-1.3278622645884752e-08	0.008564602583646774	0.29866212606430054	1.622538547962904e-09	9.999999974752427e-07	0.29866209626197815	2.255546860396862e-10	2.255546860396862e-10	1.622538547962904e-09	0.1273503601551056	-5.828042048960924e-09	0.08163265138864517	0.01516491174697876	0.008196720853447914	9.999999974752427e-07	-2.4010660126805305e-10	0.026101604104042053	0.07547169923782349	1.3999997463542968e-06	0.015599853359162807	0.01042632944881916	0.009330726228654385	0.018172089010477066	1.622538547962904e-09	1.622538547962904e-09	0.024959847331047058	0.028257330879569054	9.999999974752427e-07	0.008460648357868195	-1.3278622645884752e-08	9.999999974752427e-07	8.000001798791345e-07	0.14251525700092316	0.009365729987621307	0.1273503601551056	0.14251527190208435	0.29866212606430054	0.2816368341445923	0.00933072715997696	0.05747126415371895	-2.4010660126805305e-10	9.999999974752427e-07	0.14251521229743958	6.000000212225132e-07	0.009365737438201904	0.29009753465652466	0.1273503601551056	0.04308461770415306	-2.4010660126805305e-10	0.009282218292355537	1.622538547962904e-09	0.14251525700092316	9.999999974752427e-07	2.255546860396862e-10	0.027484744787216187	0.017241379246115685	0.009325018152594566	-5.828042048960924e-09	-1.3278622645884752e-08	0.015599831938743591	0.024959854781627655	-2.4010660126805305e-10	9.999999974752427e-07	-1.3278622645884752e-08	0.008460644632577896	0.011090753600001335	1.622538547962904e-09	1.622538547962904e-09	0.016819382086396217
6	-15547.466796875	-1	9	57	76	75	26	89	10	62	48	0	26	84	41	29	91	66	5	0	11	24	14	68	37	85	21	0	0	50	22	3	66	33	67	21	43	7	69	12	0	65	50	77	73	24	43	79	5	42	1	78	57	69	21	34	56	0	70	42	76	31	43	49	25	4	73	63	36	3	21	1	46	80	82	49	14	33	40	77	33	47	9	66	48	69	78	85	57	13	11	50	56	7	32	19	59	7	0	6	47	0.5437127947807312	0.08644906431436539	0.010285336524248123	0.4145510792732239	0.012830331921577454	0.010498285293579102	0.010526316240429878	0.4251323938369751	9.999999974752427e-07	0.08644905686378479	0.44155386090278625	0.06554710865020752	9.999999974752427e-07	9.999999974752427e-07	0.4095746874809265	9.999999974752427e-07	0.005317971110343933	1.622538547962904e-09	1.622538547962904e-09	9.999999974752427e-07	0.02298850566148758	0.39674437046051025	0.4095746576786041	9.999999974752427e-07	0.03314200043678284	0.2897196114063263	0.07604538649320602	1.622538547962904e-09	9.999999974752427e-07	0.4095746576786041	0.0049764662981033325	1.622538547962904e-09	1.622538547962904e-09	0.4145510196685791	0.03333333507180214	-1.3278622645884752e-08	0.42513248324394226	9.999999974752427e-07	9.999999974752427e-07	1.622538547962904e-09	0.22580645978450775	0.012048192322254181	0.1361638456583023	-1.3278622645884752e-08	9.999999974752427e-07	-1.3278622645884752e-08	1.622538547962904e-09	0.010498279705643654	0.1361638605594635	0.030567780137062073	0.02411612868309021	1.622538547962904e-09	0.008196720853447914	0.010869565419852734	9.999999974752427e-07	0.010526316240429878	0.026113219559192657	0.019338728860020638	-2.4010660126805305e-10	-1.3278622645884752e-08	1.622538547962904e-09	-1.3278622645884752e-08	0.030567795038223267	0.2705919146537781	9.999999974752427e-07	0.26527389883995056	0.2705919146537781	0.4251324534416199	0.40957462787628174	0.030927833169698715	0.05588129162788391	1.622538547962904e-09	0.010498277842998505	0.2652738690376282	-1.3278622645884752e-08	0.012830331921577454	0.4145510792732239	0.22250455617904663	0.08634074777364731	1.622538547962904e-09	0.010498279705643654	1.622538547962904e-09	0.26527389883995056	0.036036036908626556	0.009900989942252636	0.062224678695201874	0.029082641005516052	0.009053405374288559	9.999999974752427e-07	0.012195121496915817	9.999999974752427e-07	0.008547008968889713	-1.3278622645884752e-08	1.622538547962904e-09	9.999999974752427e-07	-1.3278622645884752e-08	-1.3278622645884752e-08	1.622538547962904e-09	9.999999974752427e-07	1.622538547962904e-09	0.4231007397174835	0.04496558755636215	0.010405869223177433	0.2722354531288147	0.010044899769127369	0.021052632480859756	9.999999974752427e-07	0.31625208258628845	0.018691588193178177	0.05226296931505203	0.31625211238861084	0.01785714365541935	0.010989011265337467	1.622538547962904e-09	0.2722354531288147	9.999999974752427e-07	1.622538547962904e-09	0.019417475908994675	1.622538547962904e-09	9.999999974752427e-07	6.666664376098197e-07	0.2291666716337204	0.2722354531288147	9.999999974752427e-07	1.3333333299669903e-06	0.1819043606519699	0.09699182957410812	1.622538547962904e-09	0.0078512541949749	0.2722354531288147	1.622538547962904e-09	1.622538547962904e-09	0.010638297535479069	0.31625205278396606	9.999999974752427e-07	-7.275957614183426e-12	0.31625205278396606	0.010526316240429878	0.009009009227156639	1.622538547962904e-09	0.10256187617778778	1.622538547962904e-09	0.0606570690870285	0.008510754443705082	6.666664376098197e-07	-7.275957614183426e-12	9.999999974752427e-07	1.3999997463542968e-06	0.05226297304034233	0.034559715539216995	0.022432174533605576	2.255546860396862e-10	9.999999974752427e-07	9.999999974752427e-07	9.999999974752427e-07	0.008264463394880295	0.009856700897216797	0.010405868291854858	0.008394084870815277	1.622538547962904e-09	1.622538547962904e-09	0.008510754443705082	0.034559715539216995	0.18190431594848633	0.010044899769127369	0.11764705926179886	0.18190434575080872	0.31625205278396606	0.2722354531288147	0.042105261236429214	0.010405870154500008	9.999999974752427e-07	8.000001798791345e-07	0.18190434575080872	1.622538547962904e-09	0.010044898837804794	0.2722354531288147	0.10256189107894897	0.04190482199192047	9.999999974752427e-07	8.000001798791345e-07	0.00729738175868988	0.18190434575080872	1.622538547962904e-09	0.016949152573943138	0.01947261206805706	9.999999974752427e-07	2.255546860396862e-10	1.622538547962904e-09	0.011627906933426857	0.014580924063920975	9.999999974752427e-07	1.622538547962904e-09	9.999999974752427e-07	9.999999974752427e-07	1.622538547962904e-09	1.622538547962904e-09	1.622538547962904e-09	9.999999974752427e-07	6.000000212225132e-07	0.4494662880897522	0.08000115305185318	9.999999974752427e-07	0.3330483138561249	-1.3278622645884752e-08	0.03483249247074127	9.999999974752427e-07	0.386263370513916	0.009220771491527557	0.08756303787231445	0.38626334071159363	0.013322077691555023	-1.3278622645884752e-08	9.999999974752427e-07	0.2947915494441986	9.999999974752427e-07	0.029411764815449715	9.999999974752427e-07	-1.3278622645884752e-08	0.008118398487567902	0.010526316240429878	0.2947915494441986	0.2947915196418762	-1.3278622645884752e-08	0.01075268816202879	0.2947915196418762	0.04815460741519928	-1.3278622645884752e-08	0.02777777798473835	0.2947915494441986	0.019186578691005707	9.999999974752427e-07	0.008000463247299194	0.38626325130462646	-1.3278622645884752e-08	1.622538547962904e-09	0.38626331090927124	-1.3278622645884752e-08	-1.3278622645884752e-08	-1.3278622645884752e-08	0.1528805047273636	9.999999974752427e-07	0.08756301552057266	0.009048528037965298	9.999999974752427e-07	1.622538547962904e-09	0.009130984544754028	0.02860131859779358	0.08756303787231445	0.009220770560204983	0.04123711213469505	9.999999974752427e-07	-1.3278622645884752e-08	-1.3278622645884752e-08	-1.3278622645884752e-08	0.008003763854503632	0.015048369765281677	0.029999999329447746	1.622538547962904e-09	0.00909090880304575	9.999999974752427e-07	0.009048528969287872	0.009220771491527557	0.2947915196418762	-1.3278622645884752e-08	0.15288051962852478	0.2499999850988388	0.38626334071159363	0.31386175751686096	-1.3278622645884752e-08	0.032608695328235626	0.009130991995334625	9.999999974752427e-07	0.16192904114723206	-2.4010660126805305e-10	-1.3278622645884752e-08	0.36913180351257324	0.1528804898262024	0.06531748175621033	0.009130977094173431	0.028601333498954773	0.00756189227104187	0.16814157366752625	1.622538547962904e-09	-1.3278622645884752e-08	0.021052632480859756	0.009900989942252636	0.027272727340459824	9.999999974752427e-07	0.005203664302825928	0.008620689623057842	0.007044591009616852	-1.3278622645884752e-08	0.008000463247299194	0.008118398487567902	9.999999974752427e-07	-1.3278622645884752e-08	-1.3278622645884752e-08	9.999999974752427e-07	1.622538547962904e-09	0.4417252242565155	0.024390242993831635	9.999999974752427e-07	0.30527326464653015	0.010416666977107525	0.014637134969234467	9.999999974752427e-07	0.3760969042778015	9.999999974752427e-07	0.04878048598766327	0.3760969042778015	0.05099133402109146	9.999999974752427e-07	0.008882244117558002	0.30527329444885254	1.622538547962904e-09	1.622538547962904e-09	1.622538547962904e-09	1.622538547962904e-09	0.030414395034313202	0.012048192322254181	0.29318323731422424	0.30527329444885254	9.999999974752427e-07	0.017391303554177284	0.2670987844467163	0.06562843918800354	1.622538547962904e-09	0.010416666977107525	0.30527329444885254	1.622538547962904e-09	1.622538547962904e-09	1.622538547962904e-09	0.30527329444885254	1.622538547962904e-09	0.010526316240429878	0.3760969042778015	9.999999974752427e-07	9.999999974752427e-07	1.622538547962904e-09	0.14387741684913635	0.025641024112701416	0.07431011646986008	0.032608695328235626	9.999999974752427e-07	0.009615384973585606	1.622538547962904e-09	0.014637134969234467	0.07431010156869888	0.010309278033673763	0.04452749714255333	0.009433962404727936	9.999999974752427e-07	1.622538547962904e-09	1.622538547962904e-09	1.622538547962904e-09	1.622538547962904e-09	0.009569531306624413	1.622538547962904e-09	1.622538547962904e-09	1.622538547962904e-09	0.01123595517128706	9.999999974752427e-07	0.20471768081188202	9.999999974752427e-07	0.14387744665145874	0.2047176957130432	0.3052733242511749	0.30527329444885254	0.026084452867507935	0.009569531306624413	1.622538547962904e-09	0.010101010091602802	0.204717755317688	0.010204081423580647	0.010989011265337467	0.30527329444885254	0.14387741684913635	0.06956726312637329	1.622538547962904e-09	0.01463712751865387	9.999999974752427e-07	0.20471777021884918	0.009803921915590763	9.999999974752427e-07	0.02503982186317444	9.999999974752427e-07	9.999999974752427e-07	0.008882243186235428	0.020576931536197662	9.999999974752427e-07	1.622538547962904e-09	1.622538547962904e-09	1.622538547962904e-09	9.999999974752427e-07	1.622538547962904e-09	1.622538547962904e-09	1.622538547962904e-09	9.999999974752427e-07	1.622538547962904e-09	0.3537144660949707	0.026411600410938263	4.2857209336943924e-07	0.20192477107048035	1.622538547962904e-09	0.027027027681469917	-7.275957614183426e-12	0.28152182698249817	1.622538547962904e-09	0.026411622762680054	0.2815217971801758	0.010256589390337467	9.999999974752427e-07	1.622538547962904e-09	0.20192477107048035	9.999999974752427e-07	1.622538547962904e-09	9.999999974752427e-07	1.622538547962904e-09	0.010256589390337467	1.622538547962904e-09	0.20192474126815796	0.20192478597164154	1.622538547962904e-09	1.622538547962904e-09	0.16246558725833893	0.058733657002449036	1.622538547962904e-09	0.027633339166641235	0.20192477107048035	-1.3278622645884752e-08	1.622538547962904e-09	-1.3278622645884752e-08	0.20192483067512512	0.008206691592931747	9.999999974752427e-07	0.2740027904510498	1.622538547962904e-09	9.999999974752427e-07	1.622538547962904e-09	0.05703481286764145	1.622538547962904e-09	0.02641153335571289	0.03179077059030533	1.622538547962904e-09	9.999999974752427e-07	-1.3278622645884752e-08	0.009401541203260422	0.026411622762680054	0.009916093200445175	0.027633339166641235	4.2857209336943924e-07	1.622538547962904e-09	0.013445600867271423	0.008206691592931747	9.999999974752427e-07	0.013458967208862305	1.2857158253609668e-06	-1.3278622645884752e-08	-1.3278622645884752e-08	1.622538547962904e-09	9.999999974752427e-07	1.622538547962904e-09	0.16246557235717773	1.622538547962904e-09	0.05703481659293175	0.10570608824491501	0.2626262605190277	0.20192477107048035	0.01780684106051922	1.2857121873821598e-06	-1.3278622645884752e-08	9.999999974752427e-07	0.08882559835910797	0.009916089475154877	1.622538547962904e-09	0.20192478597164154	0.05404491350054741	0.027633339166641235	-1.3278622645884752e-08	0.009401543065905571	1.622538547962904e-09	0.1057060956954956	-1.3278622645884752e-08	0.017806850373744965	1.622538547962904e-09	1.622538547962904e-09	4.2857209336943924e-07	1.622538547962904e-09	-7.275957614183426e-12	1.622538547962904e-09	9.999999974752427e-07	1.622538547962904e-09	-1.3278622645884752e-08	9.999999974752427e-07	-1.3278622645884752e-08	0.007519088685512543	1.622538547962904e-09	-7.275957614183426e-12	2.255546860396862e-10	0.5330701470375061	0.005072489380836487	5.000001692678779e-07	0.3791336119174957	0.015137098729610443	0.04571789503097534	9.999999974752427e-07	0.47317150235176086	1.622538547962904e-09	0.08930285274982452	0.47317150235176086	0.014180606231093407	0.010177051648497581	9.999999974752427e-07	0.283880352973938	-1.3278622645884752e-08	1.622538547962904e-09	0.009429067373275757	-1.3278622645884752e-08	0.007485583424568176	9.999999974752427e-07	0.2687433063983917	0.3461630940437317	0.011049933731555939	0.012431889772415161	0.21618443727493286	0.059898555278778076	-1.3278622645884752e-08	1.622538547962904e-09	0.2838802933692932	0.030927835032343864	0.04472166299819946	-1.3278622645884752e-08	0.39345017075538635	1.622538547962904e-09	-1.3278622645884752e-08	0.39345014095306396	0.011049933731555939	0.010177051648497581	-1.3278622645884752e-08	0.16346153616905212	0.04000958055257797	0.08930287510156631	-1.3278622645884752e-08	0.010416666977107525	-1.3278622645884752e-08	0.014316469430923462	0.036288827657699585	0.08930285274982452	1.622538547962904e-09	0.0478060245513916	5.000001692678779e-07	0.028037382289767265	1.622538547962904e-09	1.622538547962904e-09	-1.3278622645884752e-08	-1.3278622645884752e-08	1.5000005078036338e-06	1.622538547962904e-09	-1.3278622645884752e-08	9.999999974752427e-07	-1.3278622645884752e-08	1.622538547962904e-09	0.21618443727493286	0.015137098729610443	0.171462744474411	0.21618443727493286	0.39345014095306396	0.3461630940437317	0.05255882441997528	0.005072489380836487	9.999999974752427e-07	0.02286946028470993	0.1714627593755722	1.622538547962904e-09	0.01513710618019104	0.37913358211517334	0.1495407670736313	0.06023794412612915	0.014316461980342865	0.02286946028470993	0.008695651777088642	0.1714627593755722	1.622538547962904e-09	0.010177051648497581	0.012431896291673183	1.622538547962904e-09	5.000001692678779e-07	9.999999974752427e-07	0.0066950395703315735	0.007796458899974823	-1.3278622645884752e-08	0.030927835032343864	-1.3278622645884752e-08	0.007485583424568176	-1.3278622645884752e-08	0.02777777798473835	-1.3278622645884752e-08	9.999999974752427e-07	0.008695651777088642	0.3669218420982361	0.04854368790984154	5.000001692678779e-07	0.19233903288841248	1.622538547962904e-09	0.021178677678108215	0.01907866820693016	0.26595741510391235	9.999999974752427e-07	0.0752153992652893	0.2984440326690674	0.01907867193222046	9.999999974752427e-07	0.010416666977107525	0.19233903288841248	0.010324249044060707	0.007624365389347076	1.622538547962904e-09	1.622538547962904e-09	1.622538547962904e-09	9.999999974752427e-07	0.19233901798725128	0.19233904778957367	1.622538547962904e-09	0.026356376707553864	0.16347560286521912	0.04025731980800629	1.622538547962904e-09	1.622538547962904e-09	0.19233901798725128	1.622538547962904e-09	0.015332028269767761	0.0117647061124444	0.24910278618335724	0.01778506115078926	-1.3278622645884752e-08	0.24910277128219604	1.622538547962904e-09	9.999999974752427e-07	1.622538547962904e-09	0.1170303225517273	0.015458554029464722	0.0752154290676117	-1.3278622645884752e-08	0.00909090880304575	-1.3278622645884752e-08	0.009573204442858696	0.02117867022752762	0.0752154216170311	0.018691588193178177	0.015458546578884125	5.000001692678779e-07	0.005539216101169586	1.622538547962904e-09	0.01778506115078926	9.999999974752427e-07	0.02822047472000122	1.5000005078036338e-06	1.622538547962904e-09	9.999999974752427e-07	9.999999974752427e-07	-1.3278622645884752e-08	9.999999974752427e-07	0.16347560286521912	1.622538547962904e-09	0.14051920175552368	0.16347560286521912	0.24910280108451843	0.19233901798725128	0.011078406125307083	0.010101010091602802	0.009573204442858696	0.009177442640066147	0.14051921665668488	0.008695651777088642	1.622538547962904e-09	0.2222222089767456	0.11703035235404968	0.04181492328643799	0.011904762126505375	0.009177440777420998	0.010869565419852734	0.14051920175552368	-1.3278622645884752e-08	0.005539216101169586	0.026356376707553864	1.622538547962904e-09	5.000001692678779e-07	0.009999999776482582	0.01907867006957531	1.622538547962904e-09	0.010324249044060707	9.999999974752427e-07	9.999999974752427e-07	1.622538547962904e-09	9.999999974752427e-07	9.999999974752427e-07	1.622538547962904e-09	9.999999974752427e-07	0.012001216411590576	0.43699365854263306	0.05826278030872345	9.999999974752427e-07	0.2679571807384491	9.999999974752427e-07	0.049002572894096375	1.622538547962904e-09	0.3783048987388611	0.009493403136730194	0.06596280634403229	0.3783048689365387	1.622538547962904e-09	9.999999974752427e-07	0.01123595517128706	0.2679571509361267	-2.4010660126805305e-10	1.622538547962904e-09	-1.3278622645884752e-08	1.622538547962904e-09	1.622538547962904e-09	6.666664376098197e-07	0.2545320391654968	0.2679571509361267	0.010989011265337467	1.3333333299669903e-06	0.20756608247756958	0.049002546817064285	1.622538547962904e-09	0.005720056593418121	0.2679571509361267	1.622538547962904e-09	0.01575428992509842	0.010256917215883732	0.3783048689365387	0.01601792871952057	-2.4010660126805305e-10	0.3783048391342163	0.019911106675863266	9.999999974752427e-07	1.622538547962904e-09	0.1568257212638855	0.013005435466766357	0.11561180651187897	0.01815195381641388	6.666664376098197e-07	0.01815195381641388	0.010526316240429878	0.04900252819061279	0.06741572916507721	0.03269492834806442	0.018725495785474777	0.00909090880304575	-2.4010660126805305e-10	1.622538547962904e-09	0.00917431153357029	0.009686270728707314	0.009686268866062164	0.025567827746272087	9.999999974752427e-07	0.043478261679410934	0.01575428992509842	-2.4010660126805305e-10	0.009493403136730194	0.20756609737873077	9.999999974752427e-07	0.15682576596736908	0.20756609737873077	0.3783048391342163	0.2679571211338043	0.030948013067245483	0.025567827746272087	9.999999974752427e-07	9.999999974752427e-07	0.17497771978378296	0.009708737954497337	0.00909090880304575	0.31831997632980347	0.1568257361650467	0.04121395945549011	0.049727946519851685	0.010204081423580647	0.007700018584728241	0.19181180000305176	9.999999974752427e-07	0.011036910116672516	0.022488445043563843	0.016806723549962044	9.999999974752427e-07	0.009615384973585606	1.622538547962904e-09	1.622538547962904e-09	-2.4010660126805305e-10	1.622538547962904e-09	9.999999974752427e-07	1.622538547962904e-09	0.009803921915590763	1.622538547962904e-09	1.622538547962904e-09	1.622538547962904e-09	9.999999974752427e-07	0.3545213043689728	0.02059110254049301	0.010625112801790237	0.21123084425926208	0.02664199471473694	0.0061219222843647	9.999999974752427e-07	0.3018166422843933	0.006626579910516739	0.02059112675487995	0.3018166720867157	0.01864650845527649	-1.3278622645884752e-08	1.622538547962904e-09	0.1669045239686966	0.015181045979261398	9.999999974752427e-07	1.622538547962904e-09	1.622538547962904e-09	0.010238776914775372	1.622538547962904e-09	0.14026254415512085	0.2112308144569397	-1.3278622645884752e-08	1.622538547962904e-09	0.14026251435279846	0.024768419563770294	1.622538547962904e-09	1.622538547962904e-09	0.2112308144569397	-1.3278622645884752e-08	0.011363636702299118	6.912159733474255e-10	0.23242251574993134	-1.3278622645884752e-08	0.006100691854953766	0.29567739367485046	-1.3278622645884752e-08	-1.3278622645884752e-08	1.622538547962904e-09	0.09294700622558594	1.622538547962904e-09	0.06100180745124817	0.01366463303565979	1.622538547962904e-09	0.007563948631286621	0.011995955370366573	0.0061219483613967896	0.030612245202064514	0.00662657618522644	9.073119144886732e-09	-2.4010660126805305e-10	-1.3278622645884752e-08	-1.3278622645884752e-08	-1.3278622645884752e-08	9.999999974752427e-07	0.027936100959777832	0.010625114664435387	0.027522936463356018	0.007871739566326141	9.999999974752427e-07	1.622538547962904e-09	0.006626579910516739	0.14026251435279846	0.010101010091602802	0.09294699132442474	0.14026251435279846	0.29567742347717285	0.21123076975345612	-1.3278622645884752e-08	0.013964534737169743	0.011995954439043999	0.0061219483613967896	0.10661163181066513	1.622538547962904e-09	0.02664199471473694	0.2191026210784912	0.061001840978860855	1.622538547962904e-09	0.013319892808794975	0.0061219483613967896	1.622538547962904e-09	0.10661161690950394	9.999999974752427e-07	-1.3278622645884752e-08	1.622538547962904e-09	1.622538547962904e-09	-2.4010660126805305e-10	1.622538547962904e-09	9.999999974752427e-07	1.622538547962904e-09	0.015181045979261398	1.622538547962904e-09	6.912159733474255e-10	0.010238775983452797	0.007871739566326141	0.006139293313026428	1.622538547962904e-09	9.999999974752427e-07	1.622538547962904e-09	0.3608144521713257	0.07295437157154083	0.008505983278155327	0.2816368341445923	0.009365733712911606	0.02610155940055847	-1.3278622645884752e-08	0.30975285172462463	8.000001798791345e-07	0.07295437157154083	0.30975285172462463	-1.3278622645884752e-08	2.255546860396862e-10	-5.828042048960924e-09	0.22092559933662415	0.024959802627563477	-1.3278622645884752e-08	1.622538547962904e-09	1.622538547962904e-09	-1.3278622645884752e-08	9.999999974752427e-07	0.21155986189842224	0.22092559933662415	2.255546860396862e-10	0.00917431153357029	0.1840570569038391	0.026101544499397278	1.622538547962904e-09	-5.828042048960924e-09	0.22092559933662415	1.622538547962904e-09	-1.3278622645884752e-08	0.008564606308937073	0.29866212606430054	1.622538547962904e-09	9.999999974752427e-07	0.29866212606430054	2.255546860396862e-10	2.255546860396862e-10	1.622538547962904e-09	0.1273503601551056	-5.828042048960924e-09	0.08163265138864517	0.01516491174697876	0.008196720853447914	9.999999974752427e-07	-2.4010660126805305e-10	0.026101574301719666	0.07547169923782349	1.3999997463542968e-06	0.015599853359162807	0.01042632944881916	0.009330726228654385	0.018172089010477066	1.622538547962904e-09	1.622538547962904e-09	0.024959802627563477	0.028257330879569054	9.999999974752427e-07	0.00846065953373909	-1.3278622645884752e-08	9.999999974752427e-07	8.000001798791345e-07	0.14251525700092316	0.009365729987621307	0.1273503601551056	0.14251527190208435	0.29866212606430054	0.2816368341445923	0.00933072715997696	0.05747126415371895	-2.4010660126805305e-10	9.999999974752427e-07	0.14251521229743958	6.000000212225132e-07	0.009365737438201904	0.29009753465652466	0.1273503601551056	0.04308461770415306	-2.4010660126805305e-10	0.009282207116484642	1.622538547962904e-09	0.14251525700092316	9.999999974752427e-07	2.255546860396862e-10	0.027484744787216187	0.017241379246115685	0.009325018152594566	-5.828042048960924e-09	-1.3278622645884752e-08	0.015599831938743591	0.024959810078144073	-2.4010660126805305e-10	9.999999974752427e-07	-1.3278622645884752e-08	0.00846065953373909	0.01109069213271141	1.622538547962904e-09	-1.3278622645884752e-08	0.016819370910525322
7	-15547.466796875	-1	9	57	76	75	26	89	10	62	48	0	26	84	41	29	91	66	5	0	11	24	14	68	37	85	21	0	0	50	22	3	66	33	67	21	43	7	69	12	0	65	50	77	73	24	43	79	5	42	1	78	57	69	21	34	56	0	70	42	76	31	43	49	25	4	73	63	36	3	21	1	46	80	82	49	14	33	40	77	33	47	9	66	48	69	78	85	57	13	11	50	56	7	32	19	59	7	0	7	47	0.5437127947807312	0.08644906431436539	0.010285336524248123	0.4145510792732239	0.012830331921577454	0.010498285293579102	0.010526316240429878	0.42513248324394226	9.999999974752427e-07	0.08644905686378479	0.44155386090278625	0.06554710865020752	9.999999974752427e-07	9.999999974752427e-07	0.4095746874809265	9.999999974752427e-07	0.005317971110343933	1.622538547962904e-09	1.622538547962904e-09	9.999999974752427e-07	0.02298850566148758	0.39674437046051025	0.4095746576786041	9.999999974752427e-07	0.03314200043678284	0.2897196114063263	0.07604538649320602	1.622538547962904e-09	9.999999974752427e-07	0.4095746576786041	0.0049764662981033325	1.622538547962904e-09	1.622538547962904e-09	0.4145510196685791	0.03333333507180214	-1.3278622645884752e-08	0.42513248324394226	9.999999974752427e-07	9.999999974752427e-07	1.622538547962904e-09	0.22580645978450775	0.012048192322254181	0.1361638456583023	-1.3278622645884752e-08	9.999999974752427e-07	-1.3278622645884752e-08	1.622538547962904e-09	0.010498279705643654	0.1361638605594635	0.030567780137062073	0.02411612868309021	1.622538547962904e-09	0.008196720853447914	0.010869565419852734	9.999999974752427e-07	0.010526316240429878	0.026113219559192657	0.019338728860020638	-2.4010660126805305e-10	-1.3278622645884752e-08	1.622538547962904e-09	-1.3278622645884752e-08	0.030567795038223267	0.2705919146537781	9.999999974752427e-07	0.26527389883995056	0.2705919146537781	0.4251324534416199	0.40957462787628174	0.030927833169698715	0.05588129162788391	1.622538547962904e-09	0.010498277842998505	0.2652738690376282	-1.3278622645884752e-08	0.012830331921577454	0.4145510792732239	0.22250455617904663	0.08634074777364731	1.622538547962904e-09	0.010498279705643654	1.622538547962904e-09	0.26527389883995056	0.036036036908626556	0.009900989942252636	0.062224678695201874	0.029082641005516052	0.009053405374288559	9.999999974752427e-07	0.012195121496915817	9.999999974752427e-07	0.008547008968889713	-1.3278622645884752e-08	1.622538547962904e-09	9.999999974752427e-07	-1.3278622645884752e-08	-1.3278622645884752e-08	1.622538547962904e-09	-1.3278622645884752e-08	1.622538547962904e-09	0.42310068011283875	0.04496558755636215	0.010405869223177433	0.2722354531288147	0.010044899769127369	0.021052632480859756	9.999999974752427e-07	0.31625205278396606	0.018691588193178177	0.05226296931505203	0.31625205278396606	0.01785714365541935	0.010989011265337467	1.622538547962904e-09	0.2722354531288147	9.999999974752427e-07	1.622538547962904e-09	0.019417475908994675	1.622538547962904e-09	9.999999974752427e-07	6.666664376098197e-07	0.2291666716337204	0.2722354531288147	9.999999974752427e-07	1.3333333299669903e-06	0.1819043606519699	0.09699182957410812	1.622538547962904e-09	0.0078512541949749	0.2722354531288147	1.622538547962904e-09	1.622538547962904e-09	0.010638297535479069	0.31625205278396606	9.999999974752427e-07	-7.275957614183426e-12	0.31625205278396606	0.010526316240429878	0.009009009227156639	1.622538547962904e-09	0.10256187617778778	1.622538547962904e-09	0.0606570690870285	0.008510754443705082	6.666664376098197e-07	-7.275957614183426e-12	9.999999974752427e-07	1.3999997463542968e-06	0.05226297304034233	0.034559715539216995	0.022432174533605576	2.255546860396862e-10	9.999999974752427e-07	9.999999974752427e-07	9.999999974752427e-07	0.008264463394880295	0.009856697171926498	0.010405868291854858	0.008394084870815277	1.622538547962904e-09	1.622538547962904e-09	0.008510754443705082	0.034559715539216995	0.18190431594848633	0.010044899769127369	0.11764705926179886	0.18190434575080872	0.31625205278396606	0.2722354531288147	0.042105261236429214	0.010405870154500008	9.999999974752427e-07	8.000001798791345e-07	0.18190434575080872	1.622538547962904e-09	0.010044898837804794	0.2722354531288147	0.10256189107894897	0.04190482199192047	9.999999974752427e-07	8.000001798791345e-07	0.00729738175868988	0.18190434575080872	1.622538547962904e-09	0.016949152573943138	0.01947261206805706	9.999999974752427e-07	2.255546860396862e-10	1.622538547962904e-09	0.011627906933426857	0.014580924063920975	9.999999974752427e-07	1.622538547962904e-09	9.999999974752427e-07	9.999999974752427e-07	1.622538547962904e-09	1.622538547962904e-09	1.622538547962904e-09	1.622538547962904e-09	6.000000212225132e-07	0.449466347694397	0.08000115305185318	9.999999974752427e-07	0.3330483138561249	-1.3278622645884752e-08	0.034832462668418884	9.999999974752427e-07	0.386263370513916	0.009220771491527557	0.08756303787231445	0.38626334071159363	0.013322059065103531	-1.3278622645884752e-08	9.999999974752427e-07	0.2947915494441986	9.999999974752427e-07	0.029411764815449715	9.999999974752427e-07	-1.3278622645884752e-08	0.008118398487567902	0.010526316240429878	0.2947915494441986	0.2947915196418762	-1.3278622645884752e-08	0.01075268816202879	0.2947915196418762	0.04815457761287689	-1.3278622645884752e-08	0.02777777798473835	0.2947915494441986	0.019186578691005707	9.999999974752427e-07	0.008000478148460388	0.38626328110694885	-1.3278622645884752e-08	1.622538547962904e-09	0.38626334071159363	-1.3278622645884752e-08	-1.3278622645884752e-08	-1.3278622645884752e-08	0.1528805047273636	9.999999974752427e-07	0.08756301552057266	0.009048528037965298	9.999999974752427e-07	1.622538547962904e-09	0.009130999445915222	0.02860131859779358	0.08756303787231445	0.009220770560204983	0.04123711213469505	9.999999974752427e-07	-1.3278622645884752e-08	-1.3278622645884752e-08	-1.3278622645884752e-08	0.00800374150276184	0.01504833996295929	0.029999999329447746	1.622538547962904e-09	0.00909090880304575	9.999999974752427e-07	0.009048528969287872	0.009220771491527557	0.2947915196418762	-1.3278622645884752e-08	0.15288051962852478	0.2499999850988388	0.38626331090927124	0.31386175751686096	-1.3278622645884752e-08	0.032608695328235626	0.009130991995334625	9.999999974752427e-07	0.16192904114723206	-2.4010660126805305e-10	-1.3278622645884752e-08	0.36913180351257324	0.1528804898262024	0.06531748175621033	0.009130991995334625	0.028601333498954773	0.00756189227104187	0.16814157366752625	1.622538547962904e-09	-1.3278622645884752e-08	0.021052632480859756	0.009900989942252636	0.027272727340459824	9.999999974752427e-07	0.005203664302825928	0.008620689623057842	0.007044568657875061	-1.3278622645884752e-08	0.008000478148460388	0.008118398487567902	9.999999974752427e-07	-1.3278622645884752e-08	-1.3278622645884752e-08	-1.3278622645884752e-08	1.622538547962904e-09	0.4417252540588379	0.024390242993831635	9.999999974752427e-07	0.30527326464653015	0.010416666977107525	0.014637134969234467	9.999999974752427e-07	0.37609684467315674	9.999999974752427e-07	0.04878048598766327	0.3760969042778015	0.050991326570510864	9.999999974752427e-07	0.008882244117558002	0.30527329444885254	1.622538547962904e-09	1.622538547962904e-09	1.622538547962904e-09	1.622538547962904e-09	0.030414387583732605	0.012048192322254181	0.29318323731422424	0.30527329444885254	9.999999974752427e-07	0.017391303554177284	0.2670987844467163	0.06562840938568115	1.622538547962904e-09	0.010416666977107525	0.30527329444885254	1.622538547962904e-09	1.622538547962904e-09	1.622538547962904e-09	0.30527329444885254	1.622538547962904e-09	0.010526316240429878	0.37609684467315674	9.999999974752427e-07	9.999999974752427e-07	1.622538547962904e-09	0.14387741684913635	0.025641024112701416	0.07431011646986008	0.032608695328235626	9.999999974752427e-07	0.009615384973585606	1.622538547962904e-09	0.014637134969234467	0.07431010156869888	0.010309278033673763	0.04452749714255333	0.009433962404727936	9.999999974752427e-07	1.622538547962904e-09	1.622538547962904e-09	1.622538547962904e-09	1.622538547962904e-09	0.009569531306624413	1.622538547962904e-09	1.622538547962904e-09	1.622538547962904e-09	0.01123595517128706	9.999999974752427e-07	0.20471768081188202	9.999999974752427e-07	0.14387744665145874	0.2047176957130432	0.3052733242511749	0.30527329444885254	0.026084452867507935	0.009569531306624413	1.622538547962904e-09	0.010101010091602802	0.204717755317688	0.010204081423580647	0.010989011265337467	0.30527329444885254	0.14387741684913635	0.06956726312637329	1.622538547962904e-09	0.014637134969234467	9.999999974752427e-07	0.20471777021884918	0.009803921915590763	9.999999974752427e-07	0.02503982186317444	9.999999974752427e-07	9.999999974752427e-07	0.008882243186235428	0.02057693898677826	9.999999974752427e-07	1.622538547962904e-09	1.622538547962904e-09	1.622538547962904e-09	9.999999974752427e-07	1.622538547962904e-09	1.622538547962904e-09	1.622538547962904e-09	1.622538547962904e-09	1.622538547962904e-09	0.3537144064903259	0.026411600410938263	4.2857209336943924e-07	0.20192477107048035	1.622538547962904e-09	0.027027027681469917	-7.275957614183426e-12	0.2815217971801758	1.622538547962904e-09	0.026411622762680054	0.2815217673778534	0.010256588459014893	9.999999974752427e-07	1.622538547962904e-09	0.20192477107048035	9.999999974752427e-07	1.622538547962904e-09	9.999999974752427e-07	1.622538547962904e-09	0.010256589390337467	1.622538547962904e-09	0.20192474126815796	0.20192478597164154	1.622538547962904e-09	1.622538547962904e-09	0.16246558725833893	0.058733657002449036	1.622538547962904e-09	0.027633339166641235	0.20192477107048035	-1.3278622645884752e-08	1.622538547962904e-09	-1.3278622645884752e-08	0.20192483067512512	0.008206691592931747	9.999999974752427e-07	0.2740027904510498	1.622538547962904e-09	9.999999974752427e-07	1.622538547962904e-09	0.05703481286764145	1.622538547962904e-09	0.02641153335571289	0.03179077059030533	1.622538547962904e-09	9.999999974752427e-07	-1.3278622645884752e-08	0.009401541203260422	0.026411622762680054	0.009916093200445175	0.027633339166641235	4.2857209336943924e-07	1.622538547962904e-09	0.013445600867271423	0.008206691592931747	9.999999974752427e-07	0.013458967208862305	1.2857158253609668e-06	-1.3278622645884752e-08	-1.3278622645884752e-08	1.622538547962904e-09	9.999999974752427e-07	1.622538547962904e-09	0.16246557235717773	1.622538547962904e-09	0.05703481659293175	0.10570608824491501	0.2626262605190277	0.20192477107048035	0.01780684106051922	1.2857121873821598e-06	-1.3278622645884752e-08	9.999999974752427e-07	0.08882559835910797	0.009916089475154877	1.622538547962904e-09	0.20192478597164154	0.05404491350054741	0.027633339166641235	-1.3278622645884752e-08	0.009401543065905571	1.622538547962904e-09	0.1057060956954956	-1.3278622645884752e-08	0.017806850373744965	1.622538547962904e-09	1.622538547962904e-09	4.2857209336943924e-07	1.622538547962904e-09	-7.275957614183426e-12	1.622538547962904e-09	9.999999974752427e-07	1.622538547962904e-09	-1.3278622645884752e-08	9.999999974752427e-07	-1.3278622645884752e-08	0.007519081234931946	1.622538547962904e-09	1.622538547962904e-09	2.255546860396862e-10	0.5330700874328613	0.005072489380836487	5.000001692678779e-07	0.3791336119174957	0.015137098729610443	0.04571791738271713	9.999999974752427e-07	0.47317153215408325	1.622538547962904e-09	0.08930285274982452	0.47317153215408325	0.014180630445480347	0.010177051648497581	9.999999974752427e-07	0.283880352973938	-1.3278622645884752e-08	1.622538547962904e-09	0.00942908227443695	-1.3278622645884752e-08	0.007485590875148773	9.999999974752427e-07	0.2687433063983917	0.3461630940437317	0.011049933731555939	0.012431889772415161	0.21618443727493286	0.05989852547645569	-1.3278622645884752e-08	1.622538547962904e-09	0.2838802933692932	0.030927835032343864	0.04472166299819946	-1.3278622645884752e-08	0.39345017075538635	1.622538547962904e-09	-1.3278622645884752e-08	0.39345014095306396	0.011049933731555939	0.010177051648497581	-1.3278622645884752e-08	0.16346153616905212	0.04000958055257797	0.08930287510156631	-1.3278622645884752e-08	0.010416666977107525	-1.3278622645884752e-08	0.014316469430923462	0.03628883510828018	0.08930285274982452	1.622538547962904e-09	0.0478060245513916	5.000001692678779e-07	0.028037382289767265	1.622538547962904e-09	1.622538547962904e-09	-1.3278622645884752e-08	-1.3278622645884752e-08	1.5000005078036338e-06	1.622538547962904e-09	-1.3278622645884752e-08	9.999999974752427e-07	-1.3278622645884752e-08	1.622538547962904e-09	0.21618443727493286	0.015137098729610443	0.171462744474411	0.21618443727493286	0.39345014095306396	0.3461630940437317	0.05255882441997528	0.005072489380836487	9.999999974752427e-07	0.02286946028470993	0.1714627593755722	1.622538547962904e-09	0.01513710618019104	0.37913358211517334	0.1495407670736313	0.06023794412612915	0.014316461980342865	0.02286946028470993	0.008695651777088642	0.1714627593755722	1.622538547962904e-09	0.010177051648497581	0.012431896291673183	1.622538547962904e-09	5.000001692678779e-07	9.999999974752427e-07	0.00669504702091217	0.007796458899974823	-1.3278622645884752e-08	0.030927835032343864	-1.3278622645884752e-08	0.007485587149858475	-1.3278622645884752e-08	0.02777777798473835	-1.3278622645884752e-08	9.999999974752427e-07	0.008695651777088642	0.3669218420982361	0.04854368790984154	5.000001692678779e-07	0.19233903288841248	1.622538547962904e-09	0.021178677678108215	0.019078679382801056	0.26595744490623474	9.999999974752427e-07	0.0752153992652893	0.29844415187835693	0.01907867193222046	9.999999974752427e-07	0.010416666977107525	0.19233903288841248	0.010324249044060707	0.007624365389347076	1.622538547962904e-09	1.622538547962904e-09	1.622538547962904e-09	9.999999974752427e-07	0.19233901798725128	0.19233904778957367	1.622538547962904e-09	0.026356376707553864	0.16347560286521912	0.040257349610328674	1.622538547962904e-09	1.622538547962904e-09	0.19233901798725128	1.622538547962904e-09	0.015332028269767761	0.0117647061124444	0.24910278618335724	0.01778506115078926	-1.3278622645884752e-08	0.24910277128219604	1.622538547962904e-09	9.999999974752427e-07	1.622538547962904e-09	0.1170303225517273	0.015458554029464722	0.0752154290676117	-1.3278622645884752e-08	0.00909090880304575	-1.3278622645884752e-08	0.009573204442858696	0.021178673952817917	0.0752154216170311	0.018691588193178177	0.015458546578884125	5.000001692678779e-07	0.005539216101169586	1.622538547962904e-09	0.01778506115078926	9.999999974752427e-07	0.0282205268740654	1.5000005078036338e-06	1.622538547962904e-09	9.999999974752427e-07	9.999999974752427e-07	-1.3278622645884752e-08	9.999999974752427e-07	0.16347560286521912	1.622538547962904e-09	0.14051920175552368	0.16347560286521912	0.24910280108451843	0.19233901798725128	0.011078406125307083	0.010101010091602802	0.009573204442858696	0.009177446365356445	0.14051921665668488	0.008695651777088642	1.622538547962904e-09	0.2222222089767456	0.11703035235404968	0.04181492328643799	0.011904762126505375	0.009177444502711296	0.010869565419852734	0.14051920175552368	-1.3278622645884752e-08	0.005539216101169586	0.026356376707553864	1.622538547962904e-09	5.000001692678779e-07	0.009999999776482582	0.019078677520155907	1.622538547962904e-09	0.010324249044060707	9.999999974752427e-07	9.999999974752427e-07	1.622538547962904e-09	9.999999974752427e-07	9.999999974752427e-07	1.622538547962904e-09	9.999999974752427e-07	0.012001223862171173	0.43699368834495544	0.05826278030872345	9.999999974752427e-07	0.2679571807384491	9.999999974752427e-07	0.04900255799293518	1.622538547962904e-09	0.3783048987388611	0.009493403136730194	0.06596280634403229	0.3783048987388611	1.622538547962904e-09	9.999999974752427e-07	0.01123595517128706	0.2679571509361267	-2.4010660126805305e-10	1.622538547962904e-09	-1.3278622645884752e-08	1.622538547962904e-09	1.622538547962904e-09	6.666664376098197e-07	0.2545320391654968	0.2679571509361267	0.010989011265337467	1.3333333299669903e-06	0.20756608247756958	0.049002572894096375	1.622538547962904e-09	0.005720056593418121	0.2679571509361267	1.622538547962904e-09	0.01575428992509842	0.010256916284561157	0.3783048689365387	0.01601792871952057	-2.4010660126805305e-10	0.3783048689365387	0.019911106675863266	9.999999974752427e-07	1.622538547962904e-09	0.1568257212638855	0.013005435466766357	0.11561180651187897	0.01815195381641388	6.666664376098197e-07	0.01815195381641388	0.010526316240429878	0.04900252819061279	0.06741572916507721	0.03269492834806442	0.018725495785474777	0.00909090880304575	-2.4010660126805305e-10	1.622538547962904e-09	0.00917431153357029	0.009686263278126717	0.009686261415481567	0.025567827746272087	9.999999974752427e-07	0.043478261679410934	0.01575428992509842	-2.4010660126805305e-10	0.009493403136730194	0.20756609737873077	9.999999974752427e-07	0.15682576596736908	0.20756609737873077	0.3783048689365387	0.2679571211338043	0.030948013067245483	0.025567827746272087	9.999999974752427e-07	9.999999974752427e-07	0.17497771978378296	0.009708737954497337	0.00909090880304575	0.31832000613212585	0.1568257361650467	0.04121395945549011	0.04972793906927109	0.010204081423580647	0.007700018584728241	0.19181180000305176	9.999999974752427e-07	0.011036910116672516	0.022488445043563843	0.016806723549962044	9.999999974752427e-07	0.009615384973585606	1.622538547962904e-09	1.622538547962904e-09	-2.4010660126805305e-10	1.622538547962904e-09	9.999999974752427e-07	1.622538547962904e-09	0.009803921915590763	1.622538547962904e-09	1.622538547962904e-09	1.622538547962904e-09	9.999999974752427e-07	0.3545212149620056	0.02059110254049301	0.010625112801790237	0.21123084425926208	0.02664199471473694	0.006121933460235596	9.999999974752427e-07	0.3018166422843933	0.006626579910516739	0.02059112675487995	0.3018166720867157	0.018646501004695892	-1.3278622645884752e-08	1.622538547962904e-09	0.1669045239686966	0.015181045979261398	9.999999974752427e-07	1.622538547962904e-09	1.622538547962904e-09	0.010238776914775372	1.622538547962904e-09	0.14026254415512085	0.2112308144569397	-1.3278622645884752e-08	1.622538547962904e-09	0.14026251435279846	0.024768441915512085	1.622538547962904e-09	1.622538547962904e-09	0.2112308144569397	-1.3278622645884752e-08	0.011363636702299118	6.912159733474255e-10	0.23242251574993134	-1.3278622645884752e-08	0.006100691854953766	0.29567739367485046	-1.3278622645884752e-08	-1.3278622645884752e-08	1.622538547962904e-09	0.09294700622558594	1.622538547962904e-09	0.06100180745124817	0.01366463303565979	1.622538547962904e-09	0.007563948631286621	0.011995955370366573	0.0061219483613967896	0.030612245202064514	0.00662657618522644	9.073119144886732e-09	-2.4010660126805305e-10	-1.3278622645884752e-08	-1.3278622645884752e-08	-1.3278622645884752e-08	9.999999974752427e-07	0.027936115860939026	0.010625114664435387	0.027522936463356018	0.007871739566326141	9.999999974752427e-07	1.622538547962904e-09	0.006626579910516739	0.14026251435279846	0.010101010091602802	0.09294699132442474	0.14026251435279846	0.29567742347717285	0.21123076975345612	-1.3278622645884752e-08	0.013964534737169743	0.011995954439043999	0.006121940910816193	0.10661163181066513	1.622538547962904e-09	0.02664199471473694	0.2191026210784912	0.061001840978860855	1.622538547962904e-09	0.013319892808794975	0.006121940910816193	1.622538547962904e-09	0.10661161690950394	9.999999974752427e-07	-1.3278622645884752e-08	1.622538547962904e-09	1.622538547962904e-09	-2.4010660126805305e-10	1.622538547962904e-09	9.999999974752427e-07	1.622538547962904e-09	0.015181045979261398	1.622538547962904e-09	6.912159733474255e-10	0.010238775983452797	0.007871739566326141	0.006139293313026428	1.622538547962904e-09	1.622538547962904e-09	1.622538547962904e-09	0.36081427335739136	0.07295437157154083	0.008505983278155327	0.2816368341445923	0.009365733712911606	0.02610158920288086	-1.3278622645884752e-08	0.309752881526947	8.000001798791345e-07	0.07295437157154083	0.309752881526947	-1.3278622645884752e-08	2.255546860396862e-10	-5.828042048960924e-09	0.22092559933662415	0.024959847331047058	-1.3278622645884752e-08	1.622538547962904e-09	1.622538547962904e-09	-1.3278622645884752e-08	9.999999974752427e-07	0.21155986189842224	0.22092559933662415	2.255546860396862e-10	0.00917431153357029	0.1840570569038391	0.026101604104042053	1.622538547962904e-09	-5.828042048960924e-09	0.22092559933662415	1.622538547962904e-09	-1.3278622645884752e-08	0.008564591407775879	0.29866209626197815	1.622538547962904e-09	9.999999974752427e-07	0.29866212606430054	2.255546860396862e-10	2.255546860396862e-10	1.622538547962904e-09	0.1273503601551056	-5.828042048960924e-09	0.08163265138864517	0.01516491174697876	0.008196720853447914	9.999999974752427e-07	-2.4010660126805305e-10	0.026101604104042053	0.07547169923782349	1.3999997463542968e-06	0.015599853359162807	0.01042632944881916	0.009330726228654385	0.018172089010477066	1.622538547962904e-09	1.622538547962904e-09	0.024959862232208252	0.028257330879569054	9.999999974752427e-07	0.008460655808448792	-1.3278622645884752e-08	9.999999974752427e-07	8.000001798791345e-07	0.14251525700092316	0.009365729987621307	0.1273503601551056	0.14251527190208435	0.29866212606430054	0.2816368341445923	0.00933072715997696	0.05747126415371895	-2.4010660126805305e-10	9.999999974752427e-07	0.14251521229743958	6.000000212225132e-07	0.009365737438201904	0.2900974750518799	0.1273503601551056	0.04308461770415306	-2.4010660126805305e-10	0.009282218292355537	1.622538547962904e-09	0.14251525700092316	9.999999974752427e-07	2.255546860396862e-10	0.027484744787216187	0.017241379246115685	0.009325018152594566	-5.828042048960924e-09	-1.3278622645884752e-08	0.015599831938743591	0.024959854781627655	-2.4010660126805305e-10	9.999999974752427e-07	-1.3278622645884752e-08	0.008460652083158493	0.011090753600001335	1.622538547962904e-09	-2.4010660126805305e-10	0.016819382086396217
8	-15547.466796875	-1	9	57	76	75	26	89	10	62	48	0	26	84	41	29	91	66	5	0	11	24	14	68	37	85	21	0	0	50	22	3	66	33	67	21	43	7	69	12	0	65	50	77	73	24	43	79	5	42	1	78	57	69	21	34	56	0	70	42	76	31	43	49	25	4	73	63	36	3	21	1	46	80	82	49	14	33	40	77	33	47	9	66	48	69	78	85	57	13	11	50	56	7	32	19	59	7	0	8	47	0.5437127947807312	0.08644906431436539	0.010285336524248123	0.4145510792732239	0.012830331921577454	0.010498285293579102	0.010526316240429878	0.4251323938369751	9.999999974752427e-07	0.08644905686378479	0.44155386090278625	0.06554710865020752	9.999999974752427e-07	9.999999974752427e-07	0.4095746874809265	9.999999974752427e-07	0.005317971110343933	1.622538547962904e-09	1.622538547962904e-09	9.999999974752427e-07	0.02298850566148758	0.39674437046051025	0.4095746576786041	9.999999974752427e-07	0.03314200043678284	0.2897196114063263	0.07604538649320602	1.622538547962904e-09	9.999999974752427e-07	0.4095746576786041	0.0049764662981033325	1.622538547962904e-09	1.622538547962904e-09	0.4145510196685791	0.03333333507180214	-1.3278622645884752e-08	0.42513248324394226	9.999999974752427e-07	9.999999974752427e-07	1.622538547962904e-09	0.22580645978450775	0.012048192322254181	0.1361638456583023	-1.3278622645884752e-08	9.999999974752427e-07	-1.3278622645884752e-08	1.622538547962904e-09	0.010498279705643654	0.1361638605594635	0.030567780137062073	0.02411612868309021	1.622538547962904e-09	0.008196720853447914	0.010869565419852734	9.999999974752427e-07	0.010526316240429878	0.026113219559192657	0.019338728860020638	-2.4010660126805305e-10	-1.3278622645884752e-08	1.622538547962904e-09	-1.3278622645884752e-08	0.030567795038223267	0.2705919146537781	9.999999974752427e-07	0.26527389883995056	0.2705919146537781	0.4251324534416199	0.40957462787628174	0.030927833169698715	0.05588129162788391	1.622538547962904e-09	0.010498277842998505	0.2652738690376282	-1.3278622645884752e-08	0.012830331921577454	0.4145510792732239	0.22250455617904663	0.08634074777364731	1.622538547962904e-09	0.010498279705643654	1.622538547962904e-09	0.26527389883995056	0.036036036908626556	0.009900989942252636	0.062224678695201874	0.029082641005516052	0.009053405374288559	9.999999974752427e-07	0.012195121496915817	9.999999974752427e-07	0.008547008968889713	-1.3278622645884752e-08	1.622538547962904e-09	9.999999974752427e-07	-1.3278622645884752e-08	-1.3278622645884752e-08	1.622538547962904e-09	9.999999974752427e-07	1.622538547962904e-09	0.4231007397174835	0.04496558755636215	0.010405869223177433	0.2722354531288147	0.010044899769127369	0.021052632480859756	9.999999974752427e-07	0.31625208258628845	0.018691588193178177	0.05226296931505203	0.31625211238861084	0.01785714365541935	0.010989011265337467	1.622538547962904e-09	0.2722354531288147	9.999999974752427e-07	1.622538547962904e-09	0.019417475908994675	1.622538547962904e-09	9.999999974752427e-07	6.666664376098197e-07	0.2291666716337204	0.2722354531288147	9.999999974752427e-07	1.3333333299669903e-06	0.1819043606519699	0.09699182957410812	1.622538547962904e-09	0.0078512541949749	0.2722354531288147	1.622538547962904e-09	1.622538547962904e-09	0.010638297535479069	0.31625205278396606	9.999999974752427e-07	-7.275957614183426e-12	0.31625205278396606	0.010526316240429878	0.009009009227156639	1.622538547962904e-09	0.10256187617778778	1.622538547962904e-09	0.0606570690870285	0.008510754443705082	6.666664376098197e-07	-7.275957614183426e-12	9.999999974752427e-07	1.3999997463542968e-06	0.05226297304034233	0.034559715539216995	0.022432174533605576	2.255546860396862e-10	9.999999974752427e-07	9.999999974752427e-07	9.999999974752427e-07	0.008264463394880295	0.009856700897216797	0.010405868291854858	0.008394084870815277	1.622538547962904e-09	1.622538547962904e-09	0.008510754443705082	0.034559715539216995	0.18190431594848633	0.010044899769127369	0.11764705926179886	0.18190434575080872	0.31625205278396606	0.2722354531288147	0.042105261236429214	0.010405870154500008	9.999999974752427e-07	8.000001798791345e-07	0.18190434575080872	1.622538547962904e-09	0.010044898837804794	0.2722354531288147	0.10256189107894897	0.04190482199192047	9.999999974752427e-07	8.000001798791345e-07	0.00729738175868988	0.18190434575080872	1.622538547962904e-09	0.016949152573943138	0.01947261206805706	9.999999974752427e-07	2.255546860396862e-10	1.622538547962904e-09	0.011627906933426857	0.014580924063920975	9.999999974752427e-07	1.622538547962904e-09	9.999999974752427e-07	9.999999974752427e-07	1.622538547962904e-09	1.622538547962904e-09	1.622538547962904e-09	9.999999974752427e-07	6.000000212225132e-07	0.4494662880897522	0.08000115305185318	9.999999974752427e-07	0.3330483138561249	-1.3278622645884752e-08	0.03483249247074127	9.999999974752427e-07	0.386263370513916	0.009220771491527557	0.08756303787231445	0.38626334071159363	0.013322077691555023	-1.3278622645884752e-08	9.999999974752427e-07	0.2947915494441986	9.999999974752427e-07	0.029411764815449715	9.999999974752427e-07	-1.3278622645884752e-08	0.008118398487567902	0.010526316240429878	0.2947915494441986	0.2947915196418762	-1.3278622645884752e-08	0.01075268816202879	0.2947915196418762	0.04815460741519928	-1.3278622645884752e-08	0.02777777798473835	0.2947915494441986	0.019186578691005707	9.999999974752427e-07	0.008000463247299194	0.38626325130462646	-1.3278622645884752e-08	1.622538547962904e-09	0.38626331090927124	-1.3278622645884752e-08	-1.3278622645884752e-08	-1.3278622645884752e-08	0.1528805047273636	9.999999974752427e-07	0.08756301552057266	0.009048528037965298	9.999999974752427e-07	1.622538547962904e-09	0.009130984544754028	0.02860131859779358	0.08756303787231445	0.009220770560204983	0.04123711213469505	9.999999974752427e-07	-1.3278622645884752e-08	-1.3278622645884752e-08	-1.3278622645884752e-08	0.008003763854503632	0.015048369765281677	0.029999999329447746	1.622538547962904e-09	0.00909090880304575	9.999999974752427e-07	0.009048528969287872	0.009220771491527557	0.2947915196418762	-1.3278622645884752e-08	0.15288051962852478	0.2499999850988388	0.38626334071159363	0.31386175751686096	-1.3278622645884752e-08	0.032608695328235626	0.009130991995334625	9.999999974752427e-07	0.16192904114723206	-2.4010660126805305e-10	-1.3278622645884752e-08	0.36913180351257324	0.1528804898262024	0.06531748175621033	0.009130977094173431	0.028601333498954773	0.00756189227104187	0.16814157366752625	1.622538547962904e-09	-1.3278622645884752e-08	0.021052632480859756	0.009900989942252636	0.027272727340459824	9.999999974752427e-07	0.005203664302825928	0.008620689623057842	0.007044591009616852	-1.3278622645884752e-08	0.008000463247299194	0.008118398487567902	9.999999974752427e-07	-1.3278622645884752e-08	-1.3278622645884752e-08	9.999999974752427e-07	1.622538547962904e-09	0.4417252242565155	0.024390242993831635	9.999999974752427e-07	0.30527326464653015	0.010416666977107525	0.014637134969234467	9.999999974752427e-07	0.3760969042778015	9.999999974752427e-07	0.04878048598766327	0.3760969042778015	0.05099133402109146	9.999999974752427e-07	0.008882244117558002	0.30527329444885254	1.622538547962904e-09	1.622538547962904e-09	1.622538547962904e-09	1.622538547962904e-09	0.030414395034313202	0.012048192322254181	0.29318323731422424	0.30527329444885254	9.999999974752427e-07	0.017391303554177284	0.2670987844467163	0.06562843918800354	1.622538547962904e-09	0.010416666977107525	0.30527329444885254	1.622538547962904e-09	1.622538547962904e-09	1.622538547962904e-09	0.30527329444885254	1.622538547962904e-09	0.010526316240429878	0.3760969042778015	9.999999974752427e-07	9.999999974752427e-07	1.622538547962904e-09	0.14387741684913635	0.025641024112701416	0.07431011646986008	0.032608695328235626	9.999999974752427e-07	0.009615384973585606	1.622538547962904e-09	0.014637134969234467	0.07431010156869888	0.010309278033673763	0.04452749714255333	0.009433962404727936	9.999999974752427e-07	1.622538547962904e-09	1.622538547962904e-09	1.622538547962904e-09	1.622538547962904e-09	0.009569531306624413	1.622538547962904e-09	1.622538547962904e-09	1.622538547962904e-09	0.01123595517128706	9.999999974752427e-07	0.20471768081188202	9.999999974752427e-07	0.14387744665145874	0.2047176957130432	0.3052733242511749	0.30527329444885254	0.026084452867507935	0.009569531306624413	1.622538547962904e-09	0.010101010091602802	0.204717755317688	0.010204081423580647	0.010989011265337467	0.30527329444885254	0.14387741684913635	0.06956726312637329	1.622538547962904e-09	0.01463712751865387	9.999999974752427e-07	0.20471777021884918	0.009803921915590763	9.999999974752427e-07	0.02503982186317444	9.999999974752427e-07	9.999999974752427e-07	0.008882243186235428	0.020576931536197662	9.999999974752427e-07	1.622538547962904e-09	1.622538547962904e-09	1.622538547962904e-09	9.999999974752427e-07	1.622538547962904e-09	1.622538547962904e-09	1.622538547962904e-09	9.999999974752427e-07	1.622538547962904e-09	0.3537144362926483	0.026411600410938263	4.2857209336943924e-07	0.20192477107048035	1.622538547962904e-09	0.027027027681469917	-7.275957614183426e-12	0.28152182698249817	1.622538547962904e-09	0.026411622762680054	0.2815217971801758	0.010256588459014893	9.999999974752427e-07	1.622538547962904e-09	0.20192477107048035	9.999999974752427e-07	1.622538547962904e-09	9.999999974752427e-07	1.622538547962904e-09	0.010256589390337467	1.622538547962904e-09	0.20192474126815796	0.20192478597164154	1.622538547962904e-09	1.622538547962904e-09	0.16246558725833893	0.05873368680477142	1.622538547962904e-09	0.027633339166641235	0.20192477107048035	-1.3278622645884752e-08	1.622538547962904e-09	-1.3278622645884752e-08	0.20192483067512512	0.008206691592931747	9.999999974752427e-07	0.2740027904510498	1.622538547962904e-09	9.999999974752427e-07	1.622538547962904e-09	0.05703481286764145	1.622538547962904e-09	0.02641153335571289	0.03179077059030533	1.622538547962904e-09	9.999999974752427e-07	-1.3278622645884752e-08	0.009401541203260422	0.026411622762680054	0.009916089475154877	0.027633339166641235	4.2857209336943924e-07	1.622538547962904e-09	0.013445600867271423	0.008206691592931747	9.999999974752427e-07	0.013458997011184692	1.2857158253609668e-06	-1.3278622645884752e-08	-1.3278622645884752e-08	1.622538547962904e-09	9.999999974752427e-07	1.622538547962904e-09	0.16246557235717773	1.622538547962904e-09	0.05703481659293175	0.10570608824491501	0.2626262605190277	0.20192477107048035	0.01780684106051922	1.2857121873821598e-06	-1.3278622645884752e-08	9.999999974752427e-07	0.08882559835910797	0.009916093200445175	1.622538547962904e-09	0.20192478597164154	0.05404491350054741	0.027633339166641235	-1.3278622645884752e-08	0.009401543065905571	1.622538547962904e-09	0.1057060956954956	-1.3278622645884752e-08	0.017806850373744965	1.622538547962904e-09	1.622538547962904e-09	4.2857209336943924e-07	1.622538547962904e-09	-7.275957614183426e-12	1.622538547962904e-09	9.999999974752427e-07	1.622538547962904e-09	-1.3278622645884752e-08	9.999999974752427e-07	-1.3278622645884752e-08	0.007519088685512543	1.622538547962904e-09	1.622538547962904e-09	2.255546860396862e-10	0.5330700874328613	0.005072489380836487	5.000001692678779e-07	0.3791336119174957	0.015137091279029846	0.04571787267923355	9.999999974752427e-07	0.4731714725494385	1.622538547962904e-09	0.08930285274982452	0.4731714725494385	0.014180600643157959	0.010177051648497581	9.999999974752427e-07	0.2838803231716156	-1.3278622645884752e-08	1.622538547962904e-09	0.00942906178534031	-1.3278622645884752e-08	0.007485568523406982	9.999999974752427e-07	0.26874327659606934	0.3461630642414093	0.011049933731555939	0.012431889772415161	0.21618442237377167	0.05989852547645569	-1.3278622645884752e-08	1.622538547962904e-09	0.2838802933692932	0.030927835032343864	0.04472164809703827	-1.3278622645884752e-08	0.3934500813484192	1.622538547962904e-09	-1.3278622645884752e-08	0.3934501111507416	0.011049933731555939	0.010177051648497581	-1.3278622645884752e-08	0.16346153616905212	0.04000958055257797	0.08930283039808273	-1.3278622645884752e-08	0.010416666977107525	-1.3278622645884752e-08	0.014316469430923462	0.03628882020711899	0.08930286765098572	1.622538547962904e-09	0.0478060245513916	5.000001692678779e-07	0.028037382289767265	1.622538547962904e-09	1.622538547962904e-09	-1.3278622645884752e-08	-1.3278622645884752e-08	1.5000005078036338e-06	1.622538547962904e-09	-1.3278622645884752e-08	9.999999974752427e-07	-1.3278622645884752e-08	1.622538547962904e-09	0.21618442237377167	0.015137091279029846	0.171462744474411	0.21618443727493286	0.3934501111507416	0.3461630642414093	0.05255880951881409	0.005072489380836487	9.999999974752427e-07	0.02286946028470993	0.1714627593755722	1.622538547962904e-09	0.015137076377868652	0.37913358211517334	0.14954079687595367	0.06023791432380676	0.014316476881504059	0.02286946028470993	0.008695651777088642	0.1714627593755722	1.622538547962904e-09	0.010177051648497581	0.012431897222995758	1.622538547962904e-09	5.000001692678779e-07	9.999999974752427e-07	0.006695017218589783	0.007796458899974823	-1.3278622645884752e-08	0.030927835032343864	-1.3278622645884752e-08	0.007485572248697281	-1.3278622645884752e-08	0.02777777798473835	-1.3278622645884752e-08	1.622538547962904e-09	0.008695651777088642	0.3669218420982361	0.04854368790984154	5.000001692678779e-07	0.19233903288841248	1.622538547962904e-09	0.021178677678108215	0.01907866820693016	0.26595741510391235	9.999999974752427e-07	0.0752153992652893	0.2984440326690674	0.01907867193222046	9.999999974752427e-07	0.010416666977107525	0.19233903288841248	0.010324249044060707	0.007624365389347076	1.622538547962904e-09	1.622538547962904e-09	1.622538547962904e-09	9.999999974752427e-07	0.19233901798725128	0.19233904778957367	1.622538547962904e-09	0.026356376707553864	0.16347560286521912	0.04025731980800629	1.622538547962904e-09	1.622538547962904e-09	0.19233901798725128	1.622538547962904e-09	0.015332028269767761	0.0117647061124444	0.24910278618335724	0.01778506115078926	-1.3278622645884752e-08	0.24910277128219604	1.622538547962904e-09	9.999999974752427e-07	1.622538547962904e-09	0.1170303225517273	0.015458554029464722	0.0752154290676117	-1.3278622645884752e-08	0.00909090880304575	-1.3278622645884752e-08	0.009573204442858696	0.02117867022752762	0.0752154216170311	0.018691588193178177	0.015458546578884125	5.000001692678779e-07	0.005539216101169586	1.622538547962904e-09	0.01778506115078926	9.999999974752427e-07	0.02822047472000122	1.5000005078036338e-06	1.622538547962904e-09	9.999999974752427e-07	9.999999974752427e-07	-1.3278622645884752e-08	9.999999974752427e-07	0.16347560286521912	1.622538547962904e-09	0.14051920175552368	0.16347560286521912	0.24910280108451843	0.19233901798725128	0.011078406125307083	0.010101010091602802	0.009573204442858696	0.009177442640066147	0.14051921665668488	0.008695651777088642	1.622538547962904e-09	0.2222222089767456	0.11703035235404968	0.04181492328643799	0.011904762126505375	0.009177440777420998	0.010869565419852734	0.14051920175552368	-1.3278622645884752e-08	0.005539216101169586	0.026356376707553864	1.622538547962904e-09	5.000001692678779e-07	0.009999999776482582	0.01907867006957531	1.622538547962904e-09	0.010324249044060707	9.999999974752427e-07	9.999999974752427e-07	1.622538547962904e-09	9.999999974752427e-07	9.999999974752427e-07	1.622538547962904e-09	9.999999974752427e-07	0.012001216411590576	0.43699371814727783	0.05826278030872345	9.999999974752427e-07	0.2679571807384491	9.999999974752427e-07	0.04900254309177399	1.622538547962904e-09	0.3783048689365387	0.009493403136730194	0.06596280634403229	0.3783048391342163	1.622538547962904e-09	9.999999974752427e-07	0.01123595517128706	0.2679571509361267	-2.4010660126805305e-10	1.622538547962904e-09	-1.3278622645884752e-08	1.622538547962904e-09	1.622538547962904e-09	6.666664376098197e-07	0.2545320391654968	0.2679571509361267	0.010989011265337467	1.3333333299669903e-06	0.20756608247756958	0.04900255426764488	1.622538547962904e-09	0.005720056593418121	0.2679571509361267	1.622538547962904e-09	0.01575428992509842	0.010256931185722351	0.3783048391342163	0.01601792871952057	-2.4010660126805305e-10	0.3783048689365387	0.019911106675863266	9.999999974752427e-07	1.622538547962904e-09	0.1568257212638855	0.013005435466766357	0.11561180651187897	0.01815195381641388	6.666664376098197e-07	0.01815195381641388	0.010526316240429878	0.04900252819061279	0.06741572916507721	0.03269492834806442	0.018725495785474777	0.00909090880304575	-2.4010660126805305e-10	1.622538547962904e-09	0.00917431153357029	0.009686267003417015	0.009686268866062164	0.025567827746272087	9.999999974752427e-07	0.043478261679410934	0.01575428992509842	-2.4010660126805305e-10	0.009493403136730194	0.20756609737873077	9.999999974752427e-07	0.15682576596736908	0.20756609737873077	0.3783048689365387	0.2679571211338043	0.030948013067245483	0.025567827746272087	9.999999974752427e-07	9.999999974752427e-07	0.17497771978378296	0.009708737954497337	0.00909090880304575	0.31832000613212585	0.1568257361650467	0.04121395945549011	0.04972795397043228	0.010204081423580647	0.007700018584728241	0.19181180000305176	9.999999974752427e-07	0.011036910116672516	0.022488445043563843	0.016806723549962044	9.999999974752427e-07	0.009615384973585606	1.622538547962904e-09	1.622538547962904e-09	-2.4010660126805305e-10	1.622538547962904e-09	9.999999974752427e-07	1.622538547962904e-09	0.009803921915590763	1.622538547962904e-09	1.622538547962904e-09	9.999999974752427e-07	9.999999974752427e-07	0.3545213043689728	0.02059110254049301	0.010625112801790237	0.21123084425926208	0.02664199471473694	0.0061219222843647	9.999999974752427e-07	0.3018166422843933	0.006626579910516739	0.02059112675487995	0.3018166720867157	0.01864650845527649	-1.3278622645884752e-08	1.622538547962904e-09	0.1669045239686966	0.015181045979261398	9.999999974752427e-07	1.622538547962904e-09	1.622538547962904e-09	0.010238776914775372	1.622538547962904e-09	0.14026254415512085	0.2112308144569397	-1.3278622645884752e-08	1.622538547962904e-09	0.14026251435279846	0.024768419563770294	1.622538547962904e-09	1.622538547962904e-09	0.2112308144569397	-1.3278622645884752e-08	0.011363636702299118	6.912159733474255e-10	0.23242251574993134	-1.3278622645884752e-08	0.006100691854953766	0.29567739367485046	-1.3278622645884752e-08	-1.3278622645884752e-08	1.622538547962904e-09	0.09294700622558594	1.622538547962904e-09	0.06100180745124817	0.01366463303565979	1.622538547962904e-09	0.007563948631286621	0.011995955370366573	0.0061219483613967896	0.030612245202064514	0.00662657618522644	9.073119144886732e-09	-2.4010660126805305e-10	-1.3278622645884752e-08	-1.3278622645884752e-08	-1.3278622645884752e-08	9.999999974752427e-07	0.027936100959777832	0.010625114664435387	0.027522936463356018	0.007871739566326141	9.999999974752427e-07	1.622538547962904e-09	0.006626579910516739	0.14026251435279846	0.010101010091602802	0.09294699132442474	0.14026251435279846	0.29567742347717285	0.21123076975345612	-1.3278622645884752e-08	0.013964534737169743	0.011995954439043999	0.0061219483613967896	0.10661163181066513	1.622538547962904e-09	0.02664199471473694	0.2191026210784912	0.061001840978860855	1.622538547962904e-09	0.013319892808794975	0.0061219483613967896	1.622538547962904e-09	0.10661161690950394	9.999999974752427e-07	-1.3278622645884752e-08	1.622538547962904e-09	1.622538547962904e-09	-2.4010660126805305e-10	1.622538547962904e-09	9.999999974752427e-07	1.622538547962904e-09	0.015181045979261398	1.622538547962904e-09	6.912159733474255e-10	0.010238775983452797	0.007871739566326141	0.006139293313026428	1.622538547962904e-09	9.999999974752427e-07	1.622538547962904e-09	0.36081427335739136	0.07295437157154083	0.008505983278155327	0.2816368341445923	0.009365733712911606	0.026101619005203247	-1.3278622645884752e-08	0.3097529113292694	8.571430498705013e-07	0.07295437157154083	0.3097529113292694	-1.3278622645884752e-08	2.255546860396862e-10	-5.828042048960924e-09	0.22092559933662415	0.024959877133369446	-1.3278622645884752e-08	1.622538547962904e-09	1.622538547962904e-09	-1.3278622645884752e-08	9.999999974752427e-07	0.21155986189842224	0.22092559933662415	2.255546860396862e-10	0.00917431153357029	0.1840570569038391	0.026101604104042053	1.622538547962904e-09	-5.828042048960924e-09	0.22092559933662415	1.622538547962904e-09	-1.3278622645884752e-08	0.008564604446291924	0.2986621558666229	1.622538547962904e-09	9.999999974752427e-07	0.2986621558666229	2.255546860396862e-10	2.255546860396862e-10	1.622538547962904e-09	0.1273503601551056	-5.828042048960924e-09	0.08163265138864517	0.01516491174697876	0.008196720853447914	9.999999974752427e-07	-2.4010660126805305e-10	0.026101619005203247	0.07547169923782349	1.4285710676631425e-06	0.015599853359162807	0.01042632944881916	0.009330726228654385	0.018172089010477066	1.622538547962904e-09	1.622538547962904e-09	0.024959877133369446	0.028257330879569054	9.999999974752427e-07	0.008460652083158493	-1.3278622645884752e-08	9.999999974752427e-07	8.571428224968258e-07	0.14251525700092316	0.009365729987621307	0.1273503601551056	0.14251527190208435	0.2986621558666229	0.2816368341445923	0.00933072715997696	0.05747126415371895	-2.4010660126805305e-10	9.999999974752427e-07	0.14251521229743958	5.714291546610184e-07	0.009365737438201904	0.29009753465652466	0.1273503601551056	0.04308461770415306	-2.4010660126805305e-10	0.009282229468226433	1.622538547962904e-09	0.14251525700092316	9.999999974752427e-07	2.255546860396862e-10	0.027484744787216187	0.017241379246115685	0.009325018152594566	-5.828042048960924e-09	-1.3278622645884752e-08	0.015599831938743591	0.02495986968278885	-2.4010660126805305e-10	9.999999974752427e-07	-1.3278622645884752e-08	0.008460652083158493	0.011090751737356186	1.622538547962904e-09	8.571430498705013e-07	0.016819393262267113
9	-15547.466796875	-1	9	57	76	75	26	89	10	62	48	0	26	84	41	29	91	66	5	0	11	24	14	68	37	85	21	0	0	50	22	3	66	33	67	21	43	7	69	12	0	65	50	77	73	24	43	79	5	42	1	78	57	69	21	34	56	0	70	42	76	31	43	49	25	4	73	63	36	3	21	1	46	80	82	49	14	33	40	77	33	47	9	66	48	69	78	85	57	13	11	50	56	7	32	19	59	7	0	9	47	0.5437127947807312	0.08644907176494598	0.010285336524248123	0.4145510792732239	0.012830331921577454	0.010498285293579102	0.010526316240429878	0.4251323938369751	9.999999974752427e-07	0.08644911646842957	0.44155386090278625	0.06554710865020752	9.999999974752427e-07	9.999999974752427e-07	0.4095746874809265	9.999999974752427e-07	0.005317971110343933	1.622538547962904e-09	1.622538547962904e-09	9.999999974752427e-07	0.02298850566148758	0.39674437046051025	0.4095746576786041	9.999999974752427e-07	0.03314200043678284	0.2897196114063263	0.07604538649320602	1.622538547962904e-09	9.999999974752427e-07	0.4095746576786041	0.0049764662981033325	1.622538547962904e-09	1.622538547962904e-09	0.4145510196685791	0.03333333507180214	-1.3278622645884752e-08	0.42513248324394226	9.999999974752427e-07	9.999999974752427e-07	1.622538547962904e-09	0.22580645978450775	0.012048192322254181	0.1361638456583023	-1.3278622645884752e-08	9.999999974752427e-07	-1.3278622645884752e-08	1.622538547962904e-09	0.010498279705643654	0.1361638605594635	0.030567780137062073	0.02411612868309021	1.622538547962904e-09	0.008196720853447914	0.010869565419852734	9.999999974752427e-07	0.010526316240429878	0.026113219559192657	0.019338728860020638	-2.4010660126805305e-10	-1.3278622645884752e-08	1.622538547962904e-09	-1.3278622645884752e-08	0.03056773543357849	0.2705919146537781	9.999999974752427e-07	0.26527389883995056	0.2705919146537781	0.4251324534416199	0.40957462787628174	0.030927833169698715	0.055881232023239136	1.622538547962904e-09	0.010498277842998505	0.2652738690376282	-1.3278622645884752e-08	0.012830331921577454	0.4145510792732239	0.22250455617904663	0.08634074777364731	1.622538547962904e-09	0.010498279705643654	1.622538547962904e-09	0.26527389883995056	0.036036036908626556	0.009900989942252636	0.062224678695201874	0.029082641005516052	0.009053405374288559	9.999999974752427e-07	0.012195121496915817	9.999999974752427e-07	0.008547008968889713	-1.3278622645884752e-08	1.622538547962904e-09	9.999999974752427e-07	-1.3278622645884752e-08	-1.3278622645884752e-08	1.622538547962904e-09	1.622538547962904e-09	1.622538547962904e-09	0.4231007397174835	0.04496558755636215	0.010405868291854858	0.2722354531288147	0.010044899769127369	0.021052632480859756	9.999999974752427e-07	0.31625208258628845	0.018691588193178177	0.05226298049092293	0.31625211238861084	0.01785714365541935	0.010989011265337467	1.622538547962904e-09	0.2722354531288147	9.999999974752427e-07	1.622538547962904e-09	0.019417475908994675	1.622538547962904e-09	9.999999974752427e-07	6.666664376098197e-07	0.2291666716337204	0.2722354531288147	9.999999974752427e-07	1.3333333299669903e-06	0.1819043606519699	0.09699182957410812	1.622538547962904e-09	0.0078512541949749	0.2722354531288147	1.622538547962904e-09	1.622538547962904e-09	0.010638297535479069	0.31625205278396606	9.999999974752427e-07	-7.275957614183426e-12	0.31625205278396606	0.010526316240429878	0.009009009227156639	1.622538547962904e-09	0.10256186127662659	1.622538547962904e-09	0.06065705791115761	0.008510754443705082	6.666664376098197e-07	-7.275957614183426e-12	9.999999974752427e-07	1.3999997463542968e-06	0.05226299539208412	0.034559715539216995	0.022432178258895874	2.255546860396862e-10	9.999999974752427e-07	9.999999974752427e-07	9.999999974752427e-07	0.008264463394880295	0.009856700897216797	0.010405868291854858	0.008394096046686172	1.622538547962904e-09	1.622538547962904e-09	0.008510754443705082	0.034559719264507294	0.18190431594848633	0.010044899769127369	0.11764705926179886	0.18190434575080872	0.31625205278396606	0.2722354531288147	0.042105261236429214	0.01040586642920971	9.999999974752427e-07	8.000001798791345e-07	0.18190434575080872	1.622538547962904e-09	0.010044898837804794	0.2722354531288147	0.10256187617778778	0.041904836893081665	9.999999974752427e-07	8.000001798791345e-07	0.00729738175868988	0.18190434575080872	1.622538547962904e-09	0.016949152573943138	0.01947261206805706	9.999999974752427e-07	2.255546860396862e-10	1.622538547962904e-09	0.011627906933426857	0.014580924063920975	9.999999974752427e-07	1.622538547962904e-09	9.999999974752427e-07	9.999999974752427e-07	1.622538547962904e-09	1.622538547962904e-09	1.622538547962904e-09	1.622538547962904e-09	6.000000212225132e-07	0.44946640729904175	0.08000115305185318	9.999999974752427e-07	0.33304834365844727	-1.3278622645884752e-08	0.034832462668418884	9.999999974752427e-07	0.3862634301185608	0.009220771491527557	0.08756303787231445	0.386263370513916	0.01332206279039383	-1.3278622645884752e-08	9.999999974752427e-07	0.294791579246521	9.999999974752427e-07	0.029411764815449715	9.999999974752427e-07	-1.3278622645884752e-08	0.008118391036987305	0.010526316240429878	0.294791579246521	0.294791579246521	-1.3278622645884752e-08	0.01075268816202879	0.2947915494441986	0.048154592514038086	-1.3278622645884752e-08	0.02777777798473835	0.2947916090488434	0.019186578691005707	9.999999974752427e-07	0.008000493049621582	0.38626328110694885	-1.3278622645884752e-08	1.622538547962904e-09	0.38626334071159363	-1.3278622645884752e-08	-1.3278622645884752e-08	-1.3278622645884752e-08	0.1528805047273636	9.999999974752427e-07	0.08756303787231445	0.009048539213836193	9.999999974752427e-07	1.622538547962904e-09	0.009131006896495819	0.02860131859779358	0.08756303787231445	0.009220770560204983	0.04123711213469505	9.999999974752427e-07	-1.3278622645884752e-08	-1.3278622645884752e-08	-1.3278622645884752e-08	0.00800374150276184	0.01504833996295929	0.029999999329447746	1.622538547962904e-09	0.00909090880304575	9.999999974752427e-07	0.009048540145158768	0.009220771491527557	0.2947915494441986	-1.3278622645884752e-08	0.15288051962852478	0.25	0.3862634003162384	0.31386178731918335	-1.3278622645884752e-08	0.032608695328235626	0.009131014347076416	9.999999974752427e-07	0.16192904114723206	-2.4010660126805305e-10	-1.3278622645884752e-08	0.36913183331489563	0.15288051962852478	0.06531748920679092	0.009130991995334625	0.028601333498954773	0.007561890408396721	0.16814158856868744	1.622538547962904e-09	-1.3278622645884752e-08	0.021052632480859756	0.009900989942252636	0.027272727340459824	9.999999974752427e-07	0.005203649401664734	0.008620689623057842	0.007044568657875061	-1.3278622645884752e-08	0.008000493049621582	0.008118391036987305	9.999999974752427e-07	-1.3278622645884752e-08	-1.3278622645884752e-08	-2.4010660126805305e-10	1.622538547962904e-09	0.4417252242565155	0.024390242993831635	9.999999974752427e-07	0.30527326464653015	0.010416666977107525	0.014637134969234467	9.999999974752427e-07	0.3760969042778015	9.999999974752427e-07	0.04878048598766327	0.3760969042778015	0.05099133402109146	9.999999974752427e-07	0.008882244117558002	0.30527329444885254	1.622538547962904e-09	1.622538547962904e-09	1.622538547962904e-09	1.622538547962904e-09	0.030414395034313202	0.012048192322254181	0.29318323731422424	0.30527329444885254	9.999999974752427e-07	0.017391303554177284	0.2670987844467163	0.06562843918800354	1.622538547962904e-09	0.010416666977107525	0.30527329444885254	1.622538547962904e-09	1.622538547962904e-09	1.622538547962904e-09	0.30527329444885254	1.622538547962904e-09	0.010526316240429878	0.3760969042778015	9.999999974752427e-07	9.999999974752427e-07	1.622538547962904e-09	0.14387738704681396	0.025641024112701416	0.07431015372276306	0.032608695328235626	9.999999974752427e-07	0.009615384973585606	1.622538547962904e-09	0.014637134969234467	0.07431015372276306	0.010309278033673763	0.04452752694487572	0.009433962404727936	9.999999974752427e-07	1.622538547962904e-09	1.622538547962904e-09	1.622538547962904e-09	1.622538547962904e-09	0.009569531306624413	1.622538547962904e-09	1.622538547962904e-09	1.622538547962904e-09	0.01123595517128706	9.999999974752427e-07	0.20471768081188202	9.999999974752427e-07	0.14387738704681396	0.2047176957130432	0.3052733242511749	0.30527329444885254	0.026084452867507935	0.009569531306624413	1.622538547962904e-09	0.010101010091602802	0.204717755317688	0.010204081423580647	0.010989011265337467	0.30527329444885254	0.14387741684913635	0.06956733763217926	1.622538547962904e-09	0.01463712751865387	9.999999974752427e-07	0.20471777021884918	0.009803921915590763	9.999999974752427e-07	0.02503982186317444	9.999999974752427e-07	9.999999974752427e-07	0.008882243186235428	0.020576931536197662	9.999999974752427e-07	1.622538547962904e-09	1.622538547962904e-09	1.622538547962904e-09	9.999999974752427e-07	1.622538547962904e-09	1.622538547962904e-09	1.622538547962904e-09	9.999999974752427e-07	1.622538547962904e-09	0.3537144362926483	0.02641158550977707	4.2857209336943924e-07	0.20192477107048035	1.622538547962904e-09	0.027027027681469917	-7.275957614183426e-12	0.28152182698249817	1.622538547962904e-09	0.026411592960357666	0.2815217971801758	0.010256588459014893	9.999999974752427e-07	1.622538547962904e-09	0.20192477107048035	9.999999974752427e-07	1.622538547962904e-09	9.999999974752427e-07	1.622538547962904e-09	0.010256589390337467	1.622538547962904e-09	0.20192474126815796	0.20192478597164154	1.622538547962904e-09	1.622538547962904e-09	0.16246558725833893	0.05873368680477142	1.622538547962904e-09	0.027633346617221832	0.20192477107048035	-1.3278622645884752e-08	1.622538547962904e-09	-1.3278622645884752e-08	0.20192483067512512	0.008206691592931747	9.999999974752427e-07	0.2740027904510498	1.622538547962904e-09	9.999999974752427e-07	1.622538547962904e-09	0.057034820318222046	1.622538547962904e-09	0.02641156315803528	0.03179077059030533	1.622538547962904e-09	9.999999974752427e-07	-1.3278622645884752e-08	0.009401541203260422	0.026411622762680054	0.009916093200445175	0.02763335406780243	4.2857209336943924e-07	1.622538547962904e-09	0.013445600867271423	0.008206691592931747	9.999999974752427e-07	0.013458997011184692	1.2857158253609668e-06	-1.3278622645884752e-08	-1.3278622645884752e-08	1.622538547962904e-09	9.999999974752427e-07	1.622538547962904e-09	0.16246557235717773	1.622538547962904e-09	0.05703481286764145	0.10570608824491501	0.2626262605190277	0.20192477107048035	0.01780684106051922	1.2857121873821598e-06	-1.3278622645884752e-08	9.999999974752427e-07	0.08882559835910797	0.009916089475154877	1.622538547962904e-09	0.20192478597164154	0.05404491350054741	0.027633346617221832	-1.3278622645884752e-08	0.009401543065905571	1.622538547962904e-09	0.1057060956954956	-1.3278622645884752e-08	0.017806850373744965	1.622538547962904e-09	1.622538547962904e-09	4.2857209336943924e-07	1.622538547962904e-09	-7.275957614183426e-12	1.622538547962904e-09	9.999999974752427e-07	1.622538547962904e-09	-1.3278622645884752e-08	9.999999974752427e-07	-1.3278622645884752e-08	0.007519088685512543	1.622538547962904e-09	1.622538547962904e-09	2.255546860396862e-10	0.5330701470375061	0.005072489380836487	5.000001692678779e-07	0.3791336119174957	0.015137098729610443	0.04571789503097534	9.999999974752427e-07	0.47317150235176086	1.622538547962904e-09	0.08930285274982452	0.47317150235176086	0.014180606231093407	0.010177051648497581	9.999999974752427e-07	0.283880352973938	-1.3278622645884752e-08	1.622538547962904e-09	0.009429067373275757	-1.3278622645884752e-08	0.007485583424568176	9.999999974752427e-07	0.2687433063983917	0.3461630940437317	0.011049933731555939	0.012431889772415161	0.21618443727493286	0.059898555278778076	-1.3278622645884752e-08	1.622538547962904e-09	0.2838802933692932	0.030927835032343864	0.04472166299819946	-1.3278622645884752e-08	0.39345017075538635	1.622538547962904e-09	-1.3278622645884752e-08	0.39345014095306396	0.011049933731555939	0.010177051648497581	-1.3278622645884752e-08	0.16346153616905212	0.04000958055257797	0.08930287510156631	-1.3278622645884752e-08	0.010416666977107525	-1.3278622645884752e-08	0.014316469430923462	0.036288827657699585	0.08930285274982452	1.622538547962904e-09	0.0478060245513916	5.000001692678779e-07	0.028037382289767265	1.622538547962904e-09	1.622538547962904e-09	-1.3278622645884752e-08	-1.3278622645884752e-08	1.5000005078036338e-06	1.622538547962904e-09	-1.3278622645884752e-08	9.999999974752427e-07	-1.3278622645884752e-08	1.622538547962904e-09	0.21618443727493286	0.015137098729610443	0.171462744474411	0.21618443727493286	0.39345014095306396	0.3461630940437317	0.05255882441997528	0.005072489380836487	9.999999974752427e-07	0.02286946028470993	0.1714627593755722	1.622538547962904e-09	0.01513710618019104	0.37913358211517334	0.1495407670736313	0.06023794412612915	0.014316461980342865	0.02286946028470993	0.008695651777088642	0.1714627593755722	1.622538547962904e-09	0.010177051648497581	0.012431896291673183	1.622538547962904e-09	5.000001692678779e-07	9.999999974752427e-07	0.0066950395703315735	0.007796458899974823	-1.3278622645884752e-08	0.030927835032343864	-1.3278622645884752e-08	0.007485583424568176	-1.3278622645884752e-08	0.02777777798473835	-1.3278622645884752e-08	9.999999974752427e-07	0.008695651777088642	0.3669218420982361	0.04854368790984154	5.000001692678779e-07	0.19233904778957367	1.622538547962904e-09	0.02117866277694702	0.019078675657510757	0.26595747470855713	9.999999974752427e-07	0.0752154216170311	0.29844406247138977	0.01907867193222046	9.999999974752427e-07	0.010416666977107525	0.19233906269073486	0.010324249044060707	0.00762438029050827	1.622538547962904e-09	1.622538547962904e-09	1.622538547962904e-09	9.999999974752427e-07	0.19233906269073486	0.19233904778957367	1.622538547962904e-09	0.026356391608715057	0.16347560286521912	0.04025733470916748	1.622538547962904e-09	1.622538547962904e-09	0.19233906269073486	1.622538547962904e-09	0.015332043170928955	0.0117647061124444	0.24910281598567963	0.01778506487607956	-1.3278622645884752e-08	0.24910280108451843	1.622538547962904e-09	9.999999974752427e-07	1.622538547962904e-09	0.1170303151011467	0.015458561480045319	0.0752154290676117	-1.3278622645884752e-08	0.00909090880304575	-1.3278622645884752e-08	0.009573204442858696	0.02117867022752762	0.07521545886993408	0.018691588193178177	0.015458561480045319	5.000001692678779e-07	0.005539208650588989	1.622538547962904e-09	0.01778506487607956	9.999999974752427e-07	0.028220489621162415	1.5000005078036338e-06	1.622538547962904e-09	9.999999974752427e-07	9.999999974752427e-07	-1.3278622645884752e-08	9.999999974752427e-07	0.16347557306289673	1.622538547962904e-09	0.14051920175552368	0.16347560286521912	0.24910281598567963	0.19233901798725128	0.011078419163823128	0.010101010091602802	0.009573204442858696	0.009177442640066147	0.14051921665668488	0.008695651777088642	1.622538547962904e-09	0.222222238779068	0.11703034490346909	0.04181496053934097	0.011904762126505375	0.009177440777420998	0.010869565419852734	0.14051921665668488	-1.3278622645884752e-08	0.005539208650588989	0.026356391608715057	1.622538547962904e-09	5.000001692678779e-07	0.009999999776482582	0.019078677520155907	1.622538547962904e-09	0.010324249044060707	9.999999974752427e-07	9.999999974752427e-07	1.622538547962904e-09	9.999999974752427e-07	9.999999974752427e-07	1.622538547962904e-09	9.999999974752427e-07	0.012001216411590576	0.43699368834495544	0.058262765407562256	9.999999974752427e-07	0.2679571509361267	9.999999974752427e-07	0.04900255799293518	1.622538547962904e-09	0.3783048987388611	0.009493403136730194	0.06596280634403229	0.3783048987388611	1.622538547962904e-09	9.999999974752427e-07	0.01123595517128706	0.2679571211338043	-2.4010660126805305e-10	1.622538547962904e-09	-1.3278622645884752e-08	1.622538547962904e-09	1.622538547962904e-09	6.666664376098197e-07	0.25453197956085205	0.2679571211338043	0.010989011265337467	1.3333333299669903e-06	0.2075660526752472	0.04900256544351578	1.622538547962904e-09	0.005720064043998718	0.2679571211338043	1.622538547962904e-09	0.015754297375679016	0.010256917215883732	0.3783048391342163	0.01601792871952057	-2.4010660126805305e-10	0.3783048391342163	0.019911104813218117	9.999999974752427e-07	1.622538547962904e-09	0.1568257063627243	0.013005435466766357	0.11561182141304016	0.01815195381641388	6.666664376098197e-07	0.01815195009112358	0.010526316240429878	0.049002498388290405	0.0674157366156578	0.032694943249225616	0.01872548833489418	0.00909090880304575	-2.4010660126805305e-10	1.622538547962904e-09	0.00917431153357029	0.009686248376965523	0.009686250239610672	0.025567835196852684	9.999999974752427e-07	0.043478261679410934	0.015754301100969315	-2.4010660126805305e-10	0.009493403136730194	0.20756608247756958	9.999999974752427e-07	0.1568257361650467	0.2075660675764084	0.3783048391342163	0.2679571509361267	0.030948013067245483	0.025567835196852684	9.999999974752427e-07	9.999999974752427e-07	0.17497773468494415	0.009708737954497337	0.00909090880304575	0.3183199465274811	0.15682578086853027	0.041213974356651306	0.049727946519851685	0.010204081423580647	0.007700022310018539	0.19181180000305176	9.999999974752427e-07	0.011036908254027367	0.022488445043563843	0.016806723549962044	9.999999974752427e-07	0.009615384973585606	1.622538547962904e-09	1.622538547962904e-09	-2.4010660126805305e-10	1.622538547962904e-09	9.999999974752427e-07	1.622538547962904e-09	0.009803921915590763	1.622538547962904e-09	1.622538547962904e-09	1.622538547962904e-09	9.999999974752427e-07	0.3545213043689728	0.02059108018875122	0.010625112801790237	0.21123084425926208	0.02664199471473694	0.0061219222843647	9.999999974752427e-07	0.3018166422843933	0.006626579910516739	0.020591169595718384	0.3018166720867157	0.01864650845527649	-1.3278622645884752e-08	1.622538547962904e-09	0.1669045239686966	0.015181045979261398	9.999999974752427e-07	1.622538547962904e-09	1.622538547962904e-09	0.010238776914775372	1.622538547962904e-09	0.14026254415512085	0.2112308144569397	-1.3278622645884752e-08	1.622538547962904e-09	0.14026251435279846	0.024768419563770294	1.622538547962904e-09	1.622538547962904e-09	0.2112308144569397	-1.3278622645884752e-08	0.011363636702299118	6.912159733474255e-10	0.23242251574993134	-1.3278622645884752e-08	0.006100691854953766	0.29567739367485046	-1.3278622645884752e-08	-1.3278622645884752e-08	1.622538547962904e-09	0.09294700622558594	1.622538547962904e-09	0.06100180745124817	0.01366463303565979	1.622538547962904e-09	0.007563948631286621	0.011995955370366573	0.0061219483613967896	0.030612245202064514	0.0066265687346458435	9.073119144886732e-09	-2.4010660126805305e-10	-1.3278622645884752e-08	-1.3278622645884752e-08	-1.3278622645884752e-08	9.999999974752427e-07	0.027936100959777832	0.010625114664435387	0.027522936463356018	0.007871739566326141	9.999999974752427e-07	1.622538547962904e-09	0.006626579910516739	0.14026251435279846	0.010101010091602802	0.09294699132442474	0.14026251435279846	0.29567742347717285	0.21123076975345612	-1.3278622645884752e-08	0.013964519836008549	0.011995954439043999	0.0061219483613967896	0.10661163181066513	1.622538547962904e-09	0.02664199471473694	0.2191026210784912	0.061001840978860855	1.622538547962904e-09	0.013319892808794975	0.0061219483613967896	1.622538547962904e-09	0.10661161690950394	9.999999974752427e-07	-1.3278622645884752e-08	1.622538547962904e-09	1.622538547962904e-09	-2.4010660126805305e-10	1.622538547962904e-09	9.999999974752427e-07	1.622538547962904e-09	0.015181045979261398	1.622538547962904e-09	6.912159733474255e-10	0.010238775983452797	0.007871739566326141	0.006139293313026428	1.622538547962904e-09	1.622538547962904e-09	1.622538547962904e-09	0.3608143925666809	0.07295437157154083	0.008505983278155327	0.2816368341445923	0.009365733712911606	0.02610158920288086	-1.3278622645884752e-08	0.309752881526947	8.000001798791345e-07	0.07295437157154083	0.309752881526947	-1.3278622645884752e-08	2.255546860396862e-10	-5.828042048960924e-09	0.22092559933662415	0.024959832429885864	-1.3278622645884752e-08	1.622538547962904e-09	1.622538547962904e-09	-1.3278622645884752e-08	9.999999974752427e-07	0.21155987679958344	0.22092559933662415	2.255546860396862e-10	0.00917431153357029	0.1840570569038391	0.02610158920288086	1.622538547962904e-09	-5.828042048960924e-09	0.22092559933662415	1.622538547962904e-09	-1.3278622645884752e-08	0.008564591407775879	0.29866212606430054	1.622538547962904e-09	9.999999974752427e-07	0.2986621558666229	2.255546860396862e-10	2.255546860396862e-10	1.622538547962904e-09	0.1273503601551056	-5.828042048960924e-09	0.08163265138864517	0.01516491174697876	0.008196720853447914	9.999999974752427e-07	-2.4010660126805305e-10	0.02610158920288086	0.07547169923782349	1.3999997463542968e-06	0.015599853359162807	0.01042632944881916	0.009330732747912407	0.01817210018634796	1.622538547962904e-09	1.622538547962904e-09	0.024959832429885864	0.028257330879569054	9.999999974752427e-07	0.008460640907287598	-1.3278622645884752e-08	9.999999974752427e-07	8.000001798791345e-07	0.14251525700092316	0.009365737438201904	0.1273503601551056	0.14251527190208435	0.29866212606430054	0.2816368341445923	0.009330734610557556	0.05747126415371895	-2.4010660126805305e-10	9.999999974752427e-07	0.14251521229743958	6.000000212225132e-07	0.009365729987621307	0.29009753465652466	0.1273503601551056	0.04308461770415306	-2.4010660126805305e-10	0.00928221084177494	1.622538547962904e-09	0.14251525700092316	9.999999974752427e-07	2.255546860396862e-10	0.027484744787216187	0.017241379246115685	0.009325018152594566	-5.828042048960924e-09	-1.3278622645884752e-08	0.015599831938743591	0.024959824979305267	-2.4010660126805305e-10	9.999999974752427e-07	-1.3278622645884752e-08	0.0084606371819973	0.011090731248259544	1.622538547962904e-09	1.622538547962904e-09	0.01681937463581562
10	-15547.466796875	-1	9	57	76	75	26	89	10	62	48	0	26	84	41	29	91	66	5	0	11	24	14	68	37	85	21	0	0	50	22	3	66	33	67	21	43	7	69	12	0	65	50	77	73	24	43	79	5	42	1	78	57	69	21	34	56	0	70	42	76	31	43	49	25	4	73	63	36	3	21	1	46	80	82	49	14	33	40	77	33	47	9	66	48	69	78	85	57	13	11	50	56	7	32	19	59	7	0	10	47	0.5437127947807312	0.08644906431436539	0.010285336524248123	0.4145510792732239	0.012830331921577454	0.010498285293579102	0.010526316240429878	0.4251323938369751	9.999999974752427e-07	0.08644905686378479	0.44155386090278625	0.06554710865020752	9.999999974752427e-07	9.999999974752427e-07	0.4095746874809265	9.999999974752427e-07	0.005317971110343933	1.622538547962904e-09	1.622538547962904e-09	9.999999974752427e-07	0.02298850566148758	0.39674437046051025	0.4095746576786041	9.999999974752427e-07	0.03314200043678284	0.2897196114063263	0.07604538649320602	1.622538547962904e-09	9.999999974752427e-07	0.4095746576786041	0.0049764662981033325	1.622538547962904e-09	1.622538547962904e-09	0.4145510196685791	0.03333333507180214	-1.3278622645884752e-08	0.42513248324394226	9.999999974752427e-07	9.999999974752427e-07	1.622538547962904e-09	0.22580645978450775	0.012048192322254181	0.1361638456583023	-1.3278622645884752e-08	9.999999974752427e-07	-1.3278622645884752e-08	1.622538547962904e-09	0.010498279705643654	0.1361638605594635	0.030567780137062073	0.02411612868309021	1.622538547962904e-09	0.008196720853447914	0.010869565419852734	9.999999974752427e-07	0.010526316240429878	0.026113219559192657	0.019338728860020638	-2.4010660126805305e-10	-1.3278622645884752e-08	1.622538547962904e-09	-1.3278622645884752e-08	0.030567795038223267	0.2705919146537781	9.999999974752427e-07	0.26527389883995056	0.2705919146537781	0.4251324534416199	0.40957462787628174	0.030927833169698715	0.05588129162788391	1.622538547962904e-09	0.010498277842998505	0.2652738690376282	-1.3278622645884752e-08	0.012830331921577454	0.4145510792732239	0.22250455617904663	0.08634074777364731	1.622538547962904e-09	0.010498279705643654	1.622538547962904e-09	0.26527389883995056	0.036036036908626556	0.009900989942252636	0.062224678695201874	0.029082641005516052	0.009053405374288559	9.999999974752427e-07	0.012195121496915817	9.999999974752427e-07	0.008547008968889713	-1.3278622645884752e-08	1.622538547962904e-09	9.999999974752427e-07	-1.3278622645884752e-08	-1.3278622645884752e-08	1.622538547962904e-09	9.999999974752427e-07	1.622538547962904e-09	0.42310065031051636	0.04496558755636215	0.010405869223177433	0.2722354531288147	0.010044899769127369	0.021052632480859756	9.999999974752427e-07	0.31625208258628845	0.018691588193178177	0.05226296931505203	0.31625205278396606	0.01785714365541935	0.010989011265337467	1.622538547962904e-09	0.2722354531288147	9.999999974752427e-07	1.622538547962904e-09	0.019417475908994675	1.622538547962904e-09	9.999999974752427e-07	6.666664376098197e-07	0.2291666716337204	0.2722354531288147	9.999999974752427e-07	1.3333333299669903e-06	0.1819043606519699	0.09699184447526932	1.622538547962904e-09	0.0078512541949749	0.2722354531288147	1.622538547962904e-09	1.622538547962904e-09	0.010638297535479069	0.31625205278396606	9.999999974752427e-07	-7.275957614183426e-12	0.3162520229816437	0.010526316240429878	0.009009009227156639	1.622538547962904e-09	0.10256187617778778	1.622538547962904e-09	0.0606570690870285	0.008510754443705082	6.666664376098197e-07	-7.275957614183426e-12	9.999999974752427e-07	1.3999997463542968e-06	0.05226297304034233	0.034559715539216995	0.022432174533605576	2.255546860396862e-10	9.999999974752427e-07	9.999999974752427e-07	9.999999974752427e-07	0.008264463394880295	0.009856712073087692	0.010405868291854858	0.008394084870815277	1.622538547962904e-09	1.622538547962904e-09	0.008510754443705082	0.034559715539216995	0.18190431594848633	0.010044899769127369	0.11764705926179886	0.18190434575080872	0.31625205278396606	0.2722354531288147	0.042105261236429214	0.010405870154500008	9.999999974752427e-07	8.000001798791345e-07	0.18190434575080872	1.622538547962904e-09	0.010044898837804794	0.2722354531288147	0.10256189107894897	0.04190482199192047	9.999999974752427e-07	8.000001798791345e-07	0.00729738175868988	0.18190434575080872	1.622538547962904e-09	0.016949152573943138	0.01947261206805706	9.999999974752427e-07	2.255546860396862e-10	1.622538547962904e-09	0.011627906933426857	0.014580924063920975	9.999999974752427e-07	1.622538547962904e-09	9.999999974752427e-07	9.999999974752427e-07	1.622538547962904e-09	1.622538547962904e-09	1.622538547962904e-09	1.622538547962904e-09	6.000000212225132e-07	0.449466347694397	0.08000115305185318	9.999999974752427e-07	0.3330483138561249	-1.3278622645884752e-08	0.03483249247074127	9.999999974752427e-07	0.386263370513916	0.009220771491527557	0.08756303787231445	0.38626334071159363	0.01332206092774868	-1.3278622645884752e-08	9.999999974752427e-07	0.2947915494441986	9.999999974752427e-07	0.029411764815449715	9.999999974752427e-07	-1.3278622645884752e-08	0.008118405938148499	0.010526316240429878	0.2947915494441986	0.2947915196418762	-1.3278622645884752e-08	0.01075268816202879	0.2947915196418762	0.048154547810554504	-1.3278622645884752e-08	0.02777777798473835	0.2947915494441986	0.019186578691005707	9.999999974752427e-07	0.008000500500202179	0.38626325130462646	-1.3278622645884752e-08	1.622538547962904e-09	0.38626328110694885	-1.3278622645884752e-08	-1.3278622645884752e-08	-1.3278622645884752e-08	0.1528805047273636	9.999999974752427e-07	0.08756301552057266	0.009048528037965298	9.999999974752427e-07	1.622538547962904e-09	0.009131006896495819	0.02860131859779358	0.08756303787231445	0.009220770560204983	0.04123711213469505	9.999999974752427e-07	-1.3278622645884752e-08	-1.3278622645884752e-08	-1.3278622645884752e-08	0.00800374150276184	0.01504833996295929	0.029999999329447746	1.622538547962904e-09	0.00909090880304575	9.999999974752427e-07	0.009048528969287872	0.009220771491527557	0.2947915196418762	-1.3278622645884752e-08	0.15288051962852478	0.2499999850988388	0.38626331090927124	0.31386175751686096	-1.3278622645884752e-08	0.032608695328235626	0.009130999445915222	9.999999974752427e-07	0.16192904114723206	-2.4010660126805305e-10	-1.3278622645884752e-08	0.36913180351257324	0.1528804898262024	0.06531748175621033	0.009131021797657013	0.028601333498954773	0.00756189227104187	0.16814157366752625	1.622538547962904e-09	-1.3278622645884752e-08	0.021052632480859756	0.009900989942252636	0.027272727340459824	9.999999974752427e-07	0.005203679203987122	0.008620689623057842	0.007044568657875061	-1.3278622645884752e-08	0.008000500500202179	0.008118405938148499	9.999999974752427e-07	-1.3278622645884752e-08	-1.3278622645884752e-08	-1.3278622645884752e-08	1.622538547962904e-09	0.4417252540588379	0.024390242993831635	9.999999974752427e-07	0.30527326464653015	0.010416666977107525	0.014637120068073273	9.999999974752427e-07	0.3760968744754791	9.999999974752427e-07	0.04878048598766327	0.3760969042778015	0.05099131166934967	9.999999974752427e-07	0.008882244117558002	0.30527329444885254	1.622538547962904e-09	1.622538547962904e-09	1.622538547962904e-09	1.622538547962904e-09	0.030414380133152008	0.012048192322254181	0.29318323731422424	0.30527329444885254	9.999999974752427e-07	0.017391303554177284	0.2670987844467163	0.06562842428684235	1.622538547962904e-09	0.010416666977107525	0.30527329444885254	1.622538547962904e-09	1.622538547962904e-09	1.622538547962904e-09	0.30527329444885254	1.622538547962904e-09	0.010526316240429878	0.3760969042778015	9.999999974752427e-07	9.999999974752427e-07	1.622538547962904e-09	0.14387741684913635	0.025641024112701416	0.07431011646986008	0.032608695328235626	9.999999974752427e-07	0.009615384973585606	1.622538547962904e-09	0.01463712751865387	0.07431010156869888	0.010309278033673763	0.04452749714255333	0.009433962404727936	9.999999974752427e-07	1.622538547962904e-09	1.622538547962904e-09	1.622538547962904e-09	1.622538547962904e-09	0.009569531306624413	1.622538547962904e-09	1.622538547962904e-09	1.622538547962904e-09	0.01123595517128706	9.999999974752427e-07	0.20471768081188202	9.999999974752427e-07	0.14387744665145874	0.2047176957130432	0.3052733242511749	0.30527329444885254	0.026084452867507935	0.009569531306624413	1.622538547962904e-09	0.010101010091602802	0.204717755317688	0.010204081423580647	0.010989011265337467	0.30527329444885254	0.14387741684913635	0.06956726312637329	1.622538547962904e-09	0.01463712751865387	9.999999974752427e-07	0.20471777021884918	0.009803921915590763	9.999999974752427e-07	0.02503982186317444	9.999999974752427e-07	9.999999974752427e-07	0.008882243186235428	0.020576931536197662	9.999999974752427e-07	1.622538547962904e-09	1.622538547962904e-09	1.622538547962904e-09	9.999999974752427e-07	1.622538547962904e-09	1.622538547962904e-09	1.622538547962904e-09	1.622538547962904e-09	1.622538547962904e-09	0.3537144660949707	0.026411600410938263	4.2857209336943924e-07	0.20192477107048035	1.622538547962904e-09	0.027027027681469917	-7.275957614183426e-12	0.28152182698249817	1.622538547962904e-09	0.026411622762680054	0.2815217971801758	0.010256588459014893	9.999999974752427e-07	1.622538547962904e-09	0.20192477107048035	9.999999974752427e-07	1.622538547962904e-09	9.999999974752427e-07	1.622538547962904e-09	0.010256589390337467	1.622538547962904e-09	0.20192474126815796	0.20192478597164154	1.622538547962904e-09	1.622538547962904e-09	0.16246558725833893	0.05873368680477142	1.622538547962904e-09	0.027633339166641235	0.20192477107048035	-1.3278622645884752e-08	1.622538547962904e-09	-1.3278622645884752e-08	0.20192483067512512	0.008206691592931747	9.999999974752427e-07	0.2740027904510498	1.622538547962904e-09	9.999999974752427e-07	1.622538547962904e-09	0.05703481286764145	1.622538547962904e-09	0.02641153335571289	0.03179077059030533	1.622538547962904e-09	9.999999974752427e-07	-1.3278622645884752e-08	0.009401541203260422	0.026411622762680054	0.009916093200445175	0.027633339166641235	4.2857209336943924e-07	1.622538547962904e-09	0.013445600867271423	0.008206691592931747	9.999999974752427e-07	0.013458982110023499	1.2857158253609668e-06	-1.3278622645884752e-08	-1.3278622645884752e-08	1.622538547962904e-09	9.999999974752427e-07	1.622538547962904e-09	0.16246557235717773	1.622538547962904e-09	0.05703481659293175	0.10570608824491501	0.2626262605190277	0.20192477107048035	0.01780684106051922	1.2857121873821598e-06	-1.3278622645884752e-08	9.999999974752427e-07	0.08882559835910797	0.009916089475154877	1.622538547962904e-09	0.20192478597164154	0.05404491350054741	0.027633339166641235	-1.3278622645884752e-08	0.009401543065905571	1.622538547962904e-09	0.1057060956954956	-1.3278622645884752e-08	0.017806850373744965	1.622538547962904e-09	1.622538547962904e-09	4.2857209336943924e-07	1.622538547962904e-09	-7.275957614183426e-12	1.622538547962904e-09	9.999999974752427e-07	1.622538547962904e-09	-1.3278622645884752e-08	9.999999974752427e-07	-1.3278622645884752e-08	0.00751909613609314	1.622538547962904e-09	1.622538547962904e-09	2.255546860396862e-10	0.5330700874328613	0.005072489380836487	5.000001692678779e-07	0.3791336119174957	0.015137098729610443	0.04571791738271713	9.999999974752427e-07	0.47317156195640564	1.622538547962904e-09	0.08930285274982452	0.47317150235176086	0.01418062299489975	0.010177051648497581	9.999999974752427e-07	0.283880352973938	-1.3278622645884752e-08	1.622538547962904e-09	0.009429080411791801	-1.3278622645884752e-08	0.007485583424568176	9.999999974752427e-07	0.2687433063983917	0.3461630940437317	0.011049933731555939	0.012431889772415161	0.21618443727493286	0.05989852547645569	-1.3278622645884752e-08	1.622538547962904e-09	0.2838802933692932	0.030927835032343864	0.04472166299819946	-1.3278622645884752e-08	0.39345017075538635	1.622538547962904e-09	-1.3278622645884752e-08	0.39345014095306396	0.011049933731555939	0.010177051648497581	-1.3278622645884752e-08	0.16346153616905212	0.04000958055257797	0.08930287510156631	-1.3278622645884752e-08	0.010416666977107525	-1.3278622645884752e-08	0.014316469430923462	0.03628883510828018	0.08930285274982452	1.622538547962904e-09	0.0478060245513916	5.000001692678779e-07	0.028037382289767265	1.622538547962904e-09	1.622538547962904e-09	-1.3278622645884752e-08	-1.3278622645884752e-08	1.5000005078036338e-06	1.622538547962904e-09	-1.3278622645884752e-08	9.999999974752427e-07	-1.3278622645884752e-08	1.622538547962904e-09	0.21618443727493286	0.015137098729610443	0.171462744474411	0.21618443727493286	0.39345014095306396	0.3461630940437317	0.05255882441997528	0.005072489380836487	9.999999974752427e-07	0.02286946028470993	0.1714627593755722	1.622538547962904e-09	0.01513710618019104	0.37913358211517334	0.1495407670736313	0.06023794412612915	0.014316461980342865	0.02286946028470993	0.008695651777088642	0.1714627593755722	1.622538547962904e-09	0.010177051648497581	0.012431896291673183	1.622538547962904e-09	5.000001692678779e-07	9.999999974752427e-07	0.0066950395703315735	0.007796458899974823	-1.3278622645884752e-08	0.030927835032343864	-1.3278622645884752e-08	0.007485583424568176	-1.3278622645884752e-08	0.02777777798473835	-1.3278622645884752e-08	1.622538547962904e-09	0.008695651777088642	0.36692187190055847	0.04854368790984154	5.000001692678779e-07	0.19233903288841248	1.622538547962904e-09	0.02117866277694702	0.019078675657510757	0.26595741510391235	9.999999974752427e-07	0.0752153992652893	0.2984440326690674	0.01907867193222046	9.999999974752427e-07	0.010416666977107525	0.19233903288841248	0.010324249044060707	0.007624365389347076	1.622538547962904e-09	1.622538547962904e-09	1.622538547962904e-09	9.999999974752427e-07	0.19233901798725128	0.19233904778957367	1.622538547962904e-09	0.026356376707553864	0.16347560286521912	0.04025733470916748	1.622538547962904e-09	1.622538547962904e-09	0.19233901798725128	1.622538547962904e-09	0.015332028269767761	0.0117647061124444	0.24910278618335724	0.01778506115078926	-1.3278622645884752e-08	0.24910277128219604	1.622538547962904e-09	9.999999974752427e-07	1.622538547962904e-09	0.1170303225517273	0.015458554029464722	0.0752154290676117	-1.3278622645884752e-08	0.00909090880304575	-1.3278622645884752e-08	0.009573204442858696	0.02117866277694702	0.0752154216170311	0.018691588193178177	0.015458546578884125	5.000001692678779e-07	0.005539216101169586	1.622538547962904e-09	0.01778506115078926	9.999999974752427e-07	0.028220482170581818	1.5000005078036338e-06	1.622538547962904e-09	9.999999974752427e-07	9.999999974752427e-07	-1.3278622645884752e-08	9.999999974752427e-07	0.16347560286521912	1.622538547962904e-09	0.14051920175552368	0.16347560286521912	0.24910280108451843	0.19233901798725128	0.011078406125307083	0.010101010091602802	0.009573204442858696	0.009177442640066147	0.14051921665668488	0.008695651777088642	1.622538547962904e-09	0.2222222089767456	0.11703035235404968	0.04181492328643799	0.011904762126505375	0.009177442640066147	0.010869565419852734	0.14051920175552368	-1.3278622645884752e-08	0.005539216101169586	0.026356376707553864	1.622538547962904e-09	5.000001692678779e-07	0.009999999776482582	0.019078673794865608	1.622538547962904e-09	0.010324249044060707	9.999999974752427e-07	9.999999974752427e-07	1.622538547962904e-09	9.999999974752427e-07	9.999999974752427e-07	1.622538547962904e-09	9.999999974752427e-07	0.012001220136880875	0.43699365854263306	0.05826278030872345	9.999999974752427e-07	0.2679571807384491	9.999999974752427e-07	0.04900255799293518	1.622538547962904e-09	0.37830495834350586	0.009493403136730194	0.06596280634403229	0.3783048987388611	1.622538547962904e-09	9.999999974752427e-07	0.01123595517128706	0.2679571509361267	-2.4010660126805305e-10	1.622538547962904e-09	-1.3278622645884752e-08	1.622538547962904e-09	1.622538547962904e-09	6.666664376098197e-07	0.2545320391654968	0.2679571509361267	0.010989011265337467	1.3333333299669903e-06	0.20756608247756958	0.04900252819061279	1.622538547962904e-09	0.005720056593418121	0.2679571509361267	1.622538547962904e-09	0.01575428992509842	0.010256917215883732	0.3783048093318939	0.01601792871952057	-2.4010660126805305e-10	0.3783048391342163	0.019911106675863266	9.999999974752427e-07	1.622538547962904e-09	0.1568257212638855	0.013005435466766357	0.11561180651187897	0.01815195381641388	6.666664376098197e-07	0.01815195381641388	0.010526316240429878	0.04900252819061279	0.06741572916507721	0.03269492834806442	0.018725495785474777	0.00909090880304575	-2.4010660126805305e-10	1.622538547962904e-09	0.00917431153357029	0.009686250239610672	0.009686250239610672	0.025567827746272087	9.999999974752427e-07	0.043478261679410934	0.01575428992509842	-2.4010660126805305e-10	0.009493403136730194	0.20756609737873077	9.999999974752427e-07	0.15682576596736908	0.20756609737873077	0.3783048093318939	0.2679571211338043	0.030948013067245483	0.025567827746272087	9.999999974752427e-07	9.999999974752427e-07	0.17497771978378296	0.009708737954497337	0.00909090880304575	0.31831997632980347	0.1568257361650467	0.04121395945549011	0.04972793906927109	0.010204081423580647	0.007700018584728241	0.19181180000305176	9.999999974752427e-07	0.011036910116672516	0.022488445043563843	0.016806723549962044	9.999999974752427e-07	0.009615384973585606	1.622538547962904e-09	1.622538547962904e-09	-2.4010660126805305e-10	1.622538547962904e-09	9.999999974752427e-07	1.622538547962904e-09	0.009803921915590763	1.622538547962904e-09	1.622538547962904e-09	1.622538547962904e-09	9.999999974752427e-07	0.3545211851596832	0.02059110254049301	0.010625112801790237	0.21123084425926208	0.02664199471473694	0.006121952086687088	9.999999974752427e-07	0.30181676149368286	0.006626579910516739	0.02059112675487995	0.3018166422843933	0.01864650845527649	-1.3278622645884752e-08	1.622538547962904e-09	0.1669045239686966	0.015181045979261398	9.999999974752427e-07	1.622538547962904e-09	1.622538547962904e-09	0.010238776914775372	1.622538547962904e-09	0.14026254415512085	0.2112308144569397	-1.3278622645884752e-08	1.622538547962904e-09	0.14026251435279846	0.02476845681667328	1.622538547962904e-09	1.622538547962904e-09	0.2112308144569397	-1.3278622645884752e-08	0.011363636702299118	6.912159733474255e-10	0.23242251574993134	-1.3278622645884752e-08	0.006100691854953766	0.29567742347717285	-1.3278622645884752e-08	-1.3278622645884752e-08	1.622538547962904e-09	0.09294700622558594	1.622538547962904e-09	0.06100180745124817	0.01366463303565979	1.622538547962904e-09	0.007563948631286621	0.011995955370366573	0.006121926009654999	0.030612245202064514	0.00662657618522644	9.073119144886732e-09	-2.4010660126805305e-10	-1.3278622645884752e-08	-1.3278622645884752e-08	-1.3278622645884752e-08	9.999999974752427e-07	0.02793613076210022	0.010625114664435387	0.027522936463356018	0.007871739566326141	9.999999974752427e-07	1.622538547962904e-09	0.006626579910516739	0.14026251435279846	0.010101010091602802	0.09294699132442474	0.14026251435279846	0.29567742347717285	0.21123076975345612	-1.3278622645884752e-08	0.013964534737169743	0.011995954439043999	0.006121940910816193	0.10661163181066513	1.622538547962904e-09	0.02664199471473694	0.2191026210784912	0.061001840978860855	1.622538547962904e-09	0.013319892808794975	0.006121940910816193	1.622538547962904e-09	0.10661161690950394	9.999999974752427e-07	-1.3278622645884752e-08	1.622538547962904e-09	1.622538547962904e-09	-2.4010660126805305e-10	1.622538547962904e-09	9.999999974752427e-07	1.622538547962904e-09	0.015181045979261398	1.622538547962904e-09	6.912159733474255e-10	0.010238775983452797	0.007871739566326141	0.006139293313026428	1.622538547962904e-09	-2.4010660126805305e-10	1.622538547962904e-09	0.3608143627643585	0.07295437157154083	0.008505983278155327	0.2816368341445923	0.009365733712911606	0.026101574301719666	-1.3278622645884752e-08	0.309752881526947	8.000001798791345e-07	0.07295437157154083	0.309752881526947	-1.3278622645884752e-08	2.255546860396862e-10	-5.828042048960924e-09	0.22092559933662415	0.024959832429885864	-1.3278622645884752e-08	1.622538547962904e-09	1.622538547962904e-09	-1.3278622645884752e-08	9.999999974752427e-07	0.21155986189842224	0.22092559933662415	2.255546860396862e-10	0.00917431153357029	0.1840570569038391	0.026101574301719666	1.622538547962904e-09	-5.828042048960924e-09	0.22092559933662415	1.622538547962904e-09	-1.3278622645884752e-08	0.00856461375951767	0.2986621558666229	1.622538547962904e-09	9.999999974752427e-07	0.29866212606430054	2.255546860396862e-10	2.255546860396862e-10	1.622538547962904e-09	0.1273503601551056	-5.828042048960924e-09	0.08163265138864517	0.01516491174697876	0.008196720853447914	9.999999974752427e-07	-2.4010660126805305e-10	0.02610158920288086	0.07547169923782349	1.3999997463542968e-06	0.015599853359162807	0.01042632944881916	0.009330726228654385	0.018172089010477066	1.622538547962904e-09	1.622538547962904e-09	0.024959832429885864	0.028257330879569054	9.999999974752427e-07	0.008460655808448792	-1.3278622645884752e-08	9.999999974752427e-07	8.000001798791345e-07	0.14251525700092316	0.009365729987621307	0.1273503601551056	0.14251527190208435	0.2986621558666229	0.2816368341445923	0.00933072715997696	0.05747126415371895	-2.4010660126805305e-10	9.999999974752427e-07	0.14251521229743958	6.000000212225132e-07	0.009365737438201904	0.29009753465652466	0.1273503601551056	0.04308461770415306	-2.4010660126805305e-10	0.009282214567065239	1.622538547962904e-09	0.14251525700092316	9.999999974752427e-07	2.255546860396862e-10	0.027484744787216187	0.017241379246115685	0.009325018152594566	-5.828042048960924e-09	-1.3278622645884752e-08	0.015599831938743591	0.02495983988046646	-2.4010660126805305e-10	9.999999974752427e-07	-1.3278622645884752e-08	0.008460652083158493	0.011090733110904694	1.622538547962904e-09	1.622538547962904e-09	0.01681937836110592
11	-15547.466796875	-1	9	57	76	75	26	89	10	62	48	0	26	84	41	29	91	66	5	0	11	24	14	68	37	85	21	0	0	50	22	3	66	33	67	21	43	7	69	12	0	65	50	77	73	24	43	79	5	42	1	78	57	69	21	34	56	0	70	42	76	31	43	49	25	4	73	63	36	3	21	1	46	80	82	49	14	33	40	77	33	47	9	66	48	69	78	85	57	13	11	50	56	7	32	19	59	7	0	11	47	0.5437127947807312	0.08644906431436539	0.010285336524248123	0.4145510792732239	0.012830331921577454	0.010498285293579102	0.010526316240429878	0.4251323938369751	9.999999974752427e-07	0.08644905686378479	0.44155386090278625	0.06554710865020752	9.999999974752427e-07	9.999999974752427e-07	0.4095746874809265	9.999999974752427e-07	0.005317971110343933	1.622538547962904e-09	1.622538547962904e-09	9.999999974752427e-07	0.02298850566148758	0.39674437046051025	0.4095746576786041	9.999999974752427e-07	0.03314200043678284	0.2897196114063263	0.07604538649320602	1.622538547962904e-09	9.999999974752427e-07	0.4095746576786041	0.0049764662981033325	1.622538547962904e-09	1.622538547962904e-09	0.4145510196685791	0.03333333507180214	-1.3278622645884752e-08	0.42513248324394226	9.999999974752427e-07	9.999999974752427e-07	1.622538547962904e-09	0.22580645978450775	0.012048192322254181	0.1361638456583023	-1.3278622645884752e-08	9.999999974752427e-07	-1.3278622645884752e-08	1.622538547962904e-09	0.010498279705643654	0.1361638605594635	0.030567780137062073	0.02411612868309021	1.622538547962904e-09	0.008196720853447914	0.010869565419852734	9.999999974752427e-07	0.010526316240429878	0.026113219559192657	0.019338728860020638	-2.4010660126805305e-10	-1.3278622645884752e-08	1.622538547962904e-09	-1.3278622645884752e-08	0.030567795038223267	0.2705919146537781	9.999999974752427e-07	0.26527389883995056	0.2705919146537781	0.4251324534416199	0.40957462787628174	0.030927833169698715	0.05588129162788391	1.622538547962904e-09	0.010498277842998505	0.2652738690376282	-1.3278622645884752e-08	0.012830331921577454	0.4145510792732239	0.22250455617904663	0.08634074777364731	1.622538547962904e-09	0.010498279705643654	1.622538547962904e-09	0.26527389883995056	0.036036036908626556	0.009900989942252636	0.062224678695201874	0.029082641005516052	0.009053405374288559	9.999999974752427e-07	0.012195121496915817	9.999999974752427e-07	0.008547008968889713	-1.3278622645884752e-08	1.622538547962904e-09	9.999999974752427e-07	-1.3278622645884752e-08	-1.3278622645884752e-08	1.622538547962904e-09	9.999999974752427e-07	1.622538547962904e-09	0.4231007397174835	0.04496558755636215	0.010405869223177433	0.2722354531288147	0.010044899769127369	0.021052632480859756	9.999999974752427e-07	0.31625208258628845	0.018691588193178177	0.05226296931505203	0.31625211238861084	0.01785714365541935	0.010989011265337467	1.622538547962904e-09	0.2722354531288147	9.999999974752427e-07	1.622538547962904e-09	0.019417475908994675	1.622538547962904e-09	9.999999974752427e-07	6.666664376098197e-07	0.2291666716337204	0.2722354531288147	9.999999974752427e-07	1.3333333299669903e-06	0.1819043606519699	0.09699182957410812	1.622538547962904e-09	0.0078512541949749	0.2722354531288147	1.622538547962904e-09	1.622538547962904e-09	0.010638297535479069	0.31625205278396606	9.999999974752427e-07	-7.275957614183426e-12	0.31625205278396606	0.010526316240429878	0.009009009227156639	1.622538547962904e-09	0.10256187617778778	1.622538547962904e-09	0.0606570690870285	0.008510754443705082	6.666664376098197e-07	-7.275957614183426e-12	9.999999974752427e-07	1.3999997463542968e-06	0.05226297304034233	0.034559715539216995	0.022432174533605576	2.255546860396862e-10	9.999999974752427e-07	9.999999974752427e-07	9.999999974752427e-07	0.008264463394880295	0.009856700897216797	0.010405868291854858	0.008394084870815277	1.622538547962904e-09	1.622538547962904e-09	0.008510754443705082	0.034559715539216995	0.18190431594848633	0.010044899769127369	0.11764705926179886	0.18190434575080872	0.31625205278396606	0.2722354531288147	0.042105261236429214	0.010405870154500008	9.999999974752427e-07	8.000001798791345e-07	0.18190434575080872	1.622538547962904e-09	0.010044898837804794	0.2722354531288147	0.10256189107894897	0.04190482199192047	9.999999974752427e-07	8.000001798791345e-07	0.00729738175868988	0.18190434575080872	1.622538547962904e-09	0.016949152573943138	0.01947261206805706	9.999999974752427e-07	2.255546860396862e-10	1.622538547962904e-09	0.011627906933426857	0.014580924063920975	9.999999974752427e-07	1.622538547962904e-09	9.999999974752427e-07	9.999999974752427e-07	1.622538547962904e-09	1.622538547962904e-09	1.622538547962904e-09	9.999999974752427e-07	6.000000212225132e-07	0.4494662880897522	0.08000115305185318	9.999999974752427e-07	0.3330483138561249	-1.3278622645884752e-08	0.03483249247074127	9.999999974752427e-07	0.38626328110694885	0.009220771491527557	0.08756303787231445	0.38626328110694885	0.01332206279039383	-1.3278622645884752e-08	9.999999974752427e-07	0.2947915494441986	9.999999974752427e-07	0.029411764815449715	9.999999974752427e-07	-1.3278622645884752e-08	0.008118398487567902	0.010526316240429878	0.2947915494441986	0.2947915196418762	-1.3278622645884752e-08	0.01075268816202879	0.2947915196418762	0.04815457761287689	-1.3278622645884752e-08	0.02777777798473835	0.2947915494441986	0.019186578691005707	9.999999974752427e-07	0.008000485599040985	0.3862632215023041	-1.3278622645884752e-08	1.622538547962904e-09	0.38626331090927124	-1.3278622645884752e-08	-1.3278622645884752e-08	-1.3278622645884752e-08	0.1528805047273636	9.999999974752427e-07	0.08756301552057266	0.009048528037965298	9.999999974752427e-07	1.622538547962904e-09	0.009130999445915222	0.02860131859779358	0.08756303787231445	0.009220770560204983	0.04123711213469505	9.999999974752427e-07	-1.3278622645884752e-08	-1.3278622645884752e-08	-1.3278622645884752e-08	0.008003748953342438	0.01504833996295929	0.029999999329447746	1.622538547962904e-09	0.00909090880304575	9.999999974752427e-07	0.009048528969287872	0.009220771491527557	0.2947915196418762	-1.3278622645884752e-08	0.15288051962852478	0.2499999850988388	0.38626331090927124	0.31386175751686096	-1.3278622645884752e-08	0.032608695328235626	0.009131006896495819	9.999999974752427e-07	0.16192904114723206	-2.4010660126805305e-10	-1.3278622645884752e-08	0.369131863117218	0.1528804898262024	0.06531748175621033	0.009130991995334625	0.028601333498954773	0.00756189227104187	0.16814157366752625	1.622538547962904e-09	-1.3278622645884752e-08	0.021052632480859756	0.009900989942252636	0.027272727340459824	9.999999974752427e-07	0.005203656852245331	0.008620689623057842	0.007044576108455658	-1.3278622645884752e-08	0.008000485599040985	0.008118398487567902	9.999999974752427e-07	-1.3278622645884752e-08	-1.3278622645884752e-08	1.622538547962904e-09	1.622538547962904e-09	0.4417251944541931	0.024390242993831635	9.999999974752427e-07	0.30527326464653015	0.010416666977107525	0.01463714987039566	9.999999974752427e-07	0.3760969042778015	9.999999974752427e-07	0.04878048598766327	0.3760969042778015	0.05099131911993027	9.999999974752427e-07	0.008882244117558002	0.30527329444885254	1.622538547962904e-09	1.622538547962904e-09	1.622538547962904e-09	1.622538547962904e-09	0.030414409935474396	0.012048192322254181	0.29318323731422424	0.30527329444885254	9.999999974752427e-07	0.017391303554177284	0.2670987844467163	0.06562846899032593	1.622538547962904e-09	0.010416666977107525	0.30527329444885254	1.622538547962904e-09	1.622538547962904e-09	1.622538547962904e-09	0.30527329444885254	1.622538547962904e-09	0.010526316240429878	0.3760969042778015	9.999999974752427e-07	9.999999974752427e-07	1.622538547962904e-09	0.14387741684913635	0.025641024112701416	0.07431011646986008	0.032608695328235626	9.999999974752427e-07	0.009615384973585606	1.622538547962904e-09	0.014637134969234467	0.07431010156869888	0.010309278033673763	0.04452749714255333	0.009433962404727936	9.999999974752427e-07	1.622538547962904e-09	1.622538547962904e-09	1.622538547962904e-09	1.622538547962904e-09	0.009569531306624413	1.622538547962904e-09	1.622538547962904e-09	1.622538547962904e-09	0.01123595517128706	9.999999974752427e-07	0.20471768081188202	9.999999974752427e-07	0.14387744665145874	0.2047176957130432	0.3052733242511749	0.30527329444885254	0.026084452867507935	0.009569531306624413	1.622538547962904e-09	0.010101010091602802	0.204717755317688	0.010204081423580647	0.010989011265337467	0.30527329444885254	0.14387741684913635	0.06956726312637329	1.622538547962904e-09	0.01463712751865387	9.999999974752427e-07	0.20471777021884918	0.009803921915590763	9.999999974752427e-07	0.02503982186317444	9.999999974752427e-07	9.999999974752427e-07	0.008882243186235428	0.020576946437358856	9.999999974752427e-07	1.622538547962904e-09	1.622538547962904e-09	1.622538547962904e-09	9.999999974752427e-07	1.622538547962904e-09	1.622538547962904e-09	1.622538547962904e-09	1.622538547962904e-09	1.622538547962904e-09	0.3537144660949707	0.026411600410938263	4.2857209336943924e-07	0.20192477107048035	1.622538547962904e-09	0.027027027681469917	-7.275957614183426e-12	0.28152182698249817	1.622538547962904e-09	0.026411622762680054	0.2815217971801758	0.010256589390337467	9.999999974752427e-07	1.622538547962904e-09	0.20192477107048035	9.999999974752427e-07	1.622538547962904e-09	9.999999974752427e-07	1.622538547962904e-09	0.010256588459014893	1.622538547962904e-09	0.20192474126815796	0.20192478597164154	1.622538547962904e-09	1.622538547962904e-09	0.16246558725833893	0.058733657002449036	1.622538547962904e-09	0.027633339166641235	0.20192477107048035	-1.3278622645884752e-08	1.622538547962904e-09	-1.3278622645884752e-08	0.20192483067512512	0.008206691592931747	9.999999974752427e-07	0.2740027904510498	1.622538547962904e-09	9.999999974752427e-07	1.622538547962904e-09	0.05703481286764145	1.622538547962904e-09	0.02641153335571289	0.03179077059030533	1.622538547962904e-09	9.999999974752427e-07	-1.3278622645884752e-08	0.009401541203260422	0.026411622762680054	0.009916093200445175	0.027633339166641235	4.2857209336943924e-07	1.622538547962904e-09	0.013445600867271423	0.008206691592931747	9.999999974752427e-07	0.013458967208862305	1.2857158253609668e-06	-1.3278622645884752e-08	-1.3278622645884752e-08	1.622538547962904e-09	9.999999974752427e-07	1.622538547962904e-09	0.16246557235717773	1.622538547962904e-09	0.05703481659293175	0.10570608824491501	0.2626262605190277	0.20192477107048035	0.01780684106051922	1.2857121873821598e-06	-1.3278622645884752e-08	9.999999974752427e-07	0.08882559835910797	0.009916089475154877	1.622538547962904e-09	0.20192478597164154	0.05404491350054741	0.027633339166641235	-1.3278622645884752e-08	0.009401543065905571	1.622538547962904e-09	0.1057060956954956	-1.3278622645884752e-08	0.017806850373744965	1.622538547962904e-09	1.622538547962904e-09	4.2857209336943924e-07	1.622538547962904e-09	-7.275957614183426e-12	1.622538547962904e-09	9.999999974752427e-07	1.622538547962904e-09	-1.3278622645884752e-08	9.999999974752427e-07	-1.3278622645884752e-08	0.007519088685512543	1.622538547962904e-09	-7.275957614183426e-12	2.255546860396862e-10	0.5330701470375061	0.005072489380836487	5.000001692678779e-07	0.3791336119174957	0.015137098729610443	0.04571789503097534	9.999999974752427e-07	0.47317150235176086	1.622538547962904e-09	0.08930285274982452	0.47317150235176086	0.014180600643157959	0.010177051648497581	9.999999974752427e-07	0.283880352973938	-1.3278622645884752e-08	1.622538547962904e-09	0.009429071098566055	-1.3278622645884752e-08	0.007485583424568176	9.999999974752427e-07	0.2687433063983917	0.3461630940437317	0.011049933731555939	0.012431889772415161	0.21618443727493286	0.059898510575294495	-1.3278622645884752e-08	1.622538547962904e-09	0.2838802933692932	0.030927835032343864	0.04472166299819946	-1.3278622645884752e-08	0.39345017075538635	1.622538547962904e-09	-1.3278622645884752e-08	0.39345014095306396	0.011049933731555939	0.010177051648497581	-1.3278622645884752e-08	0.16346153616905212	0.04000958055257797	0.08930287510156631	-1.3278622645884752e-08	0.010416666977107525	-1.3278622645884752e-08	0.014316469430923462	0.036288827657699585	0.08930285274982452	1.622538547962904e-09	0.0478060245513916	5.000001692678779e-07	0.028037382289767265	1.622538547962904e-09	1.622538547962904e-09	-1.3278622645884752e-08	-1.3278622645884752e-08	1.5000005078036338e-06	1.622538547962904e-09	-1.3278622645884752e-08	9.999999974752427e-07	-1.3278622645884752e-08	1.622538547962904e-09	0.21618443727493286	0.015137098729610443	0.171462744474411	0.21618443727493286	0.39345014095306396	0.3461630940437317	0.05255882441997528	0.005072489380836487	9.999999974752427e-07	0.02286946028470993	0.1714627593755722	1.622538547962904e-09	0.01513710618019104	0.37913358211517334	0.1495407670736313	0.06023794412612915	0.014316461980342865	0.02286946028470993	0.008695651777088642	0.1714627593755722	1.622538547962904e-09	0.010177051648497581	0.012431896291673183	1.622538547962904e-09	5.000001692678779e-07	9.999999974752427e-07	0.0066950321197509766	0.007796458899974823	-1.3278622645884752e-08	0.030927835032343864	-1.3278622645884752e-08	0.007485579699277878	-1.3278622645884752e-08	0.02777777798473835	-1.3278622645884752e-08	1.622538547962904e-09	0.008695651777088642	0.36692187190055847	0.04854368790984154	5.000001692678779e-07	0.19233903288841248	1.622538547962904e-09	0.02117866277694702	0.01907867193222046	0.26595741510391235	9.999999974752427e-07	0.0752153992652893	0.2984440326690674	0.01907867193222046	9.999999974752427e-07	0.010416666977107525	0.19233903288841248	0.010324249044060707	0.007624365389347076	1.622538547962904e-09	1.622538547962904e-09	1.622538547962904e-09	9.999999974752427e-07	0.19233901798725128	0.19233904778957367	1.622538547962904e-09	0.026356376707553864	0.16347560286521912	0.040257327258586884	1.622538547962904e-09	1.622538547962904e-09	0.19233901798725128	1.622538547962904e-09	0.015332028269767761	0.0117647061124444	0.24910278618335724	0.01778506115078926	-1.3278622645884752e-08	0.24910277128219604	1.622538547962904e-09	9.999999974752427e-07	1.622538547962904e-09	0.1170303225517273	0.015458554029464722	0.0752154290676117	-1.3278622645884752e-08	0.00909090880304575	-1.3278622645884752e-08	0.009573204442858696	0.021178659051656723	0.0752154216170311	0.018691588193178177	0.015458546578884125	5.000001692678779e-07	0.005539216101169586	1.622538547962904e-09	0.01778506115078926	9.999999974752427e-07	0.028220467269420624	1.5000005078036338e-06	1.622538547962904e-09	9.999999974752427e-07	9.999999974752427e-07	-1.3278622645884752e-08	9.999999974752427e-07	0.16347560286521912	1.622538547962904e-09	0.14051920175552368	0.16347560286521912	0.24910280108451843	0.19233901798725128	0.011078406125307083	0.010101010091602802	0.009573204442858696	0.009177438914775848	0.14051921665668488	0.008695651777088642	1.622538547962904e-09	0.2222222089767456	0.11703035235404968	0.04181492328643799	0.011904762126505375	0.009177440777420998	0.010869565419852734	0.14051920175552368	-1.3278622645884752e-08	0.005539216101169586	0.026356376707553864	1.622538547962904e-09	5.000001692678779e-07	0.009999999776482582	0.01907867006957531	1.622538547962904e-09	0.010324249044060707	9.999999974752427e-07	9.999999974752427e-07	1.622538547962904e-09	9.999999974752427e-07	9.999999974752427e-07	1.622538547962904e-09	1.622538547962904e-09	0.012001212686300278	0.43699371814727783	0.05826278030872345	9.999999974752427e-07	0.2679571807384491	9.999999974752427e-07	0.04900254309177399	1.622538547962904e-09	0.37830492854118347	0.009493403136730194	0.06596280634403229	0.3783048987388611	1.622538547962904e-09	9.999999974752427e-07	0.01123595517128706	0.2679571509361267	-2.4010660126805305e-10	1.622538547962904e-09	-1.3278622645884752e-08	1.622538547962904e-09	1.622538547962904e-09	6.666664376098197e-07	0.2545320391654968	0.2679571509361267	0.010989011265337467	1.3333333299669903e-06	0.20756608247756958	0.04900254309177399	1.622538547962904e-09	0.005720056593418121	0.2679571509361267	1.622538547962904e-09	0.01575428992509842	0.010256901383399963	0.3783048391342163	0.01601792871952057	-2.4010660126805305e-10	0.3783048093318939	0.019911106675863266	9.999999974752427e-07	1.622538547962904e-09	0.1568257212638855	0.013005435466766357	0.11561180651187897	0.01815195381641388	6.666664376098197e-07	0.01815195381641388	0.010526316240429878	0.049002498388290405	0.06741572916507721	0.03269492834806442	0.018725495785474777	0.00909090880304575	-2.4010660126805305e-10	1.622538547962904e-09	0.00917431153357029	0.009686248376965523	0.009686246514320374	0.025567827746272087	9.999999974752427e-07	0.043478261679410934	0.01575428992509842	-2.4010660126805305e-10	0.009493403136730194	0.20756609737873077	9.999999974752427e-07	0.15682576596736908	0.20756609737873077	0.3783048391342163	0.2679571211338043	0.030948013067245483	0.025567827746272087	9.999999974752427e-07	9.999999974752427e-07	0.17497771978378296	0.009708737954497337	0.00909090880304575	0.31831997632980347	0.1568257361650467	0.04121395945549011	0.04972793161869049	0.010204081423580647	0.007700018584728241	0.19181180000305176	9.999999974752427e-07	0.011036910116672516	0.022488445043563843	0.016806723549962044	9.999999974752427e-07	0.009615384973585606	1.622538547962904e-09	1.622538547962904e-09	-2.4010660126805305e-10	1.622538547962904e-09	9.999999974752427e-07	1.622538547962904e-09	0.009803921915590763	1.622538547962904e-09	1.622538547962904e-09	1.622538547962904e-09	9.999999974752427e-07	0.3545212149620056	0.02059110254049301	0.010625112801790237	0.21123084425926208	0.02664199471473694	0.006121929734945297	9.999999974752427e-07	0.3018167018890381	0.006626579910516739	0.02059112675487995	0.3018167018890381	0.01864650845527649	-1.3278622645884752e-08	1.622538547962904e-09	0.1669045239686966	0.015181045979261398	9.999999974752427e-07	1.622538547962904e-09	1.622538547962904e-09	0.010238776914775372	1.622538547962904e-09	0.14026254415512085	0.2112308144569397	-1.3278622645884752e-08	1.622538547962904e-09	0.14026251435279846	0.024768441915512085	1.622538547962904e-09	1.622538547962904e-09	0.2112308144569397	-1.3278622645884752e-08	0.011363636702299118	6.912159733474255e-10	0.23242251574993134	-1.3278622645884752e-08	0.006100691854953766	0.29567742347717285	-1.3278622645884752e-08	-1.3278622645884752e-08	1.622538547962904e-09	0.09294700622558594	1.622538547962904e-09	0.06100180745124817	0.01366463303565979	1.622538547962904e-09	0.007563948631286621	0.011995955370366573	0.0061219483613967896	0.030612245202064514	0.00662657618522644	9.073119144886732e-09	-2.4010660126805305e-10	-1.3278622645884752e-08	-1.3278622645884752e-08	-1.3278622645884752e-08	9.999999974752427e-07	0.02793613076210022	0.010625114664435387	0.027522936463356018	0.007871739566326141	9.999999974752427e-07	1.622538547962904e-09	0.006626579910516739	0.14026251435279846	0.010101010091602802	0.09294699132442474	0.14026251435279846	0.29567742347717285	0.21123076975345612	-1.3278622645884752e-08	0.013964534737169743	0.011995954439043999	0.0061219483613967896	0.10661163181066513	1.622538547962904e-09	0.02664199471473694	0.2191026210784912	0.061001840978860855	1.622538547962904e-09	0.013319892808794975	0.0061219558119773865	1.622538547962904e-09	0.10661161690950394	9.999999974752427e-07	-1.3278622645884752e-08	1.622538547962904e-09	1.622538547962904e-09	-2.4010660126805305e-10	1.622538547962904e-09	9.999999974752427e-07	1.622538547962904e-09	0.015181045979261398	1.622538547962904e-09	6.912159733474255e-10	0.010238775983452797	0.007871739566326141	0.006139293313026428	1.622538547962904e-09	9.999999974752427e-07	1.622538547962904e-09	0.3608144521713257	0.07295437157154083	0.008505983278155327	0.2816368341445923	0.009365733712911606	0.02610158920288086	-1.3278622645884752e-08	0.30975282192230225	8.000001798791345e-07	0.07295437157154083	0.30975282192230225	-1.3278622645884752e-08	2.255546860396862e-10	-5.828042048960924e-09	0.22092559933662415	0.024959832429885864	-1.3278622645884752e-08	1.622538547962904e-09	1.622538547962904e-09	-1.3278622645884752e-08	9.999999974752427e-07	0.21155986189842224	0.22092559933662415	2.255546860396862e-10	0.00917431153357029	0.1840570569038391	0.02610155940055847	1.622538547962904e-09	-5.828042048960924e-09	0.22092559933662415	1.622538547962904e-09	-1.3278622645884752e-08	0.008564602583646774	0.29866212606430054	1.622538547962904e-09	9.999999974752427e-07	0.29866209626197815	2.255546860396862e-10	2.255546860396862e-10	1.622538547962904e-09	0.1273503601551056	-5.828042048960924e-09	0.08163265138864517	0.01516491174697876	0.008196720853447914	9.999999974752427e-07	-2.4010660126805305e-10	0.02610158920288086	0.07547169923782349	1.3999997463542968e-06	0.015599853359162807	0.01042632944881916	0.009330726228654385	0.018172089010477066	1.622538547962904e-09	1.622538547962904e-09	0.02495981752872467	0.028257330879569054	9.999999974752427e-07	0.008460648357868195	-1.3278622645884752e-08	9.999999974752427e-07	8.000001798791345e-07	0.14251525700092316	0.009365729987621307	0.1273503601551056	0.14251527190208435	0.29866212606430054	0.2816368341445923	0.00933072715997696	0.05747126415371895	-2.4010660126805305e-10	9.999999974752427e-07	0.14251521229743958	6.000000212225132e-07	0.009365737438201904	0.29009753465652466	0.1273503601551056	0.04308461770415306	-2.4010660126805305e-10	0.009282214567065239	1.622538547962904e-09	0.14251525700092316	9.999999974752427e-07	2.255546860396862e-10	0.027484744787216187	0.017241379246115685	0.009325018152594566	-5.828042048960924e-09	-1.3278622645884752e-08	0.015599831938743591	0.02495983988046646	-2.4010660126805305e-10	9.999999974752427e-07	-1.3278622645884752e-08	0.008460644632577896	0.011090727522969246	1.622538547962904e-09	-1.3278622645884752e-08	0.01681937836110592
12	-15547.466796875	-1	9	57	76	75	26	89	10	62	48	0	26	84	41	29	91	66	5	0	11	24	14	68	37	85	21	0	0	50	22	3	66	33	67	21	43	7	69	12	0	65	50	77	73	24	43	79	5	42	1	78	57	69	21	34	56	0	70	42	76	31	43	49	25	4	73	63	36	3	21	1	46	80	82	49	14	33	40	77	33	47	9	66	48	69	78	85	57	13	11	50	56	7	32	19	59	7	0	12	47	0.5437127947807312	0.08644906431436539	0.010285336524248123	0.4145510792732239	0.012830331921577454	0.010498285293579102	0.010526316240429878	0.4251323938369751	9.999999974752427e-07	0.08644905686378479	0.44155386090278625	0.06554710865020752	1.3333333299669903e-06	9.999999974752427e-07	0.4095746874809265	9.999999974752427e-07	0.005317971110343933	1.622538547962904e-09	1.622538547962904e-09	9.999999974752427e-07	0.02298850566148758	0.39674437046051025	0.4095746576786041	9.999999974752427e-07	0.03314200043678284	0.2897196114063263	0.07604538649320602	1.622538547962904e-09	9.999999974752427e-07	0.4095746576786041	0.0049764662981033325	1.622538547962904e-09	1.622538547962904e-09	0.4145510196685791	0.03333333507180214	-1.3278622645884752e-08	0.42513248324394226	9.999999974752427e-07	6.666664376098197e-07	1.622538547962904e-09	0.22580645978450775	0.012048192322254181	0.1361638456583023	-1.3278622645884752e-08	9.999999974752427e-07	-1.3278622645884752e-08	1.622538547962904e-09	0.010498279705643654	0.1361638605594635	0.030567780137062073	0.02411612868309021	1.622538547962904e-09	0.008196720853447914	0.010869565419852734	9.999999974752427e-07	0.010526316240429878	0.026113219559192657	0.019338728860020638	-2.4010660126805305e-10	-1.3278622645884752e-08	1.622538547962904e-09	-1.3278622645884752e-08	0.030567795038223267	0.2705919146537781	9.999999974752427e-07	0.26527389883995056	0.2705919146537781	0.4251324534416199	0.40957462787628174	0.030927833169698715	0.05588129162788391	1.622538547962904e-09	0.010498277842998505	0.2652738690376282	-1.3278622645884752e-08	0.012830331921577454	0.4145510792732239	0.22250455617904663	0.08634074777364731	1.622538547962904e-09	0.010498279705643654	1.622538547962904e-09	0.26527389883995056	0.036036036908626556	0.009900989942252636	0.062224678695201874	0.029082641005516052	0.009053405374288559	9.999999974752427e-07	0.012195121496915817	9.999999974752427e-07	0.008547008968889713	-1.3278622645884752e-08	1.622538547962904e-09	9.999999974752427e-07	-1.3278622645884752e-08	-1.3278622645884752e-08	1.622538547962904e-09	6.666664376098197e-07	1.622538547962904e-09	0.4231007397174835	0.04496558755636215	0.010405869223177433	0.2722354531288147	0.010044899769127369	0.021052632480859756	9.999999974752427e-07	0.31625208258628845	0.018691588193178177	0.05226296931505203	0.31625211238861084	0.01785714365541935	0.010989011265337467	1.622538547962904e-09	0.2722354531288147	9.999999974752427e-07	1.622538547962904e-09	0.019417475908994675	1.622538547962904e-09	9.999999974752427e-07	6.666664376098197e-07	0.2291666716337204	0.2722354531288147	9.999999974752427e-07	1.3333333299669903e-06	0.1819043606519699	0.09699182957410812	1.622538547962904e-09	0.0078512541949749	0.2722354531288147	1.622538547962904e-09	1.622538547962904e-09	0.010638297535479069	0.31625205278396606	9.999999974752427e-07	-7.275957614183426e-12	0.31625205278396606	0.010526316240429878	0.009009009227156639	1.622538547962904e-09	0.10256187617778778	1.622538547962904e-09	0.0606570690870285	0.008510754443705082	6.666664376098197e-07	-7.275957614183426e-12	9.999999974752427e-07	1.3999997463542968e-06	0.05226297304034233	0.034559715539216995	0.022432174533605576	2.255546860396862e-10	9.999999974752427e-07	9.999999974752427e-07	9.999999974752427e-07	0.008264463394880295	0.009856700897216797	0.010405868291854858	0.008394084870815277	1.622538547962904e-09	1.622538547962904e-09	0.008510754443705082	0.034559715539216995	0.18190431594848633	0.010044899769127369	0.11764705926179886	0.18190434575080872	0.31625205278396606	0.2722354531288147	0.042105261236429214	0.010405870154500008	9.999999974752427e-07	8.000001798791345e-07	0.18190434575080872	1.622538547962904e-09	0.010044898837804794	0.2722354531288147	0.10256189107894897	0.04190482199192047	9.999999974752427e-07	8.000001798791345e-07	0.00729738175868988	0.18190434575080872	1.622538547962904e-09	0.016949152573943138	0.01947261206805706	9.999999974752427e-07	2.255546860396862e-10	1.622538547962904e-09	0.011627906933426857	0.014580924063920975	9.999999974752427e-07	1.622538547962904e-09	9.999999974752427e-07	9.999999974752427e-07	1.622538547962904e-09	1.622538547962904e-09	1.622538547962904e-09	9.999999974752427e-07	6.000000212225132e-07	0.449466347694397	0.08000115305185318	9.999999974752427e-07	0.33304834365844727	-1.3278622645884752e-08	0.03483249247074127	9.999999974752427e-07	0.3862634003162384	0.009220771491527557	0.08756303787231445	0.386263370513916	0.013322077691555023	-1.3278622645884752e-08	9.999999974752427e-07	0.2947916090488434	9.999999974752427e-07	0.029411764815449715	9.999999974752427e-07	-1.3278622645884752e-08	0.008118398487567902	0.010526316240429878	0.2947915196418762	0.2947916090488434	-1.3278622645884752e-08	0.01075268816202879	0.294791579246521	0.04815460741519928	-1.3278622645884752e-08	0.02777777798473835	0.2947916090488434	0.019186578691005707	9.999999974752427e-07	0.008000463247299194	0.38626328110694885	-1.3278622645884752e-08	1.622538547962904e-09	0.38626334071159363	-1.3278622645884752e-08	-1.3278622645884752e-08	-1.3278622645884752e-08	0.1528805047273636	9.999999974752427e-07	0.08756301552057266	0.009048528037965298	9.999999974752427e-07	1.622538547962904e-09	0.009130984544754028	0.02860131859779358	0.08756303787231445	0.009220770560204983	0.04123711213469505	9.999999974752427e-07	-1.3278622645884752e-08	-1.3278622645884752e-08	-1.3278622645884752e-08	0.008003763854503632	0.015048369765281677	0.029999999329447746	1.622538547962904e-09	0.00909090880304575	9.999999974752427e-07	0.009048528969287872	0.009220771491527557	0.294791579246521	-1.3278622645884752e-08	0.15288051962852478	0.2499999850988388	0.386263370513916	0.31386178731918335	-4.3080945033580065e-08	0.032608695328235626	0.009130991995334625	9.999999974752427e-07	0.16192904114723206	-2.4010660126805305e-10	-1.3278622645884752e-08	0.36913183331489563	0.1528804898262024	0.06531748175621033	0.009130977094173431	0.028601333498954773	0.00756189227104187	0.16814157366752625	1.622538547962904e-09	-1.3278622645884752e-08	0.021052632480859756	0.009900989942252636	0.027272727340459824	9.999999974752427e-07	0.005203664302825928	0.008620689623057842	0.007044591009616852	-1.3278622645884752e-08	0.008000463247299194	0.008118398487567902	9.999999974752427e-07	-1.3278622645884752e-08	-1.3278622645884752e-08	-1.3278622645884752e-08	1.622538547962904e-09	0.4417252242565155	0.024390242993831635	9.999999974752427e-07	0.30527326464653015	0.010416666977107525	0.014637134969234467	9.999999974752427e-07	0.3760969042778015	9.999999974752427e-07	0.04878048598766327	0.3760969042778015	0.05099133402109146	1.2000018614344299e-06	0.008882244117558002	0.30527329444885254	1.622538547962904e-09	1.622538547962904e-09	1.622538547962904e-09	1.622538547962904e-09	0.030414395034313202	0.012048192322254181	0.29318323731422424	0.30527329444885254	9.999999974752427e-07	0.017391303554177284	0.2670987844467163	0.06562843918800354	1.622538547962904e-09	0.010416666977107525	0.30527329444885254	1.622538547962904e-09	1.622538547962904e-09	1.622538547962904e-09	0.30527329444885254	1.622538547962904e-09	0.010526316240429878	0.3760969042778015	9.999999974752427e-07	6.000000212225132e-07	1.622538547962904e-09	0.14387741684913635	0.025641024112701416	0.07431011646986008	0.032608695328235626	9.999999974752427e-07	0.009615384973585606	1.622538547962904e-09	0.014637134969234467	0.07431010156869888	0.010309278033673763	0.04452749714255333	0.009433962404727936	9.999999974752427e-07	1.622538547962904e-09	1.622538547962904e-09	1.622538547962904e-09	1.622538547962904e-09	0.009569531306624413	1.622538547962904e-09	1.622538547962904e-09	1.622538547962904e-09	0.01123595517128706	9.999999974752427e-07	0.20471768081188202	9.999999974752427e-07	0.14387744665145874	0.2047176957130432	0.3052733242511749	0.30527329444885254	0.026084452867507935	0.009569531306624413	1.622538547962904e-09	0.010101010091602802	0.204717755317688	0.010204081423580647	0.010989011265337467	0.30527329444885254	0.14387741684913635	0.06956726312637329	1.622538547962904e-09	0.01463712751865387	9.999999974752427e-07	0.20471777021884918	0.009803921915590763	1.199997768708272e-06	0.02503982186317444	9.999999974752427e-07	9.999999974752427e-07	0.008882243186235428	0.020576931536197662	9.999999974752427e-07	1.622538547962904e-09	1.622538547962904e-09	1.622538547962904e-09	9.999999974752427e-07	1.622538547962904e-09	1.622538547962904e-09	1.622538547962904e-09	6.000000212225132e-07	1.622538547962904e-09	0.3537144362926483	0.026411600410938263	4.2857209336943924e-07	0.20192477107048035	1.622538547962904e-09	0.027027027681469917	-7.275957614183426e-12	0.28152182698249817	1.622538547962904e-09	0.026411622762680054	0.2815217971801758	0.010256588459014893	1.3333333299669903e-06	1.622538547962904e-09	0.20192477107048035	9.999999974752427e-07	1.622538547962904e-09	9.999999974752427e-07	1.622538547962904e-09	0.010256589390337467	1.622538547962904e-09	0.20192474126815796	0.20192478597164154	1.622538547962904e-09	1.622538547962904e-09	0.16246558725833893	0.05873368680477142	1.622538547962904e-09	0.027633339166641235	0.20192477107048035	-1.3278622645884752e-08	1.622538547962904e-09	-1.3278622645884752e-08	0.20192483067512512	0.008206691592931747	9.999999974752427e-07	0.2740027904510498	1.622538547962904e-09	6.666664376098197e-07	1.622538547962904e-09	0.05703481286764145	1.622538547962904e-09	0.02641153335571289	0.03179077059030533	1.622538547962904e-09	9.999999974752427e-07	-1.3278622645884752e-08	0.009401541203260422	0.026411622762680054	0.009916093200445175	0.027633339166641235	4.2857209336943924e-07	1.622538547962904e-09	0.013445600867271423	0.008206691592931747	9.999999974752427e-07	0.013458997011184692	1.2857158253609668e-06	-1.3278622645884752e-08	-1.3278622645884752e-08	1.622538547962904e-09	9.999999974752427e-07	1.622538547962904e-09	0.16246557235717773	1.622538547962904e-09	0.05703481659293175	0.10570608824491501	0.2626262605190277	0.20192477107048035	0.01780684106051922	1.2857121873821598e-06	-1.3278622645884752e-08	9.999999974752427e-07	0.08882559835910797	0.009916089475154877	1.622538547962904e-09	0.20192478597164154	0.05404491350054741	0.027633339166641235	-1.3278622645884752e-08	0.009401543065905571	1.622538547962904e-09	0.1057060956954956	-1.3278622645884752e-08	0.017806850373744965	1.622538547962904e-09	1.622538547962904e-09	4.2857209336943924e-07	1.622538547962904e-09	-7.275957614183426e-12	1.622538547962904e-09	9.999999974752427e-07	1.622538547962904e-09	-1.3278622645884752e-08	9.999999974752427e-07	-1.3278622645884752e-08	0.007519088685512543	1.622538547962904e-09	6.666664376098197e-07	2.255546860396862e-10	0.5330701470375061	0.005072489380836487	5.000001692678779e-07	0.3791336417198181	0.01513710618019104	0.04571790248155594	9.999999974752427e-07	0.47317150235176086	1.622538547962904e-09	0.08930285274982452	0.47317150235176086	0.014180615544319153	0.010177051648497581	9.999999974752427e-07	0.2838802933692932	-1.3278622645884752e-08	1.622538547962904e-09	0.009429076686501503	-1.3278622645884752e-08	0.007485583424568176	9.999999974752427e-07	0.26874327659606934	0.3461630940437317	0.011049933731555939	0.012431889772415161	0.21618440747261047	0.05989852547645569	-1.3278622645884752e-08	1.622538547962904e-09	0.2838802933692932	0.030927835032343864	0.04472169280052185	-1.3278622645884752e-08	0.39345020055770874	1.622538547962904e-09	-1.3278622645884752e-08	0.39345017075538635	0.011049933731555939	0.010177051648497581	-1.3278622645884752e-08	0.16346153616905212	0.04000958055257797	0.08930287510156631	-1.3278622645884752e-08	0.010416666977107525	-1.3278622645884752e-08	0.014316469430923462	0.03628883510828018	0.08930285274982452	1.622538547962904e-09	0.0478060245513916	5.000001692678779e-07	0.028037382289767265	1.622538547962904e-09	1.622538547962904e-09	-1.3278622645884752e-08	-1.3278622645884752e-08	1.5000005078036338e-06	1.622538547962904e-09	-1.3278622645884752e-08	9.999999974752427e-07	-1.3278622645884752e-08	1.622538547962904e-09	0.21618446707725525	0.01513710618019104	0.1714627742767334	0.21618446707725525	0.39345020055770874	0.3461630940437317	0.05255889892578125	0.005072489380836487	9.999999974752427e-07	0.02286946028470993	0.1714627593755722	1.622538547962904e-09	0.015137098729610443	0.3791336119174957	0.1495407670736313	0.06023794412612915	0.014316461980342865	0.02286946028470993	0.008695651777088642	0.171462744474411	1.622538547962904e-09	0.010177051648497581	0.012431896291673183	1.622538547962904e-09	5.000001692678779e-07	9.999999974752427e-07	0.0066950321197509766	0.007796458899974823	-1.3278622645884752e-08	0.030927835032343864	-1.3278622645884752e-08	0.007485579699277878	-1.3278622645884752e-08	0.02777777798473835	-1.3278622645884752e-08	2.255546860396862e-10	0.008695651777088642	0.3669218420982361	0.04854368790984154	5.000001692678779e-07	0.19233903288841248	1.622538547962904e-09	0.021178677678108215	0.01907866820693016	0.26595741510391235	9.999999974752427e-07	0.0752153992652893	0.2984440326690674	0.01907867193222046	1.3333333299669903e-06	0.010416666977107525	0.19233903288841248	0.010324249044060707	0.007624365389347076	1.622538547962904e-09	1.622538547962904e-09	1.622538547962904e-09	9.999999974752427e-07	0.19233901798725128	0.19233904778957367	1.622538547962904e-09	0.026356376707553864	0.16347560286521912	0.04025731980800629	1.622538547962904e-09	1.622538547962904e-09	0.19233901798725128	1.622538547962904e-09	0.015332028269767761	0.0117647061124444	0.24910278618335724	0.01778506115078926	-1.3278622645884752e-08	0.24910277128219604	1.622538547962904e-09	6.666664376098197e-07	1.622538547962904e-09	0.1170303225517273	0.015458554029464722	0.0752154290676117	-1.3278622645884752e-08	0.00909090880304575	-1.3278622645884752e-08	0.009573204442858696	0.02117867022752762	0.0752154216170311	0.018691588193178177	0.015458546578884125	5.000001692678779e-07	0.005539216101169586	1.622538547962904e-09	0.01778506115078926	9.999999974752427e-07	0.02822047472000122	1.5000005078036338e-06	1.622538547962904e-09	9.999999974752427e-07	9.999999974752427e-07	-1.3278622645884752e-08	9.999999974752427e-07	0.16347560286521912	1.622538547962904e-09	0.14051920175552368	0.16347560286521912	0.24910280108451843	0.19233901798725128	0.011078406125307083	0.010101010091602802	0.009573204442858696	0.009177442640066147	0.14051921665668488	0.008695651777088642	1.622538547962904e-09	0.2222222089767456	0.11703035235404968	0.04181492328643799	0.011904762126505375	0.009177440777420998	0.010869565419852734	0.14051920175552368	-1.3278622645884752e-08	0.005539216101169586	0.026356376707553864	1.622538547962904e-09	5.000001692678779e-07	0.009999999776482582	0.01907867006957531	1.622538547962904e-09	0.010324249044060707	9.999999974752427e-07	9.999999974752427e-07	1.622538547962904e-09	9.999999974752427e-07	9.999999974752427e-07	1.622538547962904e-09	6.666664376098197e-07	0.012001216411590576	0.43699371814727783	0.05826278030872345	9.999999974752427e-07	0.2679571807384491	9.999999974752427e-07	0.04900254309177399	1.622538547962904e-09	0.3783048689365387	0.009493403136730194	0.06596280634403229	0.3783048391342163	1.622538547962904e-09	1.3333333299669903e-06	0.01123595517128706	0.2679571509361267	-2.4010660126805305e-10	1.622538547962904e-09	-1.3278622645884752e-08	1.622538547962904e-09	1.622538547962904e-09	6.666664376098197e-07	0.2545320391654968	0.2679571509361267	0.010989011265337467	1.3333333299669903e-06	0.20756608247756958	0.04900255426764488	1.622538547962904e-09	0.005720056593418121	0.2679571509361267	1.622538547962904e-09	0.01575428992509842	0.010256931185722351	0.3783048391342163	0.01601792871952057	-2.4010660126805305e-10	0.3783048689365387	0.019911106675863266	6.666664376098197e-07	1.622538547962904e-09	0.1568257212638855	0.013005435466766357	0.11561180651187897	0.01815195381641388	6.666664376098197e-07	0.01815195381641388	0.010526316240429878	0.04900252819061279	0.06741572916507721	0.03269492834806442	0.018725495785474777	0.00909090880304575	-2.4010660126805305e-10	1.622538547962904e-09	0.00917431153357029	0.009686267003417015	0.009686268866062164	0.025567827746272087	9.999999974752427e-07	0.043478261679410934	0.01575428992509842	-2.4010660126805305e-10	0.009493403136730194	0.20756609737873077	9.999999974752427e-07	0.15682576596736908	0.20756609737873077	0.3783048689365387	0.2679571211338043	0.030948013067245483	0.025567827746272087	9.999999974752427e-07	9.999999974752427e-07	0.17497771978378296	0.009708737954497337	0.00909090880304575	0.31832000613212585	0.1568257361650467	0.04121395945549011	0.04972795397043228	0.010204081423580647	0.007700018584728241	0.19181180000305176	9.999999974752427e-07	0.011036910116672516	0.022488445043563843	0.016806723549962044	9.999999974752427e-07	0.009615384973585606	1.622538547962904e-09	1.622538547962904e-09	-2.4010660126805305e-10	1.622538547962904e-09	9.999999974752427e-07	1.622538547962904e-09	0.009803921915590763	1.622538547962904e-09	1.622538547962904e-09	6.666664376098197e-07	9.999999974752427e-07	0.35452133417129517	0.02059110254049301	0.010625112801790237	0.21123076975345612	0.026642009615898132	0.006121918559074402	9.999999974752427e-07	0.3018167018890381	0.006626579910516739	0.02059112675487995	0.3018167018890381	0.01864650845527649	-1.3278622645884752e-08	1.622538547962904e-09	0.166904479265213	0.015181045979261398	9.999999974752427e-07	1.622538547962904e-09	1.622538547962904e-09	0.010238776914775372	1.622538547962904e-09	0.14026254415512085	0.21123087406158447	-1.3278622645884752e-08	1.622538547962904e-09	0.14026251435279846	0.02476842701435089	1.622538547962904e-09	1.622538547962904e-09	0.21123087406158447	-1.3278622645884752e-08	0.011363636702299118	6.912159733474255e-10	0.23242247104644775	-1.3278622645884752e-08	0.006100691854953766	0.29567742347717285	-1.3278622645884752e-08	-1.3278622645884752e-08	1.622538547962904e-09	0.09294700622558594	1.622538547962904e-09	0.06100180745124817	0.01366463303565979	1.622538547962904e-09	0.007563948631286621	0.011995955370366573	0.0061219483613967896	0.030612245202064514	0.00662657618522644	9.073119144886732e-09	-2.4010660126805305e-10	-1.3278622645884752e-08	-1.3278622645884752e-08	-1.3278622645884752e-08	9.999999974752427e-07	0.027936086058616638	0.010625114664435387	0.027522936463356018	0.00787179172039032	9.999999974752427e-07	1.622538547962904e-09	0.006626579910516739	0.14026254415512085	0.010101010091602802	0.09294699132442474	0.14026254415512085	0.29567742347717285	0.21123087406158447	-7.288326742127538e-08	0.013964534737169743	0.011995954439043999	0.0061219483613967896	0.10661163181066513	1.622538547962904e-09	0.026642009615898132	0.21910254657268524	0.061001840978860855	1.622538547962904e-09	0.013319920748472214	0.0061219558119773865	1.622538547962904e-09	0.10661161690950394	9.999999974752427e-07	-1.3278622645884752e-08	1.622538547962904e-09	1.622538547962904e-09	-2.4010660126805305e-10	1.622538547962904e-09	9.999999974752427e-07	1.622538547962904e-09	0.015181045979261398	1.622538547962904e-09	6.912159733474255e-10	0.010238775983452797	0.00787179172039032	0.006139293313026428	1.622538547962904e-09	-1.3278622645884752e-08	1.622538547962904e-09	0.3608143627643585	0.07295437157154083	0.008505983278155327	0.2816368341445923	0.009365726262331009	0.026101574301719666	-1.3278622645884752e-08	0.309752881526947	8.000001798791345e-07	0.07295437157154083	0.309752881526947	-1.3278622645884752e-08	2.255546860396862e-10	-5.828042048960924e-09	0.22092556953430176	0.024959832429885864	-1.3278622645884752e-08	1.622538547962904e-09	1.622538547962904e-09	-1.3278622645884752e-08	9.999999974752427e-07	0.21155983209609985	0.22092562913894653	2.255546860396862e-10	0.00917431153357029	0.1840570569038391	0.026101604104042053	1.622538547962904e-09	-5.828042048960924e-09	0.22092559933662415	1.622538547962904e-09	-1.3278622645884752e-08	0.008564608171582222	0.29866212606430054	1.622538547962904e-09	9.999999974752427e-07	0.29866212606430054	2.255546860396862e-10	2.255546860396862e-10	1.622538547962904e-09	0.1273503601551056	-5.828042048960924e-09	0.08163265138864517	0.01516491174697876	0.008196720853447914	9.999999974752427e-07	-2.4010660126805305e-10	0.026101581752300262	0.07547169923782349	1.3999997463542968e-06	0.015599853359162807	0.01042632944881916	0.00933072529733181	0.018172089010477066	1.622538547962904e-09	1.622538547962904e-09	0.024959832429885864	0.028257330879569054	9.999999974752427e-07	0.008460648357868195	-1.3278622645884752e-08	9.999999974752427e-07	8.000001798791345e-07	0.14251525700092316	0.009365729987621307	0.1273503601551056	0.14251527190208435	0.29866209626197815	0.2816368341445923	0.00933072715997696	0.05747126415371895	-2.4010660126805305e-10	9.999999974752427e-07	0.14251521229743958	6.000000212225132e-07	0.009365729987621307	0.2900974750518799	0.1273503601551056	0.04308461770415306	-2.4010660126805305e-10	0.009282208979129791	1.622538547962904e-09	0.14251525700092316	9.999999974752427e-07	2.255546860396862e-10	0.027484744787216187	0.017241379246115685	0.009325018152594566	-5.828042048960924e-09	-1.3278622645884752e-08	0.015599831938743591	0.02495983988046646	-2.4010660126805305e-10	9.999999974752427e-07	-1.3278622645884752e-08	0.008460648357868195	0.011090731248259544	1.622538547962904e-09	2.255546860396862e-10	0.01681937277317047
13	-15547.466796875	-1	9	57	76	75	26	89	10	62	48	0	26	84	41	29	91	66	5	0	11	24	14	68	37	85	21	0	0	50	22	3	66	33	67	21	43	7	69	12	0	65	50	77	73	24	43	79	5	42	1	78	57	69	21	34	56	0	70	42	76	31	43	49	25	4	73	63	36	3	21	1	46	80	82	49	14	33	40	77	33	47	9	66	48	69	78	85	57	13	11	50	56	7	32	19	59	7	0	13	47	0.5437127947807312	0.08644906431436539	0.010285336524248123	0.4145510792732239	0.012830331921577454	0.010498285293579102	0.010526316240429878	0.4251323938369751	9.999999974752427e-07	0.08644905686378479	0.44155386090278625	0.06554710865020752	9.999999974752427e-07	1.3333333299669903e-06	0.4095746874809265	9.999999974752427e-07	0.005317971110343933	1.622538547962904e-09	1.622538547962904e-09	9.999999974752427e-07	0.02298850566148758	0.39674437046051025	0.4095746576786041	9.999999974752427e-07	0.03314200043678284	0.2897196114063263	0.07604538649320602	1.622538547962904e-09	9.999999974752427e-07	0.4095746576786041	0.0049764662981033325	1.622538547962904e-09	1.622538547962904e-09	0.4145510196685791	0.03333333507180214	-1.3278622645884752e-08	0.42513248324394226	9.999999974752427e-07	9.999999974752427e-07	1.622538547962904e-09	0.22580645978450775	0.012048192322254181	0.1361638456583023	-1.3278622645884752e-08	9.999999974752427e-07	-1.3278622645884752e-08	1.622538547962904e-09	0.010498279705643654	0.1361638605594635	0.030567780137062073	0.02411612868309021	1.622538547962904e-09	0.008196720853447914	0.010869565419852734	9.999999974752427e-07	0.010526316240429878	0.026113219559192657	0.019338728860020638	-2.4010660126805305e-10	-1.3278622645884752e-08	1.622538547962904e-09	-1.3278622645884752e-08	0.030567795038223267	0.2705919146537781	9.999999974752427e-07	0.26527389883995056	0.2705919146537781	0.4251324534416199	0.40957462787628174	0.030927833169698715	0.05588129162788391	1.622538547962904e-09	0.010498277842998505	0.2652738690376282	-1.3278622645884752e-08	0.012830331921577454	0.4145510792732239	0.22250455617904663	0.08634074777364731	1.622538547962904e-09	0.010498279705643654	1.622538547962904e-09	0.26527389883995056	0.036036036908626556	0.009900989942252636	0.062224678695201874	0.029082641005516052	0.009053405374288559	6.666664376098197e-07	0.012195121496915817	9.999999974752427e-07	0.008547008968889713	-1.3278622645884752e-08	1.622538547962904e-09	9.999999974752427e-07	-1.3278622645884752e-08	-1.3278622645884752e-08	1.622538547962904e-09	6.666664376098197e-07	1.622538547962904e-09	0.4231007397174835	0.04496558755636215	0.010405872948467731	0.2722354829311371	0.010044899769127369	0.021052632480859756	9.999999974752427e-07	0.31625208258628845	0.018691588193178177	0.05226296931505203	0.31625211238861084	0.01785714365541935	0.010989011265337467	1.622538547962904e-09	0.2722354829311371	9.999999974752427e-07	1.622538547962904e-09	0.019417475908994675	1.622538547962904e-09	9.999999974752427e-07	6.666664376098197e-07	0.2291666716337204	0.2722354829311371	9.999999974752427e-07	1.3333333299669903e-06	0.18190433084964752	0.09699182957410812	1.622538547962904e-09	0.007851257920265198	0.2722354829311371	1.622538547962904e-09	1.622538547962904e-09	0.010638297535479069	0.31625205278396606	9.999999974752427e-07	-7.275957614183426e-12	0.31625205278396606	0.010526316240429878	0.009009009227156639	1.622538547962904e-09	0.10256187617778778	1.622538547962904e-09	0.0606570690870285	0.008510754443705082	6.666664376098197e-07	-7.275957614183426e-12	9.999999974752427e-07	1.3999997463542968e-06	0.05226296931505203	0.03455972298979759	0.022432170808315277	2.255546860396862e-10	9.999999974752427e-07	9.999999974752427e-07	9.999999974752427e-07	0.008264463394880295	0.009856700897216797	0.010405872017145157	0.008394084870815277	1.622538547962904e-09	1.622538547962904e-09	0.008510754443705082	0.03455972298979759	0.18190433084964752	0.010044899769127369	0.11764705926179886	0.18190433084964752	0.31625205278396606	0.2722354829311371	0.042105261236429214	0.010405873879790306	9.999999974752427e-07	8.000001798791345e-07	0.18190434575080872	1.622538547962904e-09	0.010044898837804794	0.2722354531288147	0.10256189107894897	0.041904836893081665	9.999999974752427e-07	8.000001798791345e-07	0.007297396659851074	0.1819043606519699	1.622538547962904e-09	0.016949152573943138	0.01947261206805706	9.999999974752427e-07	2.255546860396862e-10	1.622538547962904e-09	0.011627906933426857	0.014580927789211273	9.999999974752427e-07	1.622538547962904e-09	9.999999974752427e-07	9.999999974752427e-07	1.622538547962904e-09	1.622538547962904e-09	1.622538547962904e-09	1.622538547962904e-09	6.000000212225132e-07	0.4494662880897522	0.08000115305185318	9.999999974752427e-07	0.3330483138561249	-1.3278622645884752e-08	0.03483249247074127	9.999999974752427e-07	0.386263370513916	0.009220771491527557	0.08756303787231445	0.38626334071159363	0.013322077691555023	-1.3278622645884752e-08	1.2000018614344299e-06	0.2947915494441986	9.999999974752427e-07	0.029411764815449715	9.999999974752427e-07	-1.3278622645884752e-08	0.008118398487567902	0.010526316240429878	0.2947915494441986	0.2947915196418762	-1.3278622645884752e-08	0.01075268816202879	0.2947915196418762	0.04815460741519928	-1.3278622645884752e-08	0.02777777798473835	0.2947915494441986	0.019186578691005707	9.999999974752427e-07	0.008000463247299194	0.38626325130462646	-1.3278622645884752e-08	1.622538547962904e-09	0.38626331090927124	-1.3278622645884752e-08	-1.3278622645884752e-08	-1.3278622645884752e-08	0.1528805047273636	1.199997768708272e-06	0.08756301552057266	0.009048528037965298	9.999999974752427e-07	1.622538547962904e-09	0.009130984544754028	0.02860131859779358	0.08756303787231445	0.009220770560204983	0.04123711213469505	9.999999974752427e-07	-1.3278622645884752e-08	-1.3278622645884752e-08	-1.3278622645884752e-08	0.008003763854503632	0.015048369765281677	0.029999999329447746	1.622538547962904e-09	0.00909090880304575	9.999999974752427e-07	0.009048528969287872	0.009220771491527557	0.2947915196418762	-1.3278622645884752e-08	0.15288051962852478	0.2499999850988388	0.38626334071159363	0.31386175751686096	-1.3278622645884752e-08	0.032608695328235626	0.009130991995334625	9.999999974752427e-07	0.16192904114723206	-2.4010660126805305e-10	-1.3278622645884752e-08	0.36913180351257324	0.1528804898262024	0.06531748175621033	0.009130977094173431	0.028601333498954773	0.00756189227104187	0.16814157366752625	1.622538547962904e-09	-1.3278622645884752e-08	0.021052632480859756	0.009900989942252636	0.027272727340459824	6.000000212225132e-07	0.005203664302825928	0.008620689623057842	0.007044591009616852	-1.3278622645884752e-08	0.008000463247299194	0.008118398487567902	9.999999974752427e-07	-1.3278622645884752e-08	-1.3278622645884752e-08	6.000000212225132e-07	1.622538547962904e-09	0.4417252242565155	0.024390242993831635	9.999999974752427e-07	0.30527326464653015	0.010416666977107525	0.014637134969234467	9.999999974752427e-07	0.3760969042778015	9.999999974752427e-07	0.04878048598766327	0.3760969042778015	0.05099133402109146	9.999999974752427e-07	0.008882243186235428	0.30527329444885254	1.622538547962904e-09	1.622538547962904e-09	1.622538547962904e-09	1.622538547962904e-09	0.030414395034313202	0.012048192322254181	0.29318323731422424	0.30527329444885254	9.999999974752427e-07	0.017391303554177284	0.2670987844467163	0.06562843918800354	1.622538547962904e-09	0.010416666977107525	0.30527329444885254	1.622538547962904e-09	1.622538547962904e-09	1.622538547962904e-09	0.30527329444885254	1.622538547962904e-09	0.010526316240429878	0.3760969042778015	9.999999974752427e-07	9.999999974752427e-07	1.622538547962904e-09	0.14387741684913635	0.025641025975346565	0.07431013137102127	0.032608695328235626	9.999999974752427e-07	0.009615384973585606	1.622538547962904e-09	0.014637134969234467	0.07431013137102127	0.010309278033673763	0.04452750086784363	0.009433962404727936	9.999999974752427e-07	1.622538547962904e-09	1.622538547962904e-09	1.622538547962904e-09	1.622538547962904e-09	0.009569531306624413	1.622538547962904e-09	1.622538547962904e-09	1.622538547962904e-09	0.01123595517128706	9.999999974752427e-07	0.20471768081188202	9.999999974752427e-07	0.14387741684913635	0.2047176957130432	0.3052733242511749	0.30527329444885254	0.026084452867507935	0.009569531306624413	1.622538547962904e-09	0.010101010091602802	0.204717755317688	0.010204081423580647	0.010989011265337467	0.30527329444885254	0.14387740194797516	0.06956731528043747	1.622538547962904e-09	0.01463712751865387	9.999999974752427e-07	0.20471777021884918	0.009803921915590763	9.999999974752427e-07	0.025039762258529663	9.999999974752427e-07	9.999999974752427e-07	0.008882244117558002	0.020576931536197662	9.999999974752427e-07	1.622538547962904e-09	1.622538547962904e-09	1.622538547962904e-09	9.999999974752427e-07	1.622538547962904e-09	1.622538547962904e-09	1.622538547962904e-09	-2.4010660126805305e-10	1.622538547962904e-09	0.3537144362926483	0.026411600410938263	4.2857209336943924e-07	0.20192477107048035	1.622538547962904e-09	0.027027027681469917	-7.275957614183426e-12	0.28152182698249817	1.622538547962904e-09	0.026411622762680054	0.2815217971801758	0.010256588459014893	9.999999974752427e-07	1.622538547962904e-09	0.20192477107048035	9.999999974752427e-07	1.622538547962904e-09	9.999999974752427e-07	1.622538547962904e-09	0.010256589390337467	1.622538547962904e-09	0.20192474126815796	0.20192478597164154	1.622538547962904e-09	1.622538547962904e-09	0.16246558725833893	0.05873368680477142	1.622538547962904e-09	0.02763335406780243	0.20192477107048035	-1.3278622645884752e-08	1.622538547962904e-09	-1.3278622645884752e-08	0.20192483067512512	0.008206691592931747	9.999999974752427e-07	0.2740027904510498	1.622538547962904e-09	9.999999974752427e-07	1.622538547962904e-09	0.05703481286764145	1.622538547962904e-09	0.02641156315803528	0.03179077059030533	1.622538547962904e-09	9.999999974752427e-07	-1.3278622645884752e-08	0.009401541203260422	0.026411622762680054	0.009916093200445175	0.027633368968963623	4.2857209336943924e-07	1.622538547962904e-09	0.013445600867271423	0.008206691592931747	9.999999974752427e-07	0.013458997011184692	1.2857158253609668e-06	-1.3278622645884752e-08	-1.3278622645884752e-08	1.622538547962904e-09	9.999999974752427e-07	1.622538547962904e-09	0.16246557235717773	1.622538547962904e-09	0.05703481659293175	0.10570608824491501	0.2626262605190277	0.20192477107048035	0.01780684106051922	1.2857121873821598e-06	-1.3278622645884752e-08	9.999999974752427e-07	0.08882559835910797	0.009916089475154877	1.622538547962904e-09	0.20192478597164154	0.05404489114880562	0.027633346617221832	-1.3278622645884752e-08	0.009401543065905571	1.622538547962904e-09	0.1057060956954956	-1.3278622645884752e-08	0.017806850373744965	1.622538547962904e-09	1.622538547962904e-09	4.2857209336943924e-07	1.622538547962904e-09	-7.275957614183426e-12	1.622538547962904e-09	9.999999974752427e-07	1.622538547962904e-09	-1.3278622645884752e-08	9.999999974752427e-07	-1.3278622645884752e-08	0.007519088685512543	1.622538547962904e-09	1.622538547962904e-09	2.255546860396862e-10	0.5330701470375061	0.005072489380836487	5.000001692678779e-07	0.3791336119174957	0.015137098729610443	0.04571789503097534	9.999999974752427e-07	0.47317150235176086	1.622538547962904e-09	0.08930285274982452	0.47317150235176086	0.014180606231093407	0.010177051648497581	1.3333333299669903e-06	0.283880352973938	-1.3278622645884752e-08	1.622538547962904e-09	0.009429067373275757	-1.3278622645884752e-08	0.007485583424568176	9.999999974752427e-07	0.2687433063983917	0.3461630940437317	0.011049933731555939	0.012431889772415161	0.21618443727493286	0.059898555278778076	-1.3278622645884752e-08	1.622538547962904e-09	0.2838802933692932	0.030927835032343864	0.04472166299819946	-1.3278622645884752e-08	0.39345017075538635	1.622538547962904e-09	-1.3278622645884752e-08	0.39345014095306396	0.011049933731555939	0.010177051648497581	-1.3278622645884752e-08	0.16346153616905212	0.04000958055257797	0.08930287510156631	-1.3278622645884752e-08	0.010416666977107525	-1.3278622645884752e-08	0.014316469430923462	0.036288827657699585	0.08930285274982452	1.622538547962904e-09	0.0478060245513916	5.000001692678779e-07	0.028037382289767265	1.622538547962904e-09	1.622538547962904e-09	-1.3278622645884752e-08	-1.3278622645884752e-08	1.5000005078036338e-06	1.622538547962904e-09	-1.3278622645884752e-08	9.999999974752427e-07	-1.3278622645884752e-08	1.622538547962904e-09	0.21618443727493286	0.015137098729610443	0.171462744474411	0.21618443727493286	0.39345014095306396	0.3461630940437317	0.05255882441997528	0.005072489380836487	9.999999974752427e-07	0.02286946028470993	0.1714627593755722	1.622538547962904e-09	0.01513710618019104	0.37913358211517334	0.1495407670736313	0.06023794412612915	0.014316461980342865	0.02286946028470993	0.008695651777088642	0.1714627593755722	1.622538547962904e-09	0.010177051648497581	0.012431896291673183	1.622538547962904e-09	5.000001692678779e-07	6.666664376098197e-07	0.0066950395703315735	0.007796458899974823	-1.3278622645884752e-08	0.030927835032343864	-1.3278622645884752e-08	0.007485583424568176	-1.3278622645884752e-08	0.02777777798473835	-1.3278622645884752e-08	6.666664376098197e-07	0.008695651777088642	0.3669218420982361	0.04854368790984154	5.000001692678779e-07	0.19233903288841248	1.622538547962904e-09	0.021178677678108215	0.01907866820693016	0.26595741510391235	9.999999974752427e-07	0.0752153992652893	0.2984440326690674	0.01907867193222046	9.999999974752427e-07	0.010416666977107525	0.19233903288841248	0.010324249044060707	0.007624365389347076	1.622538547962904e-09	1.622538547962904e-09	1.622538547962904e-09	9.999999974752427e-07	0.19233901798725128	0.19233904778957367	1.622538547962904e-09	0.026356376707553864	0.16347560286521912	0.04025731980800629	1.622538547962904e-09	1.622538547962904e-09	0.19233901798725128	1.622538547962904e-09	0.015332028269767761	0.0117647061124444	0.24910278618335724	0.01778506115078926	-1.3278622645884752e-08	0.24910277128219604	1.622538547962904e-09	9.999999974752427e-07	1.622538547962904e-09	0.1170303225517273	0.015458554029464722	0.0752154290676117	-1.3278622645884752e-08	0.00909090880304575	-1.3278622645884752e-08	0.009573204442858696	0.02117867022752762	0.0752154216170311	0.018691588193178177	0.015458546578884125	5.000001692678779e-07	0.005539216101169586	1.622538547962904e-09	0.01778506115078926	9.999999974752427e-07	0.02822047472000122	1.5000005078036338e-06	1.622538547962904e-09	9.999999974752427e-07	9.999999974752427e-07	-1.3278622645884752e-08	9.999999974752427e-07	0.16347560286521912	1.622538547962904e-09	0.14051920175552368	0.16347560286521912	0.24910280108451843	0.19233901798725128	0.011078406125307083	0.010101010091602802	0.009573204442858696	0.009177442640066147	0.14051921665668488	0.008695651777088642	1.622538547962904e-09	0.2222222089767456	0.11703035235404968	0.04181492328643799	0.011904762126505375	0.009177440777420998	0.010869565419852734	0.14051920175552368	-1.3278622645884752e-08	0.005539216101169586	0.026356376707553864	1.622538547962904e-09	5.000001692678779e-07	0.009999999776482582	0.01907867006957531	1.622538547962904e-09	0.010324249044060707	9.999999974752427e-07	9.999999974752427e-07	1.622538547962904e-09	9.999999974752427e-07	9.999999974752427e-07	1.622538547962904e-09	9.999999974752427e-07	0.012001216411590576	0.43699371814727783	0.05826278030872345	9.999999974752427e-07	0.2679571807384491	9.999999974752427e-07	0.04900254309177399	1.622538547962904e-09	0.3783048689365387	0.009493403136730194	0.06596280634403229	0.3783048391342163	1.622538547962904e-09	9.999999974752427e-07	0.01123595517128706	0.2679571509361267	-2.4010660126805305e-10	1.622538547962904e-09	-1.3278622645884752e-08	1.622538547962904e-09	1.622538547962904e-09	6.666664376098197e-07	0.2545320391654968	0.2679571509361267	0.010989011265337467	1.3333333299669903e-06	0.20756608247756958	0.04900255426764488	1.622538547962904e-09	0.005720056593418121	0.2679571509361267	1.622538547962904e-09	0.01575428992509842	0.010256931185722351	0.3783048391342163	0.01601792871952057	-2.4010660126805305e-10	0.3783048689365387	0.019911106675863266	9.999999974752427e-07	1.622538547962904e-09	0.1568257212638855	0.013005435466766357	0.11561180651187897	0.01815195381641388	6.666664376098197e-07	0.01815195381641388	0.010526316240429878	0.04900252819061279	0.06741572916507721	0.03269492834806442	0.018725495785474777	0.00909090880304575	-2.4010660126805305e-10	1.622538547962904e-09	0.00917431153357029	0.009686267003417015	0.009686268866062164	0.025567827746272087	9.999999974752427e-07	0.043478261679410934	0.01575428992509842	-2.4010660126805305e-10	0.009493403136730194	0.20756609737873077	9.999999974752427e-07	0.15682576596736908	0.20756609737873077	0.3783048689365387	0.2679571211338043	0.030948013067245483	0.025567827746272087	9.999999974752427e-07	9.999999974752427e-07	0.17497771978378296	0.009708737954497337	0.00909090880304575	0.31832000613212585	0.1568257361650467	0.04121395945549011	0.04972795397043228	0.010204081423580647	0.007700018584728241	0.19181180000305176	9.999999974752427e-07	0.011036910116672516	0.022488445043563843	0.016806723549962044	9.999999974752427e-07	0.009615384973585606	1.622538547962904e-09	1.622538547962904e-09	-2.4010660126805305e-10	1.622538547962904e-09	9.999999974752427e-07	1.622538547962904e-09	0.009803921915590763	1.622538547962904e-09	1.622538547962904e-09	9.999999974752427e-07	9.999999974752427e-07	0.3545213043689728	0.02059110254049301	0.010625112801790237	0.21123084425926208	0.02664199471473694	0.0061219222843647	9.999999974752427e-07	0.3018166422843933	0.006626579910516739	0.02059112675487995	0.3018166720867157	0.01864650845527649	-1.3278622645884752e-08	1.622538547962904e-09	0.1669045239686966	0.015181045979261398	9.999999974752427e-07	1.622538547962904e-09	1.622538547962904e-09	0.010238776914775372	1.622538547962904e-09	0.14026254415512085	0.2112308144569397	-1.3278622645884752e-08	1.622538547962904e-09	0.14026251435279846	0.024768419563770294	1.622538547962904e-09	1.622538547962904e-09	0.2112308144569397	-1.3278622645884752e-08	0.011363636702299118	6.912159733474255e-10	0.23242251574993134	-1.3278622645884752e-08	0.006100691854953766	0.29567739367485046	-1.3278622645884752e-08	-1.3278622645884752e-08	1.622538547962904e-09	0.09294700622558594	1.622538547962904e-09	0.06100182235240936	0.01366463303565979	1.622538547962904e-09	0.007563948631286621	0.011995955370366573	0.0061219483613967896	0.030612245202064514	0.00662657618522644	-5.828042048960924e-09	-2.4010660126805305e-10	-1.3278622645884752e-08	-1.3278622645884752e-08	-1.3278622645884752e-08	9.999999974752427e-07	0.027936100959777832	0.010625114664435387	0.027522936463356018	0.007871739566326141	9.999999974752427e-07	1.622538547962904e-09	0.006626579910516739	0.14026251435279846	0.010101010091602802	0.09294699132442474	0.14026251435279846	0.29567742347717285	0.21123076975345612	-1.3278622645884752e-08	0.013964534737169743	0.011995954439043999	0.0061219483613967896	0.10661163181066513	1.622538547962904e-09	0.02664199471473694	0.2191026210784912	0.06100182980298996	-5.828042048960924e-09	0.013319892808794975	0.0061219483613967896	1.622538547962904e-09	0.10661161690950394	9.999999974752427e-07	-1.3278622645884752e-08	1.622538547962904e-09	1.622538547962904e-09	-2.4010660126805305e-10	1.622538547962904e-09	9.999999974752427e-07	1.622538547962904e-09	0.015181045979261398	1.622538547962904e-09	6.912159733474255e-10	0.010238775983452797	0.007871739566326141	0.006139293313026428	1.622538547962904e-09	1.622538547962904e-09	1.622538547962904e-09	0.36081427335739136	0.07295437157154083	0.008505983278155327	0.2816368341445923	0.009365733712911606	0.026101619005203247	-1.3278622645884752e-08	0.3097529113292694	8.000001798791345e-07	0.07295437157154083	0.3097529113292694	-1.3278622645884752e-08	2.255546860396862e-10	-5.828042048960924e-09	0.22092559933662415	0.024959877133369446	-1.3278622645884752e-08	1.622538547962904e-09	1.622538547962904e-09	-1.3278622645884752e-08	9.999999974752427e-07	0.21155986189842224	0.22092559933662415	2.255546860396862e-10	0.00917431153357029	0.1840570569038391	0.026101604104042053	1.622538547962904e-09	-5.828042048960924e-09	0.22092559933662415	1.622538547962904e-09	-1.3278622645884752e-08	0.008564604446291924	0.2986621558666229	1.622538547962904e-09	9.999999974752427e-07	0.2986621558666229	2.255546860396862e-10	2.255546860396862e-10	1.622538547962904e-09	0.1273503601551056	-5.828042048960924e-09	0.08163265138864517	0.01516491174697876	0.008196720853447914	9.999999974752427e-07	-2.4010660126805305e-10	0.026101619005203247	0.07547169923782349	1.3999997463542968e-06	0.015599853359162807	0.01042632944881916	0.009330726228654385	0.018172089010477066	1.622538547962904e-09	1.622538547962904e-09	0.024959877133369446	0.028257330879569054	9.999999974752427e-07	0.008460652083158493	-1.3278622645884752e-08	9.999999974752427e-07	8.000001798791345e-07	0.14251525700092316	0.009365729987621307	0.1273503601551056	0.14251527190208435	0.2986621558666229	0.2816368341445923	0.00933072715997696	0.05747126415371895	-2.4010660126805305e-10	9.999999974752427e-07	0.14251521229743958	6.000000212225132e-07	0.009365737438201904	0.29009753465652466	0.1273503601551056	0.04308458790183067	-2.4010660126805305e-10	0.009282229468226433	1.622538547962904e-09	0.14251525700092316	9.999999974752427e-07	2.255546860396862e-10	0.027484774589538574	0.017241379246115685	0.009325018152594566	-5.828042048960924e-09	-1.3278622645884752e-08	0.015599861741065979	0.02495986968278885	-2.4010660126805305e-10	9.999999974752427e-07	-1.3278622645884752e-08	0.008460652083158493	0.011090751737356186	1.622538547962904e-09	-5.828042048960924e-09	0.016819393262267113
14	-15547.466796875	-1	9	57	76	75	26	89	10	62	48	0	26	84	41	29	91	66	5	0	11	24	14	68	37	85	21	0	0	50	22	3	66	33	67	21	43	7	69	12	0	65	50	77	73	24	43	79	5	42	1	78	57	69	21	34	56	0	70	42	76	31	43	49	25	4	73	63	36	3	21	1	46	80	82	49	14	33	40	77	33	47	9	66	48	69	78	85	57	13	11	50	56	7	32	19	59	7	0	14	47	0.5437127351760864	0.08644906431436539	0.010285336524248123	0.4145510494709015	0.012830331921577454	0.010498285293579102	0.010526316240429878	0.4251324534416199	9.999999974752427e-07	0.08644905686378479	0.44155389070510864	0.0655471533536911	9.999999974752427e-07	9.999999974752427e-07	0.4095746874809265	9.999999974752427e-07	0.005317971110343933	1.622538547962904e-09	1.622538547962904e-09	9.999999974752427e-07	0.02298850566148758	0.39674434065818787	0.4095746874809265	9.999999974752427e-07	0.03314200043678284	0.2897196114063263	0.07604540139436722	1.622538547962904e-09	9.999999974752427e-07	0.4095746576786041	0.004976451396942139	1.622538547962904e-09	1.622538547962904e-09	0.4145510792732239	0.03333333507180214	-1.3278622645884752e-08	0.4251324236392975	9.999999974752427e-07	9.999999974752427e-07	1.622538547962904e-09	0.22580645978450775	0.012048192322254181	0.1361638456583023	-1.3278622645884752e-08	9.999999974752427e-07	-1.3278622645884752e-08	1.622538547962904e-09	0.01049829088151455	0.1361638605594635	0.030567780137062073	0.02411612868309021	1.622538547962904e-09	0.008196720853447914	0.010869565419852734	9.999999974752427e-07	0.010526316240429878	0.02611328661441803	0.019338728860020638	-2.4010660126805305e-10	-1.3278622645884752e-08	1.622538547962904e-09	-1.3278622645884752e-08	0.030567795038223267	0.2705919146537781	9.999999974752427e-07	0.26527389883995056	0.2705919146537781	0.4251324236392975	0.40957462787628174	0.030927833169698715	0.05588129162788391	1.622538547962904e-09	0.010498292744159698	0.2652738690376282	-1.3278622645884752e-08	0.012830335646867752	0.4145510196685791	0.22250455617904663	0.08634074777364731	1.622538547962904e-09	0.010498294606804848	1.622538547962904e-09	0.26527389883995056	0.036036036908626556	0.009900989942252636	0.062224678695201874	0.029082641005516052	0.009053405374288559	9.999999974752427e-07	0.012195121496915817	9.999999974752427e-07	0.008547008968889713	-1.3278622645884752e-08	1.622538547962904e-09	9.999999974752427e-07	-1.3278622645884752e-08	-1.3278622645884752e-08	1.622538547962904e-09	-2.4010660126805305e-10	1.622538547962904e-09	0.42310070991516113	0.04496558755636215	0.010405869223177433	0.2722354829311371	0.010044899769127369	0.021052632480859756	9.999999974752427e-07	0.3162521421909332	0.018691588193178177	0.05226296931505203	0.31625211238861084	0.01785714365541935	0.010989011265337467	1.622538547962904e-09	0.2722354829311371	9.999999974752427e-07	1.622538547962904e-09	0.019417475908994675	1.622538547962904e-09	9.999999974752427e-07	6.666664376098197e-07	0.2291666716337204	0.2722354829311371	9.999999974752427e-07	1.3333333299669903e-06	0.1819043606519699	0.09699185937643051	1.622538547962904e-09	0.0078512541949749	0.2722354829311371	1.622538547962904e-09	1.622538547962904e-09	0.010638297535479069	0.31625211238861084	9.999999974752427e-07	-7.275957614183426e-12	0.31625211238861084	0.010526316240429878	0.009009009227156639	1.622538547962904e-09	0.10256187617778778	1.622538547962904e-09	0.0606570690870285	0.008510754443705082	6.666664376098197e-07	-7.275957614183426e-12	9.999999974752427e-07	1.3999997463542968e-06	0.05226297304034233	0.034559715539216995	0.022432174533605576	2.255546860396862e-10	9.999999974752427e-07	9.999999974752427e-07	9.999999974752427e-07	0.008264463394880295	0.009856734424829483	0.010405868291854858	0.008394084870815277	1.622538547962904e-09	1.622538547962904e-09	0.008510754443705082	0.034559715539216995	0.18190431594848633	0.010044899769127369	0.11764705926179886	0.18190434575080872	0.31625211238861084	0.2722354829311371	0.042105261236429214	0.010405870154500008	9.999999974752427e-07	8.000001798791345e-07	0.18190434575080872	1.622538547962904e-09	0.010044898837804794	0.2722354829311371	0.10256189107894897	0.04190482199192047	9.999999974752427e-07	8.000001798791345e-07	0.00729738175868988	0.18190434575080872	1.622538547962904e-09	0.016949152573943138	0.01947261206805706	9.999999974752427e-07	2.255546860396862e-10	1.622538547962904e-09	0.011627906933426857	0.014580924063920975	9.999999974752427e-07	1.622538547962904e-09	9.999999974752427e-07	9.999999974752427e-07	1.622538547962904e-09	1.622538547962904e-09	1.622538547962904e-09	9.999999974752427e-07	6.000000212225132e-07	0.44946640729904175	0.08000115305185318	9.999999974752427e-07	0.33304837346076965	-1.3278622645884752e-08	0.034832462668418884	9.999999974752427e-07	0.386263370513916	0.009220771491527557	0.08756303787231445	0.38626334071159363	0.01332206092774868	-1.3278622645884752e-08	9.999999974752427e-07	0.2947916090488434	9.999999974752427e-07	0.029411764815449715	9.999999974752427e-07	-1.3278622645884752e-08	0.008118398487567902	0.010526316240429878	0.294791579246521	0.2947916090488434	-1.3278622645884752e-08	0.01075268816202879	0.2947915196418762	0.048154547810554504	-1.3278622645884752e-08	0.02777777798473835	0.2947916090488434	0.019186563789844513	9.999999974752427e-07	0.008000478148460388	0.38626331090927124	-1.3278622645884752e-08	1.622538547962904e-09	0.386263370513916	-1.3278622645884752e-08	-1.3278622645884752e-08	-1.3278622645884752e-08	0.1528805047273636	9.999999974752427e-07	0.08756301552057266	0.009048528037965298	9.999999974752427e-07	1.622538547962904e-09	0.009130999445915222	0.02860131859779358	0.08756303787231445	0.009220770560204983	0.04123711213469505	9.999999974752427e-07	-1.3278622645884752e-08	-1.3278622645884752e-08	-1.3278622645884752e-08	0.008003734052181244	0.015048310160636902	0.029999999329447746	1.622538547962904e-09	0.00909090880304575	9.999999974752427e-07	0.009048528969287872	0.009220771491527557	0.2947915196418762	-1.3278622645884752e-08	0.15288051962852478	0.2499999850988388	0.386263370513916	0.31386175751686096	-1.3278622645884752e-08	0.032608695328235626	0.009131006896495819	9.999999974752427e-07	0.16192904114723206	-2.4010660126805305e-10	-1.3278622645884752e-08	0.369131863117218	0.1528804898262024	0.06531748175621033	0.009130977094173431	0.028601333498954773	0.00756189227104187	0.16814157366752625	1.622538547962904e-09	-1.3278622645884752e-08	0.021052632480859756	0.009900989942252636	0.027272727340459824	9.999999974752427e-07	0.005203664302825928	0.008620689623057842	0.007044561207294464	-1.3278622645884752e-08	0.008000478148460388	0.008118398487567902	9.999999974752427e-07	-1.3278622645884752e-08	-1.3278622645884752e-08	-1.3278622645884752e-08	1.622538547962904e-09	0.4417252242565155	0.024390242993831635	9.999999974752427e-07	0.30527326464653015	0.010416666977107525	0.014637134969234467	9.999999974752427e-07	0.3760969042778015	9.999999974752427e-07	0.04878048598766327	0.3760969042778015	0.05099133402109146	9.999999974752427e-07	0.008882244117558002	0.30527329444885254	1.622538547962904e-09	1.622538547962904e-09	1.622538547962904e-09	1.622538547962904e-09	0.030414395034313202	0.012048192322254181	0.29318323731422424	0.30527329444885254	9.999999974752427e-07	0.017391303554177284	0.2670987844467163	0.06562843918800354	1.622538547962904e-09	0.010416666977107525	0.30527329444885254	1.622538547962904e-09	1.622538547962904e-09	1.622538547962904e-09	0.30527329444885254	1.622538547962904e-09	0.010526316240429878	0.3760969042778015	9.999999974752427e-07	9.999999974752427e-07	1.622538547962904e-09	0.14387741684913635	0.025641024112701416	0.07431011646986008	0.032608695328235626	9.999999974752427e-07	0.009615384973585606	1.622538547962904e-09	0.014637134969234467	0.07431010156869888	0.010309278033673763	0.04452749714255333	0.009433962404727936	9.999999974752427e-07	1.622538547962904e-09	1.622538547962904e-09	1.622538547962904e-09	1.622538547962904e-09	0.009569531306624413	1.622538547962904e-09	1.622538547962904e-09	1.622538547962904e-09	0.01123595517128706	9.999999974752427e-07	0.20471768081188202	9.999999974752427e-07	0.14387744665145874	0.2047176957130432	0.3052733242511749	0.30527329444885254	0.026084452867507935	0.009569531306624413	1.622538547962904e-09	0.010101010091602802	0.204717755317688	0.010204081423580647	0.010989011265337467	0.30527329444885254	0.14387741684913635	0.06956726312637329	1.622538547962904e-09	0.01463712751865387	9.999999974752427e-07	0.20471777021884918	0.009803921915590763	9.999999974752427e-07	0.02503982186317444	9.999999974752427e-07	9.999999974752427e-07	0.008882243186235428	0.020576931536197662	9.999999974752427e-07	1.622538547962904e-09	1.622538547962904e-09	1.622538547962904e-09	9.999999974752427e-07	1.622538547962904e-09	1.622538547962904e-09	1.622538547962904e-09	9.999999974752427e-07	1.622538547962904e-09	0.3537144362926483	0.026411600410938263	4.2857209336943924e-07	0.20192480087280273	1.622538547962904e-09	0.027027027681469917	-7.275957614183426e-12	0.28152182698249817	1.622538547962904e-09	0.026411622762680054	0.2815217971801758	0.010256588459014893	9.999999974752427e-07	1.622538547962904e-09	0.20192477107048035	9.999999974752427e-07	1.622538547962904e-09	9.999999974752427e-07	1.622538547962904e-09	0.010256589390337467	1.622538547962904e-09	0.20192480087280273	0.20192475616931915	1.622538547962904e-09	1.622538547962904e-09	0.16246560215950012	0.05873368680477142	1.622538547962904e-09	0.027633339166641235	0.20192474126815796	-1.3278622645884752e-08	1.622538547962904e-09	-1.3278622645884752e-08	0.20192481577396393	0.00820668414235115	9.999999974752427e-07	0.2740027606487274	1.622538547962904e-09	9.999999974752427e-07	1.622538547962904e-09	0.05703481286764145	1.622538547962904e-09	0.02641153335571289	0.03179077059030533	1.622538547962904e-09	9.999999974752427e-07	-1.3278622645884752e-08	0.009401541203260422	0.026411622762680054	0.009916093200445175	0.027633339166641235	4.2857209336943924e-07	1.622538547962904e-09	0.013445578515529633	0.008206682279706001	9.999999974752427e-07	0.013458997011184692	1.2857158253609668e-06	-1.3278622645884752e-08	-1.3278622645884752e-08	1.622538547962904e-09	9.999999974752427e-07	1.622538547962904e-09	0.16246557235717773	1.622538547962904e-09	0.05703481659293175	0.10570608824491501	0.2626262605190277	0.20192475616931915	0.01780683360993862	1.2857121873821598e-06	-1.3278622645884752e-08	9.999999974752427e-07	0.08882559835910797	0.009916089475154877	1.622538547962904e-09	0.20192480087280273	0.05404491350054741	0.027633339166641235	-1.3278622645884752e-08	0.009401543065905571	1.622538547962904e-09	0.1057060956954956	-1.3278622645884752e-08	0.017806842923164368	1.622538547962904e-09	1.622538547962904e-09	4.2857209336943924e-07	1.622538547962904e-09	-7.275957614183426e-12	1.622538547962904e-09	9.999999974752427e-07	1.622538547962904e-09	-1.3278622645884752e-08	9.999999974752427e-07	-1.3278622645884752e-08	0.007519073784351349	1.622538547962904e-09	1.622538547962904e-09	2.255546860396862e-10	0.5330700874328613	0.005072489380836487	5.000001692678779e-07	0.3791336119174957	0.015137076377868652	0.045717909932136536	9.999999974752427e-07	0.4731714725494385	1.622538547962904e-09	0.08930285274982452	0.4731714725494385	0.014180628582835197	0.010177051648497581	9.999999974752427e-07	0.2838803827762604	-1.3278622645884752e-08	1.622538547962904e-09	0.009429074823856354	-1.3278622645884752e-08	0.007485575973987579	9.999999974752427e-07	0.26874321699142456	0.3461630940437317	0.011049933731555939	0.012431889772415161	0.21618443727493286	0.05989854037761688	-1.3278622645884752e-08	1.622538547962904e-09	0.28388041257858276	0.030927835032343864	0.04472164064645767	-1.3278622645884752e-08	0.39345014095306396	1.622538547962904e-09	-1.3278622645884752e-08	0.39345014095306396	0.011049933731555939	0.010177051648497581	-1.3278622645884752e-08	0.16346153616905212	0.04000958055257797	0.08930287510156631	-1.3278622645884752e-08	0.010416666977107525	-1.3278622645884752e-08	0.014316439628601074	0.03628883510828018	0.08930285274982452	1.622538547962904e-09	0.0478060245513916	5.000001692678779e-07	0.028037382289767265	1.622538547962904e-09	1.622538547962904e-09	-1.3278622645884752e-08	-1.3278622645884752e-08	1.5000005078036338e-06	1.622538547962904e-09	-1.3278622645884752e-08	9.999999974752427e-07	-1.3278622645884752e-08	1.622538547962904e-09	0.21618442237377167	0.015137076377868652	0.171462744474411	0.21618437767028809	0.39345017075538635	0.3461630940437317	0.05255879461765289	0.005072489380836487	9.999999974752427e-07	0.02286946028470993	0.1714627593755722	1.622538547962904e-09	0.015137076377868652	0.37913358211517334	0.1495407670736313	0.06023794412612915	0.014316447079181671	0.02286946028470993	0.008695651777088642	0.171462744474411	1.622538547962904e-09	0.010177051648497581	0.012431896291673183	1.622538547962904e-09	5.000001692678779e-07	9.999999974752427e-07	0.0066950321197509766	0.007796458899974823	-1.3278622645884752e-08	0.030927835032343864	-1.3278622645884752e-08	0.007485579699277878	-1.3278622645884752e-08	0.02777777798473835	-1.3278622645884752e-08	-2.4010660126805305e-10	0.008695651777088642	0.36692193150520325	0.04854368790984154	5.000001692678779e-07	0.19233901798725128	1.622538547962904e-09	0.021178647875785828	0.019078660756349564	0.26595741510391235	9.999999974752427e-07	0.0752153992652893	0.2984439730644226	0.019078657031059265	9.999999974752427e-07	0.010416666977107525	0.19233903288841248	0.010324249044060707	0.007624365389347076	1.622538547962904e-09	1.622538547962904e-09	1.622538547962904e-09	9.999999974752427e-07	0.19233904778957367	0.19233903288841248	1.622538547962904e-09	0.026356376707553864	0.1634756177663803	0.04025733470916748	1.622538547962904e-09	1.622538547962904e-09	0.19233904778957367	1.622538547962904e-09	0.015332028269767761	0.0117647061124444	0.24910278618335724	0.017785068601369858	-1.3278622645884752e-08	0.24910277128219604	1.622538547962904e-09	9.999999974752427e-07	1.622538547962904e-09	0.1170303225517273	0.015458554029464722	0.0752154290676117	-1.3278622645884752e-08	0.00909090880304575	-1.3278622645884752e-08	0.009573204442858696	0.02117864415049553	0.0752154216170311	0.018691588193178177	0.015458546578884125	5.000001692678779e-07	0.005539223551750183	1.622538547962904e-09	0.017785068601369858	9.999999974752427e-07	0.028220437467098236	1.5000005078036338e-06	1.622538547962904e-09	9.999999974752427e-07	9.999999974752427e-07	-1.3278622645884752e-08	9.999999974752427e-07	0.16347555816173553	1.622538547962904e-09	0.14051920175552368	0.16347560286521912	0.24910280108451843	0.19233901798725128	0.011078421026468277	0.010101010091602802	0.009573204442858696	0.009177438914775848	0.1405191868543625	0.008695651777088642	1.622538547962904e-09	0.2222222089767456	0.11703035235404968	0.04181492328643799	0.011904762126505375	0.009177440777420998	0.010869565419852734	0.14051923155784607	-1.3278622645884752e-08	0.005539223551750183	0.026356376707553864	1.622538547962904e-09	5.000001692678779e-07	0.009999999776482582	0.019078658893704414	1.622538547962904e-09	0.010324249044060707	9.999999974752427e-07	9.999999974752427e-07	1.622538547962904e-09	9.999999974752427e-07	9.999999974752427e-07	1.622538547962904e-09	1.622538547962904e-09	0.012001212686300278	0.43699371814727783	0.05826278030872345	9.999999974752427e-07	0.2679571211338043	9.999999974752427e-07	0.04900254309177399	1.622538547962904e-09	0.3783048689365387	0.009493403136730194	0.06596280634403229	0.3783048391342163	1.622538547962904e-09	9.999999974752427e-07	0.01123595517128706	0.2679571509361267	-2.4010660126805305e-10	1.622538547962904e-09	-1.3278622645884752e-08	1.622538547962904e-09	1.622538547962904e-09	6.666664376098197e-07	0.2545320391654968	0.2679571509361267	0.010989011265337467	1.3333333299669903e-06	0.20756608247756958	0.04900255426764488	1.622538547962904e-09	0.005720056593418121	0.2679571509361267	1.622538547962904e-09	0.01575428992509842	0.010256931185722351	0.3783048391342163	0.01601792871952057	-2.4010660126805305e-10	0.3783048689365387	0.019911106675863266	9.999999974752427e-07	1.622538547962904e-09	0.1568257212638855	0.013005435466766357	0.11561180651187897	0.01815195381641388	6.666664376098197e-07	0.01815195381641388	0.010526316240429878	0.04900252819061279	0.06741572916507721	0.03269492834806442	0.018725495785474777	0.00909090880304575	-2.4010660126805305e-10	1.622538547962904e-09	0.00917431153357029	0.009686267003417015	0.009686268866062164	0.025567827746272087	9.999999974752427e-07	0.043478261679410934	0.01575428992509842	-2.4010660126805305e-10	0.009493403136730194	0.20756609737873077	9.999999974752427e-07	0.15682576596736908	0.20756609737873077	0.3783048689365387	0.2679571509361267	0.030948013067245483	0.025567827746272087	9.999999974752427e-07	9.999999974752427e-07	0.17497771978378296	0.009708737954497337	0.00909090880304575	0.31832000613212585	0.1568257361650467	0.04121395945549011	0.04972795397043228	0.010204081423580647	0.007700018584728241	0.19181180000305176	9.999999974752427e-07	0.011036910116672516	0.022488445043563843	0.016806723549962044	9.999999974752427e-07	0.009615384973585606	1.622538547962904e-09	1.622538547962904e-09	-2.4010660126805305e-10	1.622538547962904e-09	9.999999974752427e-07	1.622538547962904e-09	0.009803921915590763	1.622538547962904e-09	1.622538547962904e-09	9.999999974752427e-07	9.999999974752427e-07	0.3545212745666504	0.02059110254049301	0.010625112801790237	0.2112307995557785	0.02664187178015709	0.006121944636106491	9.999999974752427e-07	0.3018167018890381	0.006626579910516739	0.02059112675487995	0.3018167018890381	0.01864650845527649	-1.3278622645884752e-08	1.622538547962904e-09	0.1669047474861145	0.015181045979261398	9.999999974752427e-07	1.622538547962904e-09	1.622538547962904e-09	0.010238776914775372	1.622538547962904e-09	0.14026248455047607	0.21123084425926208	-1.3278622645884752e-08	1.622538547962904e-09	0.1402624547481537	0.024768434464931488	1.622538547962904e-09	1.622538547962904e-09	0.21123087406158447	-1.3278622645884752e-08	0.011363636702299118	6.912159733474255e-10	0.23242245614528656	-1.3278622645884752e-08	0.006100691854953766	0.29567739367485046	-1.3278622645884752e-08	-1.3278622645884752e-08	1.622538547962904e-09	0.09294700622558594	1.622538547962904e-09	0.06100180745124817	0.01366463303565979	1.622538547962904e-09	0.007563948631286621	0.011995955370366573	0.0061219483613967896	0.030612245202064514	0.00662657618522644	9.073119144886732e-09	-2.4010660126805305e-10	-1.3278622645884752e-08	-1.3278622645884752e-08	-1.3278622645884752e-08	9.999999974752427e-07	0.027936100959777832	0.010625114664435387	0.027522936463356018	0.007871799170970917	9.999999974752427e-07	1.622538547962904e-09	0.006626579910516739	0.14026248455047607	0.010101010091602802	0.09294699132442474	0.14026248455047607	0.29567742347717285	0.21123090386390686	-1.3278622645884752e-08	0.013964534737169743	0.011995954439043999	0.006121940910816193	0.10661163181066513	1.622538547962904e-09	0.02664187178015709	0.21910253167152405	0.061001840978860855	1.622538547962904e-09	0.01331993006169796	0.006121940910816193	1.622538547962904e-09	0.10661161690950394	9.999999974752427e-07	-1.3278622645884752e-08	1.622538547962904e-09	1.622538547962904e-09	-2.4010660126805305e-10	1.622538547962904e-09	9.999999974752427e-07	1.622538547962904e-09	0.015181045979261398	1.622538547962904e-09	6.912159733474255e-10	0.010238775983452797	0.007871799170970917	0.006139278411865234	1.622538547962904e-09	1.622538547962904e-09	1.622538547962904e-09	0.36081433296203613	0.07295437157154083	0.008505983278155327	0.2816368341445923	0.009365733712911606	0.02610158920288086	-1.3278622645884752e-08	0.309752881526947	8.000001798791345e-07	0.07295437157154083	0.309752881526947	-1.3278622645884752e-08	2.255546860396862e-10	-5.828042048960924e-09	0.22092561423778534	0.024959847331047058	-1.3278622645884752e-08	1.622538547962904e-09	1.622538547962904e-09	-1.3278622645884752e-08	9.999999974752427e-07	0.21155987679958344	0.22092559933662415	2.255546860396862e-10	0.00917431153357029	0.1840570569038391	0.026101574301719666	1.622538547962904e-09	-5.828042048960924e-09	0.22092559933662415	1.622538547962904e-09	-1.3278622645884752e-08	0.008564591407775879	0.29866212606430054	1.622538547962904e-09	9.999999974752427e-07	0.2986621558666229	2.255546860396862e-10	2.255546860396862e-10	1.622538547962904e-09	0.1273503601551056	-5.828042048960924e-09	0.08163265138864517	0.01516491174697876	0.008196720853447914	9.999999974752427e-07	-2.4010660126805305e-10	0.026101604104042053	0.07547169923782349	1.3999997463542968e-06	0.015599853359162807	0.01042632944881916	0.009330732747912407	0.018172092735767365	1.622538547962904e-09	1.622538547962904e-09	0.024959847331047058	0.028257330879569054	9.999999974752427e-07	0.008460640907287598	-1.3278622645884752e-08	9.999999974752427e-07	8.000001798791345e-07	0.14251525700092316	0.009365729987621307	0.1273503601551056	0.14251527190208435	0.29866212606430054	0.2816368341445923	0.009330734610557556	0.05747126415371895	-2.4010660126805305e-10	9.999999974752427e-07	0.14251521229743958	6.000000212225132e-07	0.009365737438201904	0.29009753465652466	0.1273503601551056	0.04308461770415306	-2.4010660126805305e-10	0.009282216429710388	1.622538547962904e-09	0.14251525700092316	9.999999974752427e-07	2.255546860396862e-10	0.027484744787216187	0.017241379246115685	0.009325018152594566	-5.828042048960924e-09	-1.3278622645884752e-08	0.015599831938743591	0.02495983988046646	-2.4010660126805305e-10	9.999999974752427e-07	-1.3278622645884752e-08	0.0084606371819973	0.01109074242413044	1.622538547962904e-09	1.622538547962904e-09	0.016819383949041367
15	-15547.466796875	-1	9	57	76	75	26	89	10	62	48	0	26	84	41	29	91	66	5	0	11	24	14	68	37	85	21	0	0	50	22	3	66	33	67	21	43	7	69	12	0	65	50	77	73	24	43	79	5	42	1	78	57	69	21	34	56	0	70	42	76	31	43	49	25	4	73	63	36	3	21	1	46	80	82	49	14	33	40	77	33	47	9	66	48	69	78	85	57	13	11	50	56	7	32	19	59	7	0	15	47	0.5437127947807312	0.08644906431436539	0.010285336524248123	0.4145510792732239	0.012830331921577454	0.010498285293579102	0.010526316240429878	0.4251323938369751	9.999999974752427e-07	0.08644905686378479	0.44155386090278625	0.06554710865020752	9.999999974752427e-07	9.999999974752427e-07	0.4095746874809265	9.999999974752427e-07	0.005317971110343933	1.622538547962904e-09	1.622538547962904e-09	9.999999974752427e-07	0.02298850566148758	0.39674437046051025	0.4095746576786041	9.999999974752427e-07	0.03314200043678284	0.2897196114063263	0.07604538649320602	1.622538547962904e-09	9.999999974752427e-07	0.4095746576786041	0.0049764662981033325	1.622538547962904e-09	1.622538547962904e-09	0.4145510196685791	0.03333333507180214	-1.3278622645884752e-08	0.42513248324394226	9.999999974752427e-07	9.999999974752427e-07	1.622538547962904e-09	0.22580645978450775	0.012048192322254181	0.1361638456583023	-1.3278622645884752e-08	9.999999974752427e-07	-1.3278622645884752e-08	1.622538547962904e-09	0.010498279705643654	0.1361638605594635	0.030567780137062073	0.02411612868309021	1.622538547962904e-09	0.008196720853447914	0.010869565419852734	9.999999974752427e-07	0.010526316240429878	0.026113219559192657	0.019338728860020638	-2.4010660126805305e-10	-1.3278622645884752e-08	1.622538547962904e-09	-1.3278622645884752e-08	0.030567795038223267	0.2705919146537781	9.999999974752427e-07	0.26527389883995056	0.2705919146537781	0.4251324534416199	0.40957462787628174	0.030927833169698715	0.05588129162788391	1.622538547962904e-09	0.010498277842998505	0.2652738690376282	-1.3278622645884752e-08	0.012830331921577454	0.4145510792732239	0.22250455617904663	0.08634074777364731	1.622538547962904e-09	0.010498279705643654	1.622538547962904e-09	0.26527389883995056	0.036036036908626556	0.009900989942252636	0.062224678695201874	0.029082641005516052	0.009053405374288559	9.999999974752427e-07	0.012195121496915817	9.999999974752427e-07	0.008547008968889713	-1.3278622645884752e-08	1.622538547962904e-09	9.999999974752427e-07	-1.3278622645884752e-08	-1.3278622645884752e-08	1.622538547962904e-09	9.999999974752427e-07	1.622538547962904e-09	0.42310068011283875	0.04496558755636215	0.010405869223177433	0.2722354531288147	0.010044899769127369	0.021052632480859756	9.999999974752427e-07	0.31625205278396606	0.018691588193178177	0.05226296931505203	0.31625208258628845	0.01785714365541935	0.010989011265337467	1.622538547962904e-09	0.2722354531288147	9.999999974752427e-07	1.622538547962904e-09	0.019417475908994675	1.622538547962904e-09	9.999999974752427e-07	6.666664376098197e-07	0.2291666716337204	0.2722354531288147	9.999999974752427e-07	1.3333333299669903e-06	0.1819043606519699	0.09699181467294693	1.622538547962904e-09	0.0078512541949749	0.2722354531288147	1.622538547962904e-09	1.622538547962904e-09	0.010638297535479069	0.31625205278396606	9.999999974752427e-07	-7.275957614183426e-12	0.31625205278396606	0.010526316240429878	0.009009009227156639	1.622538547962904e-09	0.10256187617778778	1.622538547962904e-09	0.0606570690870285	0.008510754443705082	6.666664376098197e-07	-7.275957614183426e-12	9.999999974752427e-07	1.3999997463542968e-06	0.05226297304034233	0.034559715539216995	0.022432174533605576	2.255546860396862e-10	9.999999974752427e-07	9.999999974752427e-07	9.999999974752427e-07	0.008264463394880295	0.009856708347797394	0.010405868291854858	0.008394084870815277	1.622538547962904e-09	1.622538547962904e-09	0.008510754443705082	0.034559715539216995	0.18190431594848633	0.010044899769127369	0.11764705926179886	0.18190434575080872	0.31625205278396606	0.2722354531288147	0.042105261236429214	0.010405870154500008	9.999999974752427e-07	8.000001798791345e-07	0.18190434575080872	1.622538547962904e-09	0.010044898837804794	0.2722354531288147	0.10256189107894897	0.04190482199192047	9.999999974752427e-07	8.000001798791345e-07	0.00729738175868988	0.18190434575080872	1.622538547962904e-09	0.016949152573943138	0.01947261206805706	9.999999974752427e-07	2.255546860396862e-10	1.622538547962904e-09	0.011627906933426857	0.014580924063920975	9.999999974752427e-07	1.622538547962904e-09	9.999999974752427e-07	9.999999974752427e-07	1.622538547962904e-09	1.622538547962904e-09	1.622538547962904e-09	9.999999974752427e-07	6.000000212225132e-07	0.449466347694397	0.08000115305185318	9.999999974752427e-07	0.3330483138561249	-1.3278622645884752e-08	0.034832507371902466	9.999999974752427e-07	0.3862634003162384	0.009220771491527557	0.08756303787231445	0.38626331090927124	0.013322075828909874	-1.3278622645884752e-08	9.999999974752427e-07	0.2947915494441986	9.999999974752427e-07	0.029411764815449715	9.999999974752427e-07	-1.3278622645884752e-08	0.008118405938148499	0.010526316240429878	0.2947915494441986	0.2947915196418762	-1.3278622645884752e-08	0.01075268816202879	0.2947915196418762	0.04815460741519928	-1.3278622645884752e-08	0.02777777798473835	0.2947915494441986	0.019186578691005707	9.999999974752427e-07	0.008000478148460388	0.38626331090927124	-1.3278622645884752e-08	1.622538547962904e-09	0.38626334071159363	-1.3278622645884752e-08	-1.3278622645884752e-08	-1.3278622645884752e-08	0.1528805047273636	9.999999974752427e-07	0.08756301552057266	0.009048528037965298	9.999999974752427e-07	1.622538547962904e-09	0.009130984544754028	0.02860131859779358	0.08756303787231445	0.009220770560204983	0.04123711213469505	9.999999974752427e-07	-1.3278622645884752e-08	-1.3278622645884752e-08	-1.3278622645884752e-08	0.008003763854503632	0.015048369765281677	0.029999999329447746	1.622538547962904e-09	0.00909090880304575	9.999999974752427e-07	0.009048528969287872	0.009220771491527557	0.2947915196418762	-1.3278622645884752e-08	0.15288051962852478	0.2499999850988388	0.38626334071159363	0.31386175751686096	-1.3278622645884752e-08	0.032608695328235626	0.009130991995334625	9.999999974752427e-07	0.16192904114723206	-2.4010660126805305e-10	-1.3278622645884752e-08	0.36913174390792847	0.1528804898262024	0.06531748175621033	0.009131006896495819	0.028601333498954773	0.00756189227104187	0.16814157366752625	1.622538547962904e-09	-1.3278622645884752e-08	0.021052632480859756	0.009900989942252636	0.027272727340459824	9.999999974752427e-07	0.005203679203987122	0.008620689623057842	0.007044591009616852	-1.3278622645884752e-08	0.008000478148460388	0.008118405938148499	9.999999974752427e-07	-1.3278622645884752e-08	-1.3278622645884752e-08	9.999999974752427e-07	1.622538547962904e-09	0.4417252540588379	0.024390242993831635	9.999999974752427e-07	0.30527326464653015	0.010416666977107525	0.014637120068073273	9.999999974752427e-07	0.3760969042778015	9.999999974752427e-07	0.04878048598766327	0.3760969042778015	0.05099133402109146	9.999999974752427e-07	0.008882244117558002	0.30527329444885254	1.622538547962904e-09	1.622538547962904e-09	1.622538547962904e-09	1.622538547962904e-09	0.030414380133152008	0.012048192322254181	0.29318323731422424	0.30527329444885254	9.999999974752427e-07	0.017391303554177284	0.2670987844467163	0.06562842428684235	1.622538547962904e-09	0.010416666977107525	0.30527329444885254	1.622538547962904e-09	1.622538547962904e-09	1.622538547962904e-09	0.30527329444885254	1.622538547962904e-09	0.010526316240429878	0.3760969042778015	9.999999974752427e-07	9.999999974752427e-07	1.622538547962904e-09	0.14387741684913635	0.025641024112701416	0.07431011646986008	0.032608695328235626	9.999999974752427e-07	0.009615384973585606	1.622538547962904e-09	0.014637134969234467	0.07431010156869888	0.010309278033673763	0.04452749714255333	0.009433962404727936	9.999999974752427e-07	1.622538547962904e-09	1.622538547962904e-09	1.622538547962904e-09	1.622538547962904e-09	0.009569531306624413	1.622538547962904e-09	1.622538547962904e-09	1.622538547962904e-09	0.01123595517128706	9.999999974752427e-07	0.20471768081188202	9.999999974752427e-07	0.14387744665145874	0.2047176957130432	0.3052733242511749	0.30527329444885254	0.026084452867507935	0.009569531306624413	1.622538547962904e-09	0.010101010091602802	0.204717755317688	0.010204081423580647	0.010989011265337467	0.30527329444885254	0.14387741684913635	0.06956726312637329	1.622538547962904e-09	0.01463712751865387	9.999999974752427e-07	0.20471777021884918	0.009803921915590763	9.999999974752427e-07	0.02503982186317444	9.999999974752427e-07	9.999999974752427e-07	0.008882243186235428	0.02057691663503647	9.999999974752427e-07	1.622538547962904e-09	1.622538547962904e-09	1.622538547962904e-09	9.999999974752427e-07	1.622538547962904e-09	1.622538547962904e-09	1.622538547962904e-09	1.622538547962904e-09	1.622538547962904e-09	0.3537144362926483	0.026411600410938263	4.2857209336943924e-07	0.20192477107048035	1.622538547962904e-09	0.027027027681469917	-7.275957614183426e-12	0.28152182698249817	1.622538547962904e-09	0.026411622762680054	0.2815217971801758	0.010256588459014893	9.999999974752427e-07	1.622538547962904e-09	0.20192477107048035	9.999999974752427e-07	1.622538547962904e-09	9.999999974752427e-07	1.622538547962904e-09	0.010256589390337467	1.622538547962904e-09	0.20192474126815796	0.20192478597164154	1.622538547962904e-09	1.622538547962904e-09	0.16246558725833893	0.05873368680477142	1.622538547962904e-09	0.027633339166641235	0.20192477107048035	-1.3278622645884752e-08	1.622538547962904e-09	-1.3278622645884752e-08	0.20192483067512512	0.008206691592931747	9.999999974752427e-07	0.2740027904510498	1.622538547962904e-09	9.999999974752427e-07	1.622538547962904e-09	0.05703481286764145	1.622538547962904e-09	0.02641153335571289	0.03179077059030533	1.622538547962904e-09	9.999999974752427e-07	-1.3278622645884752e-08	0.009401541203260422	0.026411622762680054	0.009916093200445175	0.027633339166641235	4.2857209336943924e-07	1.622538547962904e-09	0.013445600867271423	0.008206691592931747	9.999999974752427e-07	0.013458997011184692	1.2857158253609668e-06	-1.3278622645884752e-08	-1.3278622645884752e-08	1.622538547962904e-09	9.999999974752427e-07	1.622538547962904e-09	0.16246557235717773	1.622538547962904e-09	0.05703481659293175	0.10570608824491501	0.2626262605190277	0.20192477107048035	0.01780684106051922	1.2857121873821598e-06	-1.3278622645884752e-08	9.999999974752427e-07	0.08882559835910797	0.009916089475154877	1.622538547962904e-09	0.20192478597164154	0.05404491350054741	0.027633339166641235	-1.3278622645884752e-08	0.009401543065905571	1.622538547962904e-09	0.1057060956954956	-1.3278622645884752e-08	0.017806850373744965	1.622538547962904e-09	1.622538547962904e-09	4.2857209336943924e-07	1.622538547962904e-09	-7.275957614183426e-12	1.622538547962904e-09	9.999999974752427e-07	1.622538547962904e-09	-1.3278622645884752e-08	9.999999974752427e-07	-1.3278622645884752e-08	0.007519088685512543	1.622538547962904e-09	9.999999974752427e-07	2.255546860396862e-10	0.5330700278282166	0.005072489380836487	5.000001692678779e-07	0.3791336119174957	0.015137098729610443	0.045717932283878326	9.999999974752427e-07	0.47317153215408325	1.622538547962904e-09	0.08930285274982452	0.47317153215408325	0.01418064534664154	0.010177051648497581	9.999999974752427e-07	0.283880352973938	-1.3278622645884752e-08	1.622538547962904e-09	0.009429087862372398	-1.3278622645884752e-08	0.007485583424568176	9.999999974752427e-07	0.2687433063983917	0.3461630940437317	0.011049933731555939	0.012431889772415161	0.21618443727493286	0.05989854037761688	-1.3278622645884752e-08	1.622538547962904e-09	0.2838802933692932	0.030927835032343864	0.04472166299819946	-1.3278622645884752e-08	0.39345017075538635	1.622538547962904e-09	-1.3278622645884752e-08	0.39345014095306396	0.011049933731555939	0.010177051648497581	-1.3278622645884752e-08	0.16346153616905212	0.04000958055257797	0.08930287510156631	-1.3278622645884752e-08	0.010416666977107525	-1.3278622645884752e-08	0.014316469430923462	0.03628884255886078	0.08930285274982452	1.622538547962904e-09	0.0478060245513916	5.000001692678779e-07	0.028037382289767265	1.622538547962904e-09	1.622538547962904e-09	-1.3278622645884752e-08	-1.3278622645884752e-08	1.5000005078036338e-06	1.622538547962904e-09	-1.3278622645884752e-08	9.999999974752427e-07	-1.3278622645884752e-08	1.622538547962904e-09	0.21618443727493286	0.015137098729610443	0.171462744474411	0.21618443727493286	0.39345014095306396	0.3461630940437317	0.05255882441997528	0.005072489380836487	9.999999974752427e-07	0.02286946028470993	0.1714627593755722	1.622538547962904e-09	0.01513710618019104	0.37913358211517334	0.1495407670736313	0.06023794412612915	0.014316461980342865	0.02286946028470993	0.008695651777088642	0.1714627593755722	1.622538547962904e-09	0.010177051648497581	0.012431896291673183	1.622538547962904e-09	5.000001692678779e-07	9.999999974752427e-07	0.00669504702091217	0.007796458899974823	-1.3278622645884752e-08	0.030927835032343864	-1.3278622645884752e-08	0.007485587149858475	-1.3278622645884752e-08	0.02777777798473835	-1.3278622645884752e-08	-1.3278622645884752e-08	0.008695651777088642	0.3669218420982361	0.04854368790984154	5.000001692678779e-07	0.19233903288841248	1.622538547962904e-09	0.021178677678108215	0.01907866820693016	0.26595741510391235	9.999999974752427e-07	0.0752153992652893	0.2984440326690674	0.01907867193222046	9.999999974752427e-07	0.010416666977107525	0.19233903288841248	0.010324249044060707	0.007624365389347076	1.622538547962904e-09	1.622538547962904e-09	1.622538547962904e-09	9.999999974752427e-07	0.19233901798725128	0.19233904778957367	1.622538547962904e-09	0.026356376707553864	0.16347560286521912	0.04025731980800629	1.622538547962904e-09	1.622538547962904e-09	0.19233901798725128	1.622538547962904e-09	0.015332028269767761	0.0117647061124444	0.24910278618335724	0.01778506115078926	-1.3278622645884752e-08	0.24910277128219604	1.622538547962904e-09	9.999999974752427e-07	1.622538547962904e-09	0.1170303225517273	0.015458554029464722	0.0752154290676117	-1.3278622645884752e-08	0.00909090880304575	-1.3278622645884752e-08	0.009573204442858696	0.02117867022752762	0.0752154216170311	0.018691588193178177	0.015458546578884125	5.000001692678779e-07	0.005539216101169586	1.622538547962904e-09	0.01778506115078926	9.999999974752427e-07	0.02822047472000122	1.5000005078036338e-06	1.622538547962904e-09	9.999999974752427e-07	9.999999974752427e-07	-1.3278622645884752e-08	9.999999974752427e-07	0.16347560286521912	1.622538547962904e-09	0.14051920175552368	0.16347560286521912	0.24910280108451843	0.19233901798725128	0.011078406125307083	0.010101010091602802	0.009573204442858696	0.009177442640066147	0.14051921665668488	0.008695651777088642	1.622538547962904e-09	0.2222222089767456	0.11703035235404968	0.04181492328643799	0.011904762126505375	0.009177440777420998	0.010869565419852734	0.14051920175552368	-1.3278622645884752e-08	0.005539216101169586	0.026356376707553864	1.622538547962904e-09	5.000001692678779e-07	0.009999999776482582	0.01907867006957531	1.622538547962904e-09	0.010324249044060707	9.999999974752427e-07	9.999999974752427e-07	1.622538547962904e-09	9.999999974752427e-07	9.999999974752427e-07	1.622538547962904e-09	9.999999974752427e-07	0.012001216411590576	0.43699365854263306	0.05826278030872345	9.999999974752427e-07	0.2679571807384491	9.999999974752427e-07	0.04900258779525757	1.622538547962904e-09	0.3783048987388611	0.009493403136730194	0.06596280634403229	0.3783048689365387	1.622538547962904e-09	9.999999974752427e-07	0.01123595517128706	0.2679571509361267	-2.4010660126805305e-10	1.622538547962904e-09	-1.3278622645884752e-08	1.622538547962904e-09	1.622538547962904e-09	6.666664376098197e-07	0.2545320391654968	0.2679571509361267	0.010989011265337467	1.3333333299669903e-06	0.20756608247756958	0.04900252819061279	1.622538547962904e-09	0.005720056593418121	0.2679571509361267	1.622538547962904e-09	0.01575428992509842	0.010256909765303135	0.3783048689365387	0.01601792871952057	-2.4010660126805305e-10	0.3783048689365387	0.019911106675863266	9.999999974752427e-07	1.622538547962904e-09	0.1568257212638855	0.013005435466766357	0.11561180651187897	0.01815195381641388	6.666664376098197e-07	0.01815195381641388	0.010526316240429878	0.04900252819061279	0.06741572916507721	0.03269492834806442	0.018725495785474777	0.00909090880304575	-2.4010660126805305e-10	1.622538547962904e-09	0.00917431153357029	0.009686263278126717	0.009686268866062164	0.025567827746272087	9.999999974752427e-07	0.043478261679410934	0.01575428992509842	-2.4010660126805305e-10	0.009493403136730194	0.20756609737873077	9.999999974752427e-07	0.15682576596736908	0.20756609737873077	0.3783048689365387	0.2679571211338043	0.030948013067245483	0.025567827746272087	9.999999974752427e-07	9.999999974752427e-07	0.17497771978378296	0.009708737954497337	0.00909090880304575	0.31831997632980347	0.1568257361650467	0.04121395945549011	0.04972793906927109	0.010204081423580647	0.007700018584728241	0.19181180000305176	9.999999974752427e-07	0.011036910116672516	0.022488445043563843	0.016806723549962044	9.999999974752427e-07	0.009615384973585606	1.622538547962904e-09	1.622538547962904e-09	-2.4010660126805305e-10	1.622538547962904e-09	9.999999974752427e-07	1.622538547962904e-09	0.009803921915590763	1.622538547962904e-09	1.622538547962904e-09	-2.4010660126805305e-10	9.999999974752427e-07	0.3545213043689728	0.02059110254049301	0.010625112801790237	0.21123084425926208	0.02664199471473694	0.0061219222843647	9.999999974752427e-07	0.3018166422843933	0.006626579910516739	0.02059112675487995	0.3018166720867157	0.01864650845527649	-1.3278622645884752e-08	1.622538547962904e-09	0.1669045239686966	0.015181045979261398	9.999999974752427e-07	1.622538547962904e-09	1.622538547962904e-09	0.010238776914775372	1.622538547962904e-09	0.14026254415512085	0.2112308144569397	-1.3278622645884752e-08	1.622538547962904e-09	0.14026251435279846	0.024768419563770294	1.622538547962904e-09	1.622538547962904e-09	0.2112308144569397	-1.3278622645884752e-08	0.011363636702299118	6.912159733474255e-10	0.23242251574993134	-1.3278622645884752e-08	0.006100691854953766	0.29567739367485046	-1.3278622645884752e-08	-1.3278622645884752e-08	1.622538547962904e-09	0.09294700622558594	1.622538547962904e-09	0.06100180745124817	0.01366463303565979	1.622538547962904e-09	0.007563948631286621	0.011995955370366573	0.0061219483613967896	0.030612245202064514	0.00662657618522644	9.073119144886732e-09	-2.4010660126805305e-10	-1.3278622645884752e-08	-1.3278622645884752e-08	-1.3278622645884752e-08	9.999999974752427e-07	0.027936100959777832	0.010625114664435387	0.027522936463356018	0.007871739566326141	9.999999974752427e-07	1.622538547962904e-09	0.006626579910516739	0.14026251435279846	0.010101010091602802	0.09294699132442474	0.14026251435279846	0.29567742347717285	0.21123076975345612	-1.3278622645884752e-08	0.013964534737169743	0.011995954439043999	0.0061219483613967896	0.10661163181066513	1.622538547962904e-09	0.02664199471473694	0.2191026210784912	0.061001840978860855	1.622538547962904e-09	0.013319892808794975	0.0061219483613967896	1.622538547962904e-09	0.10661161690950394	9.999999974752427e-07	-1.3278622645884752e-08	1.622538547962904e-09	1.622538547962904e-09	-2.4010660126805305e-10	1.622538547962904e-09	9.999999974752427e-07	1.622538547962904e-09	0.015181045979261398	1.622538547962904e-09	6.912159733474255e-10	0.010238775983452797	0.007871739566326141	0.006139293313026428	1.622538547962904e-09	9.999999974752427e-07	1.622538547962904e-09	0.36081427335739136	0.07295437157154083	0.008505983278155327	0.2816368341445923	0.009365733712911606	0.026101619005203247	-1.3278622645884752e-08	0.3097529113292694	8.000001798791345e-07	0.07295437157154083	0.3097529113292694	-1.3278622645884752e-08	2.255546860396862e-10	-5.828042048960924e-09	0.22092559933662415	0.024959877133369446	-1.3278622645884752e-08	1.622538547962904e-09	1.622538547962904e-09	-1.3278622645884752e-08	9.999999974752427e-07	0.21155986189842224	0.22092559933662415	2.255546860396862e-10	0.00917431153357029	0.1840570569038391	0.026101604104042053	1.622538547962904e-09	-5.828042048960924e-09	0.22092559933662415	1.622538547962904e-09	-1.3278622645884752e-08	0.008564604446291924	0.2986621558666229	1.622538547962904e-09	9.999999974752427e-07	0.2986621558666229	2.255546860396862e-10	2.255546860396862e-10	1.622538547962904e-09	0.1273503601551056	-5.828042048960924e-09	0.08163265138864517	0.01516491174697876	0.008196720853447914	9.999999974752427e-07	-2.4010660126805305e-10	0.026101619005203247	0.07547169923782349	1.3999997463542968e-06	0.015599853359162807	0.01042632944881916	0.009330726228654385	0.018172089010477066	1.622538547962904e-09	1.622538547962904e-09	0.024959877133369446	0.028257330879569054	9.999999974752427e-07	0.008460652083158493	-1.3278622645884752e-08	9.999999974752427e-07	8.000001798791345e-07	0.14251525700092316	0.009365729987621307	0.1273503601551056	0.14251527190208435	0.2986621558666229	0.2816368341445923	0.00933072715997696	0.05747126415371895	-2.4010660126805305e-10	9.999999974752427e-07	0.14251521229743958	6.000000212225132e-07	0.009365737438201904	0.29009753465652466	0.1273503601551056	0.04308461770415306	-2.4010660126805305e-10	0.009282229468226433	1.622538547962904e-09	0.14251525700092316	9.999999974752427e-07	2.255546860396862e-10	0.027484744787216187	0.017241379246115685	0.009325018152594566	-5.828042048960924e-09	-1.3278622645884752e-08	0.015599831938743591	0.02495986968278885	-2.4010660126805305e-10	9.999999974752427e-07	-1.3278622645884752e-08	0.008460652083158493	0.011090751737356186	1.622538547962904e-09	9.999999974752427e-07	0.016819393262267113
16	-15547.466796875	-1	9	57	76	75	26	89	10	62	48	0	26	84	41	29	91	66	5	0	11	24	14	68	37	85	21	0	0	50	22	3	66	33	67	21	43	7	69	12	0	65	50	77	73	24	43	79	5	42	1	78	57	69	21	34	56	0	70	42	76	31	43	49	25	4	73	63	36	3	21	1	46	80	82	49	14	33	40	77	33	47	9	66	48	69	78	85	57	13	11	50	56	7	32	19	59	7	0	16	47	0.5437127351760864	0.08644906431436539	0.010285336524248123	0.4145510792732239	0.012830309569835663	0.010498285293579102	0.010526316240429878	0.42513251304626465	9.999999974752427e-07	0.08644905686378479	0.4415539801120758	0.06554713845252991	9.999999974752427e-07	9.999999974752427e-07	0.4095746874809265	9.999999974752427e-07	0.005318015813827515	1.622538547962904e-09	1.622538547962904e-09	9.999999974752427e-07	0.02298850566148758	0.3967443108558655	0.4095746874809265	9.999999974752427e-07	0.03314200043678284	0.2897196412086487	0.0760454311966896	1.622538547962904e-09	9.999999974752427e-07	0.4095746874809265	0.004976421594619751	1.622538547962904e-09	1.622538547962904e-09	0.4145510196685791	0.03333333507180214	-1.3278622645884752e-08	0.4251324534416199	9.999999974752427e-07	9.999999974752427e-07	1.622538547962904e-09	0.22580645978450775	0.012048192322254181	0.1361638456583023	-1.3278622645884752e-08	9.999999974752427e-07	-1.3278622645884752e-08	1.622538547962904e-09	0.010498283430933952	0.1361638605594635	0.030567780137062073	0.02411612868309021	1.622538547962904e-09	0.008196720853447914	0.010869565419852734	9.999999974752427e-07	0.010526316240429878	0.026113294064998627	0.019338728860020638	-2.4010660126805305e-10	-1.3278622645884752e-08	1.622538547962904e-09	-1.3278622645884752e-08	0.030567795038223267	0.2705919146537781	9.999999974752427e-07	0.26527392864227295	0.2705919146537781	0.4251324534416199	0.4095746874809265	0.030927833169698715	0.05588129162788391	1.622538547962904e-09	0.0104982890188694	0.26527389883995056	-1.3278622645884752e-08	0.012830309569835663	0.41455113887786865	0.22250455617904663	0.08634074777364731	1.622538547962904e-09	0.01049828715622425	1.622538547962904e-09	0.26527392864227295	0.036036036908626556	0.009900989942252636	0.062224678695201874	0.029082641005516052	0.009053405374288559	9.999999974752427e-07	0.012195121496915817	9.999999974752427e-07	0.008547008968889713	-1.3278622645884752e-08	1.622538547962904e-09	9.999999974752427e-07	-1.3278622645884752e-08	-1.3278622645884752e-08	1.622538547962904e-09	9.999999974752427e-07	1.622538547962904e-09	0.4231007397174835	0.04496558755636215	0.010405869223177433	0.2722354829311371	0.010044899769127369	0.021052632480859756	9.999999974752427e-07	0.31625208258628845	0.018691588193178177	0.05226296931505203	0.31625211238861084	0.01785714365541935	0.010989011265337467	1.622538547962904e-09	0.2722354829311371	9.999999974752427e-07	1.622538547962904e-09	0.019417475908994675	1.622538547962904e-09	9.999999974752427e-07	6.666664376098197e-07	0.2291666716337204	0.2722354829311371	9.999999974752427e-07	1.3333333299669903e-06	0.18190434575080872	0.09699182957410812	1.622538547962904e-09	0.0078512541949749	0.2722354829311371	1.622538547962904e-09	1.622538547962904e-09	0.010638297535479069	0.31625205278396606	9.999999974752427e-07	-7.275957614183426e-12	0.31625205278396606	0.010526316240429878	0.009009009227156639	1.622538547962904e-09	0.10256187617778778	1.622538547962904e-09	0.0606570690870285	0.008510754443705082	6.666664376098197e-07	-7.275957614183426e-12	9.999999974752427e-07	1.3999997463542968e-06	0.05226297304034233	0.034559715539216995	0.022432174533605576	2.255546860396862e-10	9.999999974752427e-07	9.999999974752427e-07	9.999999974752427e-07	0.008264463394880295	0.009856700897216797	0.010405868291854858	0.008394084870815277	1.622538547962904e-09	1.622538547962904e-09	0.008510754443705082	0.034559715539216995	0.18190431594848633	0.010044899769127369	0.11764705926179886	0.18190434575080872	0.31625205278396606	0.2722354829311371	0.042105261236429214	0.010405870154500008	9.999999974752427e-07	8.000001798791345e-07	0.18190434575080872	1.622538547962904e-09	0.010044898837804794	0.2722354531288147	0.10256189107894897	0.04190482199192047	9.999999974752427e-07	8.000001798791345e-07	0.00729738175868988	0.18190434575080872	1.622538547962904e-09	0.016949152573943138	0.01947261206805706	9.999999974752427e-07	2.255546860396862e-10	1.622538547962904e-09	0.011627906933426857	0.014580924063920975	9.999999974752427e-07	1.622538547962904e-09	9.999999974752427e-07	9.999999974752427e-07	1.622538547962904e-09	1.622538547962904e-09	1.622538547962904e-09	1.622538547962904e-09	6.000000212225132e-07	0.4494662880897522	0.08000115305185318	9.999999974752427e-07	0.3330483138561249	-1.3278622645884752e-08	0.03483249247074127	9.999999974752427e-07	0.386263370513916	0.009220771491527557	0.08756303787231445	0.38626334071159363	0.013322077691555023	-1.3278622645884752e-08	9.999999974752427e-07	0.2947915494441986	9.999999974752427e-07	0.029411764815449715	9.999999974752427e-07	-1.3278622645884752e-08	0.008118398487567902	0.010526316240429878	0.2947915494441986	0.2947915196418762	-1.3278622645884752e-08	0.01075268816202879	0.2947915196418762	0.04815460741519928	-1.3278622645884752e-08	0.02777777798473835	0.2947915494441986	0.019186578691005707	9.999999974752427e-07	0.008000463247299194	0.38626325130462646	-1.3278622645884752e-08	1.622538547962904e-09	0.38626331090927124	-1.3278622645884752e-08	-1.3278622645884752e-08	-1.3278622645884752e-08	0.1528805047273636	9.999999974752427e-07	0.08756301552057266	0.009048528037965298	9.999999974752427e-07	1.622538547962904e-09	0.009130984544754028	0.02860131859779358	0.08756303787231445	0.009220770560204983	0.04123711213469505	9.999999974752427e-07	-1.3278622645884752e-08	-1.3278622645884752e-08	-1.3278622645884752e-08	0.008003763854503632	0.015048369765281677	0.029999999329447746	1.622538547962904e-09	0.00909090880304575	9.999999974752427e-07	0.009048528969287872	0.009220771491527557	0.2947915196418762	-1.3278622645884752e-08	0.15288051962852478	0.2499999850988388	0.38626334071159363	0.31386175751686096	-1.3278622645884752e-08	0.032608695328235626	0.009130991995334625	9.999999974752427e-07	0.16192904114723206	-2.4010660126805305e-10	-1.3278622645884752e-08	0.36913180351257324	0.1528804898262024	0.06531748175621033	0.009130977094173431	0.028601333498954773	0.00756189227104187	0.16814157366752625	1.622538547962904e-09	-1.3278622645884752e-08	0.021052632480859756	0.009900989942252636	0.027272727340459824	9.999999974752427e-07	0.005203664302825928	0.008620689623057842	0.007044591009616852	-1.3278622645884752e-08	0.008000463247299194	0.008118398487567902	9.999999974752427e-07	-1.3278622645884752e-08	-1.3278622645884752e-08	9.999999974752427e-07	1.622538547962904e-09	0.4417252540588379	0.024390242993831635	9.999999974752427e-07	0.30527329444885254	0.010416666977107525	0.014637134969234467	9.999999974752427e-07	0.37609684467315674	9.999999974752427e-07	0.04878048598766327	0.3760969042778015	0.05099131166934967	9.999999974752427e-07	0.008882244117558002	0.30527329444885254	1.622538547962904e-09	1.622538547962904e-09	1.622538547962904e-09	1.622538547962904e-09	0.030414395034313202	0.012048192322254181	0.29318323731422424	0.30527329444885254	9.999999974752427e-07	0.017391303554177284	0.2670987844467163	0.06562843918800354	1.622538547962904e-09	0.010416666977107525	0.30527329444885254	1.622538547962904e-09	1.622538547962904e-09	1.622538547962904e-09	0.3052733540534973	1.622538547962904e-09	0.010526316240429878	0.37609684467315674	9.999999974752427e-07	9.999999974752427e-07	1.622538547962904e-09	0.14387741684913635	0.025641024112701416	0.07431011646986008	0.032608695328235626	9.999999974752427e-07	0.009615384973585606	1.622538547962904e-09	0.014637120068073273	0.07431010156869888	0.010309278033673763	0.04452749714255333	0.009433962404727936	9.999999974752427e-07	1.622538547962904e-09	1.622538547962904e-09	1.622538547962904e-09	1.622538547962904e-09	0.009569531306624413	1.622538547962904e-09	1.622538547962904e-09	1.622538547962904e-09	0.01123595517128706	9.999999974752427e-07	0.20471768081188202	9.999999974752427e-07	0.14387744665145874	0.2047176957130432	0.3052733540534973	0.30527329444885254	0.026084452867507935	0.009569531306624413	1.622538547962904e-09	0.010101010091602802	0.204717755317688	0.010204081423580647	0.010989011265337467	0.30527329444885254	0.14387741684913635	0.06956726312637329	1.622538547962904e-09	0.014637112617492676	9.999999974752427e-07	0.20471777021884918	0.009803921915590763	9.999999974752427e-07	0.02503982186317444	9.999999974752427e-07	9.999999974752427e-07	0.008882243186235428	0.02057691663503647	9.999999974752427e-07	1.622538547962904e-09	1.622538547962904e-09	1.622538547962904e-09	9.999999974752427e-07	1.622538547962904e-09	1.622538547962904e-09	1.622538547962904e-09	1.622538547962904e-09	1.622538547962904e-09	0.3537144362926483	0.026411600410938263	4.2857209336943924e-07	0.20192477107048035	1.622538547962904e-09	0.027027027681469917	-7.275957614183426e-12	0.28152182698249817	1.622538547962904e-09	0.026411622762680054	0.2815217971801758	0.010256588459014893	9.999999974752427e-07	1.622538547962904e-09	0.20192477107048035	9.999999974752427e-07	1.622538547962904e-09	9.999999974752427e-07	1.622538547962904e-09	0.010256589390337467	1.622538547962904e-09	0.20192474126815796	0.20192478597164154	1.622538547962904e-09	1.622538547962904e-09	0.16246558725833893	0.05873368680477142	1.622538547962904e-09	0.027633339166641235	0.20192477107048035	-1.3278622645884752e-08	1.622538547962904e-09	-1.3278622645884752e-08	0.20192483067512512	0.008206691592931747	9.999999974752427e-07	0.2740027904510498	1.622538547962904e-09	9.999999974752427e-07	1.622538547962904e-09	0.05703481286764145	1.622538547962904e-09	0.02641153335571289	0.03179077059030533	1.622538547962904e-09	9.999999974752427e-07	-1.3278622645884752e-08	0.009401541203260422	0.026411622762680054	0.009916093200445175	0.027633339166641235	4.2857209336943924e-07	1.622538547962904e-09	0.013445600867271423	0.008206691592931747	9.999999974752427e-07	0.013458997011184692	1.2857158253609668e-06	-1.3278622645884752e-08	-1.3278622645884752e-08	1.622538547962904e-09	9.999999974752427e-07	1.622538547962904e-09	0.16246557235717773	1.622538547962904e-09	0.05703481659293175	0.1057061105966568	0.2626262605190277	0.20192477107048035	0.01780684106051922	1.2857121873821598e-06	-1.3278622645884752e-08	9.999999974752427e-07	0.08882559835910797	0.009916089475154877	1.622538547962904e-09	0.20192478597164154	0.05404491350054741	0.027633339166641235	-1.3278622645884752e-08	0.009401543065905571	1.622538547962904e-09	0.1057060956954956	-1.3278622645884752e-08	0.017806850373744965	1.622538547962904e-09	1.622538547962904e-09	4.2857209336943924e-07	1.622538547962904e-09	-7.275957614183426e-12	1.622538547962904e-09	9.999999974752427e-07	1.622538547962904e-09	-1.3278622645884752e-08	9.999999974752427e-07	-1.3278622645884752e-08	0.007519088685512543	1.622538547962904e-09	1.622538547962904e-09	2.255546860396862e-10	0.5330701470375061	0.005072489380836487	5.000001692678779e-07	0.3791336715221405	0.015137098729610443	0.04571791738271713	9.999999974752427e-07	0.4731714725494385	1.622538547962904e-09	0.08930285274982452	0.4731714725494385	0.014180630445480347	0.010177051648497581	9.999999974752427e-07	0.2838803231716156	-1.3278622645884752e-08	1.622538547962904e-09	0.009429076686501503	-1.3278622645884752e-08	0.007485575973987579	9.999999974752427e-07	0.26874324679374695	0.3461630940437317	0.011049933731555939	0.012431889772415161	0.21618445217609406	0.05989854037761688	-1.3278622645884752e-08	1.622538547962904e-09	0.2838802933692932	0.030927835032343864	0.04472167789936066	-1.3278622645884752e-08	0.39345014095306396	1.622538547962904e-09	-1.3278622645884752e-08	0.3934501111507416	0.011049933731555939	0.010177051648497581	-1.3278622645884752e-08	0.16346153616905212	0.04000958055257797	0.08930287510156631	-1.3278622645884752e-08	0.010416666977107525	-1.3278622645884752e-08	0.01431649923324585	0.03628883510828018	0.08930285274982452	1.622538547962904e-09	0.0478060245513916	5.000001692678779e-07	0.028037382289767265	1.622538547962904e-09	1.622538547962904e-09	-1.3278622645884752e-08	-1.3278622645884752e-08	1.5000005078036338e-06	1.622538547962904e-09	-1.3278622645884752e-08	9.999999974752427e-07	-1.3278622645884752e-08	1.622538547962904e-09	0.21618440747261047	0.015137098729610443	0.171462744474411	0.21618443727493286	0.3934500813484192	0.3461630940437317	0.052558884024620056	0.005072489380836487	9.999999974752427e-07	0.02286946028470993	0.1714627593755722	1.622538547962904e-09	0.01513710618019104	0.3791336119174957	0.1495407670736313	0.06023794412612915	0.014316506683826447	0.02286946028470993	0.008695651777088642	0.1714627742767334	1.622538547962904e-09	0.010177051648497581	0.012431896291673183	1.622538547962904e-09	5.000001692678779e-07	9.999999974752427e-07	0.0066950321197509766	0.007796458899974823	-1.3278622645884752e-08	0.030927835032343864	-1.3278622645884752e-08	0.007485579699277878	-1.3278622645884752e-08	0.02777777798473835	-1.3278622645884752e-08	1.622538547962904e-09	0.008695651777088642	0.3669218420982361	0.04854368790984154	5.000001692678779e-07	0.19233903288841248	1.622538547962904e-09	0.021178677678108215	0.01907866820693016	0.26595741510391235	9.999999974752427e-07	0.0752153992652893	0.2984440326690674	0.01907867193222046	9.999999974752427e-07	0.010416666977107525	0.19233903288841248	0.010324249044060707	0.007624365389347076	1.622538547962904e-09	1.622538547962904e-09	1.622538547962904e-09	9.999999974752427e-07	0.19233901798725128	0.19233904778957367	1.622538547962904e-09	0.026356376707553864	0.16347560286521912	0.04025731980800629	1.622538547962904e-09	1.622538547962904e-09	0.19233901798725128	1.622538547962904e-09	0.015332028269767761	0.0117647061124444	0.24910278618335724	0.01778506115078926	-1.3278622645884752e-08	0.24910277128219604	1.622538547962904e-09	9.999999974752427e-07	1.622538547962904e-09	0.1170303225517273	0.015458554029464722	0.0752154290676117	-1.3278622645884752e-08	0.00909090880304575	-1.3278622645884752e-08	0.009573204442858696	0.02117867022752762	0.0752154216170311	0.018691588193178177	0.015458546578884125	5.000001692678779e-07	0.005539216101169586	1.622538547962904e-09	0.01778506115078926	9.999999974752427e-07	0.02822047472000122	1.5000005078036338e-06	1.622538547962904e-09	9.999999974752427e-07	9.999999974752427e-07	-1.3278622645884752e-08	9.999999974752427e-07	0.16347560286521912	1.622538547962904e-09	0.14051920175552368	0.16347560286521912	0.24910280108451843	0.19233901798725128	0.011078406125307083	0.010101010091602802	0.009573204442858696	0.009177442640066147	0.14051921665668488	0.008695651777088642	1.622538547962904e-09	0.2222222089767456	0.11703035235404968	0.04181492328643799	0.011904762126505375	0.009177440777420998	0.010869565419852734	0.14051920175552368	-1.3278622645884752e-08	0.005539216101169586	0.026356376707553864	1.622538547962904e-09	5.000001692678779e-07	0.009999999776482582	0.01907867006957531	1.622538547962904e-09	0.010324249044060707	9.999999974752427e-07	9.999999974752427e-07	1.622538547962904e-09	9.999999974752427e-07	9.999999974752427e-07	1.622538547962904e-09	9.999999974752427e-07	0.012001216411590576	0.43699368834495544	0.05826278030872345	9.999999974752427e-07	0.26795706152915955	9.999999974752427e-07	0.04900255799293518	1.622538547962904e-09	0.37830492854118347	0.009493403136730194	0.06596280634403229	0.37830492854118347	1.622538547962904e-09	9.999999974752427e-07	0.01123595517128706	0.2679571211338043	-2.4010660126805305e-10	1.622538547962904e-09	-1.3278622645884752e-08	1.622538547962904e-09	1.622538547962904e-09	6.666664376098197e-07	0.25453197956085205	0.2679571211338043	0.010989011265337467	1.3333333299669903e-06	0.2075660526752472	0.04900256171822548	1.622538547962904e-09	0.005720056593418121	0.2679571211338043	1.622538547962904e-09	0.015754297375679016	0.010256917215883732	0.3783048093318939	0.016017936170101166	-2.4010660126805305e-10	0.3783048093318939	0.019911106675863266	9.999999974752427e-07	1.622538547962904e-09	0.1568257212638855	0.013005435466766357	0.11561180651187897	0.01815195381641388	6.666664376098197e-07	0.01815195381641388	0.010526316240429878	0.049002498388290405	0.06741572916507721	0.03269492834806442	0.018725495785474777	0.00909090880304575	-2.4010660126805305e-10	1.622538547962904e-09	0.00917431153357029	0.00968625582754612	0.00968625396490097	0.025567827746272087	9.999999974752427e-07	0.043478261679410934	0.015754297375679016	-2.4010660126805305e-10	0.009493403136730194	0.2075660526752472	9.999999974752427e-07	0.15682576596736908	0.2075660675764084	0.3783048093318939	0.26795709133148193	0.030948016792535782	0.025567827746272087	9.999999974752427e-07	9.999999974752427e-07	0.17497771978378296	0.009708737954497337	0.00909090880304575	0.3183199465274811	0.1568257361650467	0.04121395945549011	0.049727946519851685	0.010204081423580647	0.007700018584728241	0.19181180000305176	9.999999974752427e-07	0.011036913841962814	0.022488445043563843	0.016806723549962044	9.999999974752427e-07	0.009615384973585606	1.622538547962904e-09	1.622538547962904e-09	-2.4010660126805305e-10	1.622538547962904e-09	9.999999974752427e-07	1.622538547962904e-09	0.009803921915590763	1.622538547962904e-09	1.622538547962904e-09	1.622538547962904e-09	9.999999974752427e-07	0.3545213043689728	0.02059110254049301	0.010625112801790237	0.21123084425926208	0.02664199471473694	0.0061219222843647	9.999999974752427e-07	0.3018166422843933	0.006626579910516739	0.02059112675487995	0.3018166720867157	0.01864650845527649	-1.3278622645884752e-08	1.622538547962904e-09	0.1669045239686966	0.015181045979261398	9.999999974752427e-07	1.622538547962904e-09	1.622538547962904e-09	0.010238776914775372	1.622538547962904e-09	0.14026254415512085	0.2112308144569397	-1.3278622645884752e-08	1.622538547962904e-09	0.14026251435279846	0.024768419563770294	1.622538547962904e-09	1.622538547962904e-09	0.2112308144569397	-1.3278622645884752e-08	0.011363636702299118	6.912159733474255e-10	0.23242251574993134	-1.3278622645884752e-08	0.006100691854953766	0.29567739367485046	-1.3278622645884752e-08	-1.3278622645884752e-08	1.622538547962904e-09	0.09294700622558594	1.622538547962904e-09	0.06100180745124817	0.01366463303565979	1.622538547962904e-09	0.007563948631286621	0.011995955370366573	0.0061219483613967896	0.030612245202064514	0.00662657618522644	9.073119144886732e-09	-2.4010660126805305e-10	-1.3278622645884752e-08	-1.3278622645884752e-08	-1.3278622645884752e-08	9.999999974752427e-07	0.027936100959777832	0.010625114664435387	0.027522936463356018	0.007871739566326141	9.999999974752427e-07	1.622538547962904e-09	0.006626579910516739	0.14026251435279846	0.010101010091602802	0.09294699132442474	0.14026251435279846	0.29567742347717285	0.21123076975345612	-1.3278622645884752e-08	0.013964534737169743	0.011995954439043999	0.0061219483613967896	0.10661163181066513	1.622538547962904e-09	0.02664199471473694	0.2191026210784912	0.061001840978860855	1.622538547962904e-09	0.013319892808794975	0.0061219483613967896	1.622538547962904e-09	0.10661161690950394	9.999999974752427e-07	-1.3278622645884752e-08	1.622538547962904e-09	1.622538547962904e-09	-2.4010660126805305e-10	1.622538547962904e-09	9.999999974752427e-07	1.622538547962904e-09	0.015181045979261398	1.622538547962904e-09	6.912159733474255e-10	0.010238775983452797	0.007871739566326141	0.006139293313026428	1.622538547962904e-09	9.999999974752427e-07	1.622538547962904e-09	0.36081427335739136	0.07295437157154083	0.008505983278155327	0.2816368341445923	0.009365733712911606	0.026101619005203247	-1.3278622645884752e-08	0.3097529113292694	8.000001798791345e-07	0.07295437157154083	0.3097529113292694	-1.3278622645884752e-08	2.255546860396862e-10	-5.828042048960924e-09	0.22092559933662415	0.024959877133369446	-1.3278622645884752e-08	1.622538547962904e-09	1.622538547962904e-09	-1.3278622645884752e-08	9.999999974752427e-07	0.21155986189842224	0.22092559933662415	2.255546860396862e-10	0.00917431153357029	0.1840570569038391	0.026101604104042053	1.622538547962904e-09	-5.828042048960924e-09	0.22092559933662415	1.622538547962904e-09	-1.3278622645884752e-08	0.008564604446291924	0.2986621558666229	1.622538547962904e-09	9.999999974752427e-07	0.2986621558666229	2.255546860396862e-10	2.255546860396862e-10	1.622538547962904e-09	0.1273503601551056	-5.828042048960924e-09	0.08163265138864517	0.01516491174697876	0.008196720853447914	9.999999974752427e-07	-2.4010660126805305e-10	0.026101619005203247	0.07547169923782349	1.3999997463542968e-06	0.015599853359162807	0.01042632944881916	0.009330726228654385	0.018172089010477066	1.622538547962904e-09	1.622538547962904e-09	0.024959877133369446	0.028257330879569054	9.999999974752427e-07	0.008460652083158493	-1.3278622645884752e-08	9.999999974752427e-07	8.000001798791345e-07	0.14251522719860077	0.009365729987621307	0.1273503601551056	0.14251530170440674	0.2986621558666229	0.2816368341445923	0.00933072715997696	0.05747126415371895	-2.4010660126805305e-10	9.999999974752427e-07	0.14251521229743958	6.000000212225132e-07	0.009365737438201904	0.29009753465652466	0.1273503601551056	0.04308461770415306	-2.4010660126805305e-10	0.009282229468226433	1.622538547962904e-09	0.14251525700092316	9.999999974752427e-07	2.255546860396862e-10	0.027484744787216187	0.017241379246115685	0.009325018152594566	-5.828042048960924e-09	-1.3278622645884752e-08	0.015599831938743591	0.02495986968278885	-2.4010660126805305e-10	9.999999974752427e-07	-1.3278622645884752e-08	0.008460652083158493	0.011090751737356186	1.622538547962904e-09	-1.3278622645884752e-08	0.016819393262267113
17	-15547.466796875	-1	9	57	76	75	26	89	10	62	48	0	26	84	41	29	91	66	5	0	11	24	14	68	37	85	21	0	0	50	22	3	66	33	67	21	43	7	69	12	0	65	50	77	73	24	43	79	5	42	1	78	57	69	21	34	56	0	70	42	76	31	43	49	25	4	73	63	36	3	21	1	46	80	82	49	14	33	40	77	33	47	9	66	48	69	78	85	57	13	11	50	56	7	32	19	59	7	0	17	47	0.5437127351760864	0.08644906431436539	0.010285336524248123	0.4145510792732239	0.012830331921577454	0.010498270392417908	0.010526316240429878	0.4251323938369751	9.999999974752427e-07	0.08644905686378479	0.44155392050743103	0.06554710865020752	9.999999974752427e-07	9.999999974752427e-07	0.4095746874809265	9.999999974752427e-07	0.005317971110343933	1.622538547962904e-09	1.622538547962904e-09	9.999999974752427e-07	0.02298850566148758	0.39674437046051025	0.4095746576786041	9.999999974752427e-07	0.03314200043678284	0.2897196114063263	0.07604539394378662	1.622538547962904e-09	9.999999974752427e-07	0.4095746576786041	0.0049764662981033325	1.622538547962904e-09	1.622538547962904e-09	0.4145510196685791	0.03333333507180214	-1.3278622645884752e-08	0.42513248324394226	9.999999974752427e-07	9.999999974752427e-07	1.622538547962904e-09	0.22580645978450775	0.012048192322254181	0.1361638456583023	-1.3278622645884752e-08	9.999999974752427e-07	-1.3278622645884752e-08	1.622538547962904e-09	0.010498275980353355	0.1361638605594635	0.030567780137062073	0.02411612868309021	1.622538547962904e-09	0.008196720853447914	0.010869565419852734	9.999999974752427e-07	0.010526316240429878	0.026113227009773254	0.019338728860020638	-2.4010660126805305e-10	-1.3278622645884752e-08	1.622538547962904e-09	-1.3278622645884752e-08	0.030567795038223267	0.2705919146537781	9.999999974752427e-07	0.26527389883995056	0.2705919146537781	0.4251324534416199	0.40957462787628174	0.030927833169698715	0.05588129162788391	1.622538547962904e-09	0.010498281568288803	0.2652738690376282	-1.3278622645884752e-08	0.012830331921577454	0.4145510792732239	0.22250455617904663	0.08634074777364731	1.622538547962904e-09	0.010498279705643654	1.622538547962904e-09	0.26527389883995056	0.036036036908626556	0.009900989942252636	0.062224678695201874	0.029082641005516052	0.009053405374288559	9.999999974752427e-07	0.012195121496915817	9.999999974752427e-07	0.008547008968889713	-1.3278622645884752e-08	1.622538547962904e-09	9.999999974752427e-07	-1.3278622645884752e-08	-1.3278622645884752e-08	1.622538547962904e-09	1.622538547962904e-09	1.622538547962904e-09	0.4231007397174835	0.04496558755636215	0.010405869223177433	0.2722354531288147	0.010044899769127369	0.021052632480859756	9.999999974752427e-07	0.31625208258628845	0.018691588193178177	0.05226296931505203	0.31625211238861084	0.01785714365541935	0.010989011265337467	1.622538547962904e-09	0.2722354531288147	9.999999974752427e-07	1.622538547962904e-09	0.019417475908994675	1.622538547962904e-09	9.999999974752427e-07	6.666664376098197e-07	0.2291666716337204	0.2722354531288147	9.999999974752427e-07	1.3333333299669903e-06	0.1819043606519699	0.09699182957410812	1.622538547962904e-09	0.0078512541949749	0.2722354531288147	1.622538547962904e-09	1.622538547962904e-09	0.010638297535479069	0.31625205278396606	9.999999974752427e-07	-7.275957614183426e-12	0.31625205278396606	0.010526316240429878	0.009009009227156639	1.622538547962904e-09	0.10256187617778778	1.622538547962904e-09	0.0606570690870285	0.008510754443705082	6.666664376098197e-07	-7.275957614183426e-12	9.999999974752427e-07	1.3999997463542968e-06	0.05226297304034233	0.034559715539216995	0.022432174533605576	2.255546860396862e-10	9.999999974752427e-07	9.999999974752427e-07	9.999999974752427e-07	0.008264463394880295	0.009856700897216797	0.010405868291854858	0.008394084870815277	1.622538547962904e-09	1.622538547962904e-09	0.008510754443705082	0.034559715539216995	0.18190431594848633	0.010044899769127369	0.11764705926179886	0.18190434575080872	0.31625205278396606	0.2722354531288147	0.042105261236429214	0.010405870154500008	9.999999974752427e-07	8.000001798791345e-07	0.18190434575080872	1.622538547962904e-09	0.010044898837804794	0.2722354531288147	0.10256189107894897	0.04190482199192047	9.999999974752427e-07	8.000001798791345e-07	0.00729738175868988	0.18190434575080872	1.622538547962904e-09	0.016949152573943138	0.01947261206805706	9.999999974752427e-07	2.255546860396862e-10	1.622538547962904e-09	0.011627906933426857	0.014580924063920975	9.999999974752427e-07	1.622538547962904e-09	9.999999974752427e-07	9.999999974752427e-07	1.622538547962904e-09	1.622538547962904e-09	1.622538547962904e-09	9.999999974752427e-07	6.000000212225132e-07	0.449466347694397	0.08000115305185318	9.999999974752427e-07	0.3330483138561249	-1.3278622645884752e-08	0.03483249247074127	9.999999974752427e-07	0.3862634003162384	0.009220771491527557	0.08756303787231445	0.386263370513916	0.013322077691555023	-1.3278622645884752e-08	9.999999974752427e-07	0.2947915494441986	9.999999974752427e-07	0.029411764815449715	9.999999974752427e-07	-1.3278622645884752e-08	0.008118398487567902	0.010526316240429878	0.2947915494441986	0.2947915196418762	-1.3278622645884752e-08	0.01075268816202879	0.2947915196418762	0.04815457761287689	-1.3278622645884752e-08	0.02777777798473835	0.2947915494441986	0.019186578691005707	9.999999974752427e-07	0.008000463247299194	0.3862632215023041	-1.3278622645884752e-08	1.622538547962904e-09	0.38626334071159363	-1.3278622645884752e-08	-1.3278622645884752e-08	-1.3278622645884752e-08	0.1528805047273636	9.999999974752427e-07	0.08756301552057266	0.009048528037965298	9.999999974752427e-07	1.622538547962904e-09	0.009130991995334625	0.02860131859779358	0.08756303787231445	0.009220770560204983	0.04123711213469505	9.999999974752427e-07	-1.3278622645884752e-08	-1.3278622645884752e-08	-1.3278622645884752e-08	0.008003771305084229	0.01504833996295929	0.029999999329447746	1.622538547962904e-09	0.00909090880304575	9.999999974752427e-07	0.009048528969287872	0.009220771491527557	0.2947915196418762	-1.3278622645884752e-08	0.15288051962852478	0.2499999850988388	0.38626331090927124	0.31386175751686096	-1.3278622645884752e-08	0.032608695328235626	0.009130984544754028	9.999999974752427e-07	0.16192904114723206	-2.4010660126805305e-10	-1.3278622645884752e-08	0.36913180351257324	0.1528804898262024	0.06531748175621033	0.009130977094173431	0.028601333498954773	0.00756189227104187	0.16814157366752625	1.622538547962904e-09	-1.3278622645884752e-08	0.021052632480859756	0.009900989942252636	0.027272727340459824	9.999999974752427e-07	0.005203664302825928	0.008620689623057842	0.007044583559036255	-1.3278622645884752e-08	0.008000463247299194	0.008118398487567902	9.999999974752427e-07	-1.3278622645884752e-08	-1.3278622645884752e-08	9.999999974752427e-07	1.622538547962904e-09	0.4417252540588379	0.024390242993831635	9.999999974752427e-07	0.30527326464653015	0.010416666977107525	0.014637134969234467	9.999999974752427e-07	0.3760969042778015	9.999999974752427e-07	0.04878048598766327	0.3760969042778015	0.05099134147167206	9.999999974752427e-07	0.008882244117558002	0.30527329444885254	1.622538547962904e-09	1.622538547962904e-09	1.622538547962904e-09	1.622538547962904e-09	0.030414395034313202	0.012048192322254181	0.29318323731422424	0.30527329444885254	9.999999974752427e-07	0.017391303554177284	0.2670987844467163	0.06562844663858414	1.622538547962904e-09	0.010416666977107525	0.30527329444885254	1.622538547962904e-09	1.622538547962904e-09	1.622538547962904e-09	0.30527329444885254	1.622538547962904e-09	0.010526316240429878	0.3760969042778015	9.999999974752427e-07	9.999999974752427e-07	1.622538547962904e-09	0.14387741684913635	0.025641024112701416	0.07431011646986008	0.032608695328235626	9.999999974752427e-07	0.009615384973585606	1.622538547962904e-09	0.014637134969234467	0.07431010156869888	0.010309278033673763	0.04452749714255333	0.009433962404727936	9.999999974752427e-07	1.622538547962904e-09	1.622538547962904e-09	1.622538547962904e-09	1.622538547962904e-09	0.009569531306624413	1.622538547962904e-09	1.622538547962904e-09	1.622538547962904e-09	0.01123595517128706	9.999999974752427e-07	0.20471768081188202	9.999999974752427e-07	0.14387744665145874	0.2047176957130432	0.3052733242511749	0.30527329444885254	0.026084452867507935	0.009569531306624413	1.622538547962904e-09	0.010101010091602802	0.204717755317688	0.010204081423580647	0.010989011265337467	0.30527329444885254	0.14387741684913635	0.06956726312637329	1.622538547962904e-09	0.014637142419815063	9.999999974752427e-07	0.20471777021884918	0.009803921915590763	9.999999974752427e-07	0.02503982186317444	9.999999974752427e-07	9.999999974752427e-07	0.008882243186235428	0.020576931536197662	9.999999974752427e-07	1.622538547962904e-09	1.622538547962904e-09	1.622538547962904e-09	9.999999974752427e-07	1.622538547962904e-09	1.622538547962904e-09	1.622538547962904e-09	1.622538547962904e-09	1.622538547962904e-09	0.3537144362926483	0.026411600410938263	4.2857209336943924e-07	0.20192477107048035	1.622538547962904e-09	0.027027027681469917	-7.275957614183426e-12	0.28152182698249817	1.622538547962904e-09	0.026411622762680054	0.2815217971801758	0.010256588459014893	9.999999974752427e-07	1.622538547962904e-09	0.20192477107048035	9.999999974752427e-07	1.622538547962904e-09	9.999999974752427e-07	1.622538547962904e-09	0.010256589390337467	1.622538547962904e-09	0.20192474126815796	0.20192478597164154	1.622538547962904e-09	1.622538547962904e-09	0.16246558725833893	0.05873368680477142	1.622538547962904e-09	0.027633339166641235	0.20192477107048035	-1.3278622645884752e-08	1.622538547962904e-09	-1.3278622645884752e-08	0.20192483067512512	0.008206691592931747	9.999999974752427e-07	0.2740027904510498	1.622538547962904e-09	9.999999974752427e-07	1.622538547962904e-09	0.05703481286764145	1.622538547962904e-09	0.02641153335571289	0.03179077059030533	1.622538547962904e-09	9.999999974752427e-07	-1.3278622645884752e-08	0.009401541203260422	0.026411622762680054	0.009916093200445175	0.027633339166641235	4.2857209336943924e-07	1.622538547962904e-09	0.013445600867271423	0.008206691592931747	9.999999974752427e-07	0.013458997011184692	1.2857158253609668e-06	-1.3278622645884752e-08	-1.3278622645884752e-08	1.622538547962904e-09	9.999999974752427e-07	1.622538547962904e-09	0.16246557235717773	1.622538547962904e-09	0.05703481659293175	0.10570608824491501	0.2626262605190277	0.20192477107048035	0.01780684106051922	1.2857121873821598e-06	-1.3278622645884752e-08	9.999999974752427e-07	0.08882559835910797	0.009916089475154877	1.622538547962904e-09	0.20192478597164154	0.05404491350054741	0.027633339166641235	-1.3278622645884752e-08	0.009401543065905571	1.622538547962904e-09	0.1057060956954956	-1.3278622645884752e-08	0.017806850373744965	1.622538547962904e-09	1.622538547962904e-09	4.2857209336943924e-07	1.622538547962904e-09	-7.275957614183426e-12	1.622538547962904e-09	9.999999974752427e-07	1.622538547962904e-09	-1.3278622645884752e-08	9.999999974752427e-07	-1.3278622645884752e-08	0.007519088685512543	1.622538547962904e-09	9.999999974752427e-07	2.255546860396862e-10	0.5330701470375061	0.005072489380836487	5.000001692678779e-07	0.3791336119174957	0.015137098729610443	0.04571789503097534	9.999999974752427e-07	0.47317150235176086	1.622538547962904e-09	0.08930285274982452	0.47317150235176086	0.014180606231093407	0.010177051648497581	9.999999974752427e-07	0.283880352973938	-1.3278622645884752e-08	1.622538547962904e-09	0.009429067373275757	-1.3278622645884752e-08	0.007485583424568176	9.999999974752427e-07	0.2687433063983917	0.3461630940437317	0.011049933731555939	0.012431889772415161	0.21618443727493286	0.059898555278778076	-1.3278622645884752e-08	1.622538547962904e-09	0.2838802933692932	0.030927835032343864	0.04472166299819946	-1.3278622645884752e-08	0.39345017075538635	1.622538547962904e-09	-1.3278622645884752e-08	0.39345014095306396	0.011049933731555939	0.010177051648497581	-1.3278622645884752e-08	0.16346153616905212	0.04000958055257797	0.08930287510156631	-1.3278622645884752e-08	0.010416666977107525	-1.3278622645884752e-08	0.014316469430923462	0.036288827657699585	0.08930285274982452	1.622538547962904e-09	0.0478060245513916	5.000001692678779e-07	0.028037382289767265	1.622538547962904e-09	1.622538547962904e-09	-1.3278622645884752e-08	-1.3278622645884752e-08	1.5000005078036338e-06	1.622538547962904e-09	-1.3278622645884752e-08	9.999999974752427e-07	-1.3278622645884752e-08	1.622538547962904e-09	0.21618443727493286	0.015137098729610443	0.171462744474411	0.21618443727493286	0.39345014095306396	0.3461630940437317	0.05255882441997528	0.005072489380836487	9.999999974752427e-07	0.02286946028470993	0.1714627593755722	1.622538547962904e-09	0.01513710618019104	0.37913358211517334	0.1495407670736313	0.06023794412612915	0.014316461980342865	0.02286946028470993	0.008695651777088642	0.1714627593755722	1.622538547962904e-09	0.010177051648497581	0.012431896291673183	1.622538547962904e-09	5.000001692678779e-07	9.999999974752427e-07	0.0066950395703315735	0.007796458899974823	-1.3278622645884752e-08	0.030927835032343864	-1.3278622645884752e-08	0.007485583424568176	-1.3278622645884752e-08	0.02777777798473835	-1.3278622645884752e-08	9.999999974752427e-07	0.008695651777088642	0.3669218420982361	0.04854368790984154	5.000001692678779e-07	0.19233903288841248	1.622538547962904e-09	0.02117866277694702	0.019078664481639862	0.26595741510391235	9.999999974752427e-07	0.0752153992652893	0.29844406247138977	0.01907867193222046	9.999999974752427e-07	0.010416666977107525	0.19233903288841248	0.010324249044060707	0.007624365389347076	1.622538547962904e-09	1.622538547962904e-09	1.622538547962904e-09	9.999999974752427e-07	0.19233901798725128	0.19233904778957367	1.622538547962904e-09	0.026356376707553864	0.16347560286521912	0.040257327258586884	1.622538547962904e-09	1.622538547962904e-09	0.19233901798725128	1.622538547962904e-09	0.015332028269767761	0.0117647061124444	0.24910278618335724	0.01778506115078926	-1.3278622645884752e-08	0.24910277128219604	1.622538547962904e-09	9.999999974752427e-07	1.622538547962904e-09	0.1170303225517273	0.015458554029464722	0.0752154290676117	-1.3278622645884752e-08	0.00909090880304575	-1.3278622645884752e-08	0.009573204442858696	0.021178651601076126	0.0752154216170311	0.018691588193178177	0.015458546578884125	5.000001692678779e-07	0.005539216101169586	1.622538547962904e-09	0.01778506115078926	9.999999974752427e-07	0.02822047472000122	1.5000005078036338e-06	1.622538547962904e-09	9.999999974752427e-07	9.999999974752427e-07	-1.3278622645884752e-08	9.999999974752427e-07	0.16347560286521912	1.622538547962904e-09	0.14051920175552368	0.16347560286521912	0.24910280108451843	0.19233901798725128	0.011078406125307083	0.010101010091602802	0.009573204442858696	0.009177442640066147	0.14051921665668488	0.008695651777088642	1.622538547962904e-09	0.2222222089767456	0.11703035235404968	0.04181492328643799	0.011904762126505375	0.009177442640066147	0.010869565419852734	0.14051920175552368	-1.3278622645884752e-08	0.005539216101169586	0.026356376707553864	1.622538547962904e-09	5.000001692678779e-07	0.009999999776482582	0.01907866634428501	1.622538547962904e-09	0.010324249044060707	9.999999974752427e-07	9.999999974752427e-07	1.622538547962904e-09	9.999999974752427e-07	9.999999974752427e-07	1.622538547962904e-09	1.622538547962904e-09	0.012001216411590576	0.43699368834495544	0.05826278030872345	9.999999974752427e-07	0.2679571807384491	9.999999974752427e-07	0.04900252819061279	1.622538547962904e-09	0.37830492854118347	0.009493403136730194	0.06596280634403229	0.37830492854118347	1.622538547962904e-09	9.999999974752427e-07	0.01123595517128706	0.2679571509361267	-2.4010660126805305e-10	1.622538547962904e-09	-1.3278622645884752e-08	1.622538547962904e-09	1.622538547962904e-09	6.666664376098197e-07	0.2545320391654968	0.2679571509361267	0.010989011265337467	1.3333333299669903e-06	0.20756608247756958	0.04900256171822548	1.622538547962904e-09	0.005720056593418121	0.2679571509361267	1.622538547962904e-09	0.01575428992509842	0.010256924666464329	0.3783048093318939	0.01601792871952057	-2.4010660126805305e-10	0.3783048391342163	0.019911106675863266	9.999999974752427e-07	1.622538547962904e-09	0.1568257212638855	0.013005435466766357	0.11561180651187897	0.01815195381641388	6.666664376098197e-07	0.01815195381641388	0.010526316240429878	0.04900252819061279	0.06741572916507721	0.03269492834806442	0.018725495785474777	0.00909090880304575	-2.4010660126805305e-10	1.622538547962904e-09	0.00917431153357029	0.00968625582754612	0.00968625396490097	0.025567827746272087	9.999999974752427e-07	0.043478261679410934	0.01575428992509842	-2.4010660126805305e-10	0.009493403136730194	0.20756609737873077	9.999999974752427e-07	0.15682576596736908	0.20756609737873077	0.3783048093318939	0.2679571211338043	0.030948013067245483	0.025567827746272087	9.999999974752427e-07	9.999999974752427e-07	0.17497771978378296	0.009708737954497337	0.00909090880304575	0.31831997632980347	0.1568257361650467	0.04121395945549011	0.04972795397043228	0.010204081423580647	0.007700018584728241	0.19181180000305176	9.999999974752427e-07	0.011036910116672516	0.022488445043563843	0.016806723549962044	9.999999974752427e-07	0.009615384973585606	1.622538547962904e-09	1.622538547962904e-09	-2.4010660126805305e-10	1.622538547962904e-09	9.999999974752427e-07	1.622538547962904e-09	0.009803921915590763	1.622538547962904e-09	1.622538547962904e-09	-1.3278622645884752e-08	9.999999974752427e-07	0.3545212745666504	0.02059110254049301	0.010625112801790237	0.21123084425926208	0.02664199471473694	0.006121940910816193	9.999999974752427e-07	0.3018167018890381	0.006626579910516739	0.02059112675487995	0.3018167018890381	0.018646515905857086	-1.3278622645884752e-08	1.622538547962904e-09	0.1669045239686966	0.015181045979261398	9.999999974752427e-07	1.622538547962904e-09	1.622538547962904e-09	0.010238776914775372	1.622538547962904e-09	0.14026254415512085	0.2112308144569397	-1.3278622645884752e-08	1.622538547962904e-09	0.14026251435279846	0.02476845681667328	1.622538547962904e-09	1.622538547962904e-09	0.2112308144569397	-1.3278622645884752e-08	0.011363636702299118	6.912159733474255e-10	0.23242251574993134	-1.3278622645884752e-08	0.006100691854953766	0.29567742347717285	-1.3278622645884752e-08	-1.3278622645884752e-08	1.622538547962904e-09	0.09294700622558594	1.622538547962904e-09	0.06100180745124817	0.01366463303565979	1.622538547962904e-09	0.007563948631286621	0.011995955370366573	0.006121940910816193	0.030612245202064514	0.00662657618522644	9.073119144886732e-09	-2.4010660126805305e-10	-1.3278622645884752e-08	-1.3278622645884752e-08	-1.3278622645884752e-08	9.999999974752427e-07	0.027936145663261414	0.010625114664435387	0.027522936463356018	0.007871739566326141	9.999999974752427e-07	1.622538547962904e-09	0.006626579910516739	0.14026251435279846	0.010101010091602802	0.09294699132442474	0.14026251435279846	0.29567742347717285	0.21123076975345612	-1.3278622645884752e-08	0.013964534737169743	0.011995954439043999	0.0061219483613967896	0.10661163181066513	1.622538547962904e-09	0.02664199471473694	0.2191026210784912	0.061001840978860855	1.622538547962904e-09	0.013319892808794975	0.0061219558119773865	1.622538547962904e-09	0.10661161690950394	9.999999974752427e-07	-1.3278622645884752e-08	1.622538547962904e-09	1.622538547962904e-09	-2.4010660126805305e-10	1.622538547962904e-09	9.999999974752427e-07	1.622538547962904e-09	0.015181045979261398	1.622538547962904e-09	6.912159733474255e-10	0.010238775983452797	0.007871739566326141	0.006139308214187622	1.622538547962904e-09	1.622538547962904e-09	1.622538547962904e-09	0.36081433296203613	0.07295437157154083	0.008505983278155327	0.2816368341445923	0.009365733712911606	0.02610158920288086	-1.3278622645884752e-08	0.309752881526947	8.000001798791345e-07	0.07295437157154083	0.30975285172462463	-1.3278622645884752e-08	2.255546860396862e-10	-5.828042048960924e-09	0.22092559933662415	0.024959832429885864	-1.3278622645884752e-08	1.622538547962904e-09	1.622538547962904e-09	-1.3278622645884752e-08	9.999999974752427e-07	0.21155986189842224	0.22092559933662415	2.255546860396862e-10	0.00917431153357029	0.1840570569038391	0.02610158920288086	1.622538547962904e-09	-5.828042048960924e-09	0.22092559933662415	1.622538547962904e-09	-1.3278622645884752e-08	0.008564595133066177	0.29866209626197815	1.622538547962904e-09	9.999999974752427e-07	0.29866212606430054	2.255546860396862e-10	2.255546860396862e-10	1.622538547962904e-09	0.1273503601551056	-5.828042048960924e-09	0.08163265138864517	0.01516491174697876	0.008196720853447914	9.999999974752427e-07	-2.4010660126805305e-10	0.026101592928171158	0.07547169923782349	1.3999997463542968e-06	0.015599853359162807	0.01042632944881916	0.009330726228654385	0.018172089010477066	1.622538547962904e-09	1.622538547962904e-09	0.024959847331047058	0.028257330879569054	9.999999974752427e-07	0.008460655808448792	-1.3278622645884752e-08	9.999999974752427e-07	8.000001798791345e-07	0.14251525700092316	0.009365729987621307	0.1273503601551056	0.14251527190208435	0.29866209626197815	0.2816368341445923	0.00933072715997696	0.05747126415371895	-2.4010660126805305e-10	9.999999974752427e-07	0.14251521229743958	6.000000212225132e-07	0.009365737438201904	0.2900974750518799	0.1273503601551056	0.04308461770415306	-2.4010660126805305e-10	0.009282216429710388	1.622538547962904e-09	0.14251525700092316	9.999999974752427e-07	2.255546860396862e-10	0.027484744787216187	0.017241379246115685	0.009325018152594566	-5.828042048960924e-09	-1.3278622645884752e-08	0.015599831938743591	0.02495983988046646	-2.4010660126805305e-10	9.999999974752427e-07	-1.3278622645884752e-08	0.008460652083158493	0.011090731248259544	1.622538547962904e-09	1.622538547962904e-09	0.016819380223751068
18	-15547.466796875	-1	9	57	76	75	26	89	10	62	48	0	26	84	41	29	91	66	5	0	11	24	14	68	37	85	21	0	0	50	22	3	66	33	67	21	43	7	69	12	0	65	50	77	73	24	43	79	5	42	1	78	57	69	21	34	56	0	70	42	76	31	43	49	25	4	73	63	36	3	21	1	46	80	82	49	14	33	40	77	33	47	9	66	48	69	78	85	57	13	11	50	56	7	32	19	59	7	0	18	47	0.5437127351760864	0.08644906431436539	0.010285336524248123	0.4145510792732239	0.012830331921577454	0.010498285293579102	0.010526316240429878	0.4251323938369751	9.999999974752427e-07	0.08644905686378479	0.44155392050743103	0.06554713845252991	9.999999974752427e-07	9.999999974752427e-07	0.4095746874809265	9.999999974752427e-07	0.005317971110343933	1.622538547962904e-09	1.622538547962904e-09	9.999999974752427e-07	0.02298850566148758	0.39674437046051025	0.4095746576786041	9.999999974752427e-07	0.03314200043678284	0.2897196114063263	0.07604541629552841	1.622538547962904e-09	9.999999974752427e-07	0.4095746576786041	0.0049764662981033325	1.622538547962904e-09	1.622538547962904e-09	0.4145510196685791	0.03333333507180214	-1.3278622645884752e-08	0.42513248324394226	9.999999974752427e-07	9.999999974752427e-07	1.622538547962904e-09	0.22580645978450775	0.012048192322254181	0.1361638456583023	-1.3278622645884752e-08	9.999999974752427e-07	-1.3278622645884752e-08	1.622538547962904e-09	0.01049828715622425	0.1361638605594635	0.030567780137062073	0.02411612868309021	1.622538547962904e-09	0.008196720853447914	0.010869565419852734	9.999999974752427e-07	0.010526316240429878	0.02611328661441803	0.019338728860020638	-2.4010660126805305e-10	-1.3278622645884752e-08	1.622538547962904e-09	-1.3278622645884752e-08	0.030567795038223267	0.2705919146537781	9.999999974752427e-07	0.26527389883995056	0.2705919146537781	0.4251324534416199	0.40957462787628174	0.030927833169698715	0.05588129162788391	1.622538547962904e-09	0.0104982890188694	0.2652738690376282	-1.3278622645884752e-08	0.012830331921577454	0.4145510792732239	0.22250455617904663	0.08634074777364731	1.622538547962904e-09	0.01049828715622425	1.622538547962904e-09	0.26527389883995056	0.036036036908626556	0.009900989942252636	0.062224678695201874	0.029082641005516052	0.009053405374288559	9.999999974752427e-07	0.012195121496915817	9.999999974752427e-07	0.008547008968889713	-1.3278622645884752e-08	1.622538547962904e-09	9.999999974752427e-07	-1.3278622645884752e-08	-1.3278622645884752e-08	1.622538547962904e-09	1.622538547962904e-09	1.622538547962904e-09	0.42310068011283875	0.04496558755636215	0.010405869223177433	0.2722354531288147	0.010044899769127369	0.021052632480859756	9.999999974752427e-07	0.31625205278396606	0.018691588193178177	0.05226296931505203	0.31625205278396606	0.01785714365541935	0.010989011265337467	1.622538547962904e-09	0.2722354531288147	9.999999974752427e-07	1.622538547962904e-09	0.019417475908994675	1.622538547962904e-09	9.999999974752427e-07	6.666664376098197e-07	0.2291666716337204	0.2722354531288147	9.999999974752427e-07	1.3333333299669903e-06	0.1819043606519699	0.09699182957410812	1.622538547962904e-09	0.0078512541949749	0.2722354531288147	1.622538547962904e-09	1.622538547962904e-09	0.010638297535479069	0.31625205278396606	9.999999974752427e-07	-7.275957614183426e-12	0.31625205278396606	0.010526316240429878	0.009009009227156639	1.622538547962904e-09	0.10256187617778778	1.622538547962904e-09	0.0606570690870285	0.008510754443705082	6.666664376098197e-07	-7.275957614183426e-12	9.999999974752427e-07	1.3999997463542968e-06	0.05226297304034233	0.034559715539216995	0.022432174533605576	2.255546860396862e-10	9.999999974752427e-07	9.999999974752427e-07	9.999999974752427e-07	0.008264463394880295	0.0098566934466362	0.010405868291854858	0.008394084870815277	1.622538547962904e-09	1.622538547962904e-09	0.008510754443705082	0.034559715539216995	0.18190431594848633	0.010044899769127369	0.11764705926179886	0.18190434575080872	0.31625205278396606	0.2722354531288147	0.042105261236429214	0.010405870154500008	9.999999974752427e-07	8.000001798791345e-07	0.18190434575080872	1.622538547962904e-09	0.010044898837804794	0.2722354531288147	0.10256189107894897	0.04190482199192047	9.999999974752427e-07	8.000001798791345e-07	0.00729738175868988	0.18190434575080872	1.622538547962904e-09	0.016949152573943138	0.01947261206805706	9.999999974752427e-07	2.255546860396862e-10	1.622538547962904e-09	0.011627906933426857	0.014580924063920975	9.999999974752427e-07	1.622538547962904e-09	9.999999974752427e-07	9.999999974752427e-07	1.622538547962904e-09	1.622538547962904e-09	1.622538547962904e-09	1.622538547962904e-09	6.000000212225132e-07	0.449466347694397	0.08000115305185318	9.999999974752427e-07	0.3330483138561249	-1.3278622645884752e-08	0.03483249247074127	9.999999974752427e-07	0.38626334071159363	0.009220771491527557	0.08756303787231445	0.38626331090927124	0.013322077691555023	-1.3278622645884752e-08	9.999999974752427e-07	0.2947915494441986	9.999999974752427e-07	0.029411764815449715	9.999999974752427e-07	-1.3278622645884752e-08	0.008118398487567902	0.010526316240429878	0.2947915494441986	0.2947915196418762	-1.3278622645884752e-08	0.01075268816202879	0.2947915196418762	0.0481545627117157	-1.3278622645884752e-08	0.02777777798473835	0.2947915494441986	0.019186578691005707	9.999999974752427e-07	0.008000500500202179	0.38626328110694885	-1.3278622645884752e-08	1.622538547962904e-09	0.38626328110694885	-1.3278622645884752e-08	-1.3278622645884752e-08	-1.3278622645884752e-08	0.1528805047273636	9.999999974752427e-07	0.08756301552057266	0.009048528037965298	9.999999974752427e-07	1.622538547962904e-09	0.009131014347076416	0.02860131859779358	0.08756303787231445	0.009220770560204983	0.04123711213469505	9.999999974752427e-07	-1.3278622645884752e-08	-1.3278622645884752e-08	-1.3278622645884752e-08	0.008003734052181244	0.01504833996295929	0.029999999329447746	1.622538547962904e-09	0.00909090880304575	9.999999974752427e-07	0.009048528969287872	0.009220771491527557	0.2947915196418762	-1.3278622645884752e-08	0.15288051962852478	0.2499999850988388	0.38626334071159363	0.31386175751686096	-1.3278622645884752e-08	0.032608695328235626	0.009131021797657013	9.999999974752427e-07	0.16192904114723206	-2.4010660126805305e-10	-1.3278622645884752e-08	0.36913183331489563	0.1528804898262024	0.06531748175621033	0.009130991995334625	0.028601333498954773	0.00756189227104187	0.16814157366752625	1.622538547962904e-09	-1.3278622645884752e-08	0.021052632480859756	0.009900989942252636	0.027272727340459824	9.999999974752427e-07	0.005203664302825928	0.008620689623057842	0.007044576108455658	-1.3278622645884752e-08	0.008000493049621582	0.008118398487567902	9.999999974752427e-07	-1.3278622645884752e-08	-1.3278622645884752e-08	-1.3278622645884752e-08	1.622538547962904e-09	0.4417252838611603	0.024390242993831635	9.999999974752427e-07	0.30527326464653015	0.010416666977107525	0.014637120068073273	9.999999974752427e-07	0.3760969042778015	9.999999974752427e-07	0.04878048598766327	0.3760969340801239	0.05099129676818848	9.999999974752427e-07	0.008882244117558002	0.30527329444885254	1.622538547962904e-09	1.622538547962904e-09	1.622538547962904e-09	1.622538547962904e-09	0.03041437268257141	0.012048192322254181	0.29318323731422424	0.30527329444885254	9.999999974752427e-07	0.017391303554177284	0.2670987844467163	0.06562843918800354	1.622538547962904e-09	0.010416666977107525	0.30527329444885254	1.622538547962904e-09	1.622538547962904e-09	1.622538547962904e-09	0.30527329444885254	1.622538547962904e-09	0.010526316240429878	0.3760969042778015	9.999999974752427e-07	9.999999974752427e-07	1.622538547962904e-09	0.14387741684913635	0.025641024112701416	0.07431011646986008	0.032608695328235626	9.999999974752427e-07	0.009615384973585606	1.622538547962904e-09	0.014637105166912079	0.07431010156869888	0.010309278033673763	0.04452749714255333	0.009433962404727936	9.999999974752427e-07	1.622538547962904e-09	1.622538547962904e-09	1.622538547962904e-09	1.622538547962904e-09	0.009569531306624413	1.622538547962904e-09	1.622538547962904e-09	1.622538547962904e-09	0.01123595517128706	9.999999974752427e-07	0.20471768081188202	9.999999974752427e-07	0.14387744665145874	0.2047176957130432	0.3052733242511749	0.30527329444885254	0.026084452867507935	0.009569531306624413	1.622538547962904e-09	0.010101010091602802	0.204717755317688	0.010204081423580647	0.010989011265337467	0.30527329444885254	0.14387741684913635	0.06956726312637329	1.622538547962904e-09	0.014637112617492676	9.999999974752427e-07	0.20471777021884918	0.009803921915590763	9.999999974752427e-07	0.02503982186317444	9.999999974752427e-07	9.999999974752427e-07	0.008882243186235428	0.02057690918445587	9.999999974752427e-07	1.622538547962904e-09	1.622538547962904e-09	1.622538547962904e-09	9.999999974752427e-07	1.622538547962904e-09	1.622538547962904e-09	1.622538547962904e-09	1.622538547962904e-09	1.622538547962904e-09	0.3537144660949707	0.026411600410938263	4.2857209336943924e-07	0.20192477107048035	1.622538547962904e-09	0.027027027681469917	-7.275957614183426e-12	0.28152182698249817	1.622538547962904e-09	0.026411622762680054	0.2815217971801758	0.010256588459014893	9.999999974752427e-07	1.622538547962904e-09	0.20192477107048035	9.999999974752427e-07	1.622538547962904e-09	9.999999974752427e-07	1.622538547962904e-09	0.010256589390337467	1.622538547962904e-09	0.20192474126815796	0.20192478597164154	1.622538547962904e-09	1.622538547962904e-09	0.16246558725833893	0.05873367190361023	1.622538547962904e-09	0.027633339166641235	0.20192477107048035	-1.3278622645884752e-08	1.622538547962904e-09	-1.3278622645884752e-08	0.20192483067512512	0.008206691592931747	9.999999974752427e-07	0.2740027904510498	1.622538547962904e-09	9.999999974752427e-07	1.622538547962904e-09	0.05703481286764145	1.622538547962904e-09	0.02641153335571289	0.03179077059030533	1.622538547962904e-09	9.999999974752427e-07	-1.3278622645884752e-08	0.009401541203260422	0.026411622762680054	0.009916093200445175	0.027633339166641235	4.2857209336943924e-07	1.622538547962904e-09	0.013445600867271423	0.008206691592931747	9.999999974752427e-07	0.013458967208862305	1.2857158253609668e-06	-1.3278622645884752e-08	-1.3278622645884752e-08	1.622538547962904e-09	9.999999974752427e-07	1.622538547962904e-09	0.16246557235717773	1.622538547962904e-09	0.05703481659293175	0.10570608824491501	0.2626262605190277	0.20192477107048035	0.01780684106051922	1.2857121873821598e-06	-1.3278622645884752e-08	9.999999974752427e-07	0.08882559835910797	0.009916089475154877	1.622538547962904e-09	0.20192478597164154	0.05404491350054741	0.027633339166641235	-1.3278622645884752e-08	0.009401543065905571	1.622538547962904e-09	0.1057060956954956	-1.3278622645884752e-08	0.017806850373744965	1.622538547962904e-09	1.622538547962904e-09	4.2857209336943924e-07	1.622538547962904e-09	-7.275957614183426e-12	1.622538547962904e-09	9.999999974752427e-07	1.622538547962904e-09	-1.3278622645884752e-08	9.999999974752427e-07	-1.3278622645884752e-08	0.007519088685512543	1.622538547962904e-09	1.622538547962904e-09	2.255546860396862e-10	0.5330700874328613	0.005072489380836487	5.000001692678779e-07	0.3791336119174957	0.015137098729610443	0.04571790248155594	9.999999974752427e-07	0.47317150235176086	1.622538547962904e-09	0.08930285274982452	0.47317150235176086	0.014180630445480347	0.010177051648497581	9.999999974752427e-07	0.283880352973938	-1.3278622645884752e-08	1.622538547962904e-09	0.009429072961211205	-1.3278622645884752e-08	0.007485575973987579	9.999999974752427e-07	0.2687433063983917	0.3461630940437317	0.011049933731555939	0.012431889772415161	0.21618443727493286	0.05989854037761688	-1.3278622645884752e-08	1.622538547962904e-09	0.2838802933692932	0.030927835032343864	0.04472166299819946	-1.3278622645884752e-08	0.39345017075538635	1.622538547962904e-09	-1.3278622645884752e-08	0.39345014095306396	0.011049933731555939	0.010177051648497581	-1.3278622645884752e-08	0.16346153616905212	0.04000958055257797	0.08930287510156631	-1.3278622645884752e-08	0.010416666977107525	-1.3278622645884752e-08	0.014316469430923462	0.03628883510828018	0.08930285274982452	1.622538547962904e-09	0.0478060245513916	5.000001692678779e-07	0.028037382289767265	1.622538547962904e-09	1.622538547962904e-09	-1.3278622645884752e-08	-1.3278622645884752e-08	1.5000005078036338e-06	1.622538547962904e-09	-1.3278622645884752e-08	9.999999974752427e-07	-1.3278622645884752e-08	1.622538547962904e-09	0.21618443727493286	0.015137098729610443	0.171462744474411	0.21618443727493286	0.39345014095306396	0.3461630940437317	0.05255882441997528	0.005072489380836487	9.999999974752427e-07	0.02286946028470993	0.1714627593755722	1.622538547962904e-09	0.01513710618019104	0.37913358211517334	0.1495407670736313	0.06023794412612915	0.014316461980342865	0.02286946028470993	0.008695651777088642	0.1714627593755722	1.622538547962904e-09	0.010177051648497581	0.012431896291673183	1.622538547962904e-09	5.000001692678779e-07	9.999999974752427e-07	0.0066950321197509766	0.007796458899974823	-1.3278622645884752e-08	0.030927835032343864	-1.3278622645884752e-08	0.007485579699277878	-1.3278622645884752e-08	0.02777777798473835	-1.3278622645884752e-08	-1.3278622645884752e-08	0.008695651777088642	0.3669218122959137	0.04854368790984154	5.000001692678779e-07	0.19233903288841248	1.622538547962904e-09	0.021178647875785828	0.01907866820693016	0.26595741510391235	9.999999974752427e-07	0.0752153992652893	0.2984440326690674	0.019078657031059265	9.999999974752427e-07	0.010416666977107525	0.19233903288841248	0.010324249044060707	0.007624365389347076	1.622538547962904e-09	1.622538547962904e-09	1.622538547962904e-09	9.999999974752427e-07	0.19233901798725128	0.19233904778957367	1.622538547962904e-09	0.026356376707553864	0.16347560286521912	0.04025731980800629	1.622538547962904e-09	1.622538547962904e-09	0.19233901798725128	1.622538547962904e-09	0.015332028269767761	0.0117647061124444	0.24910278618335724	0.01778506115078926	-1.3278622645884752e-08	0.24910277128219604	1.622538547962904e-09	9.999999974752427e-07	1.622538547962904e-09	0.1170303225517273	0.015458554029464722	0.0752154290676117	-1.3278622645884752e-08	0.00909090880304575	-1.3278622645884752e-08	0.009573204442858696	0.021178655326366425	0.0752154216170311	0.018691588193178177	0.015458546578884125	5.000001692678779e-07	0.005539216101169586	1.622538547962904e-09	0.01778506115078926	9.999999974752427e-07	0.02822045236825943	1.5000005078036338e-06	1.622538547962904e-09	9.999999974752427e-07	9.999999974752427e-07	-1.3278622645884752e-08	9.999999974752427e-07	0.16347560286521912	1.622538547962904e-09	0.14051920175552368	0.16347560286521912	0.24910280108451843	0.19233901798725128	0.011078406125307083	0.010101010091602802	0.009573204442858696	0.009177438914775848	0.14051921665668488	0.008695651777088642	1.622538547962904e-09	0.2222222089767456	0.11703035235404968	0.04181492328643799	0.011904762126505375	0.009177440777420998	0.010869565419852734	0.14051920175552368	-1.3278622645884752e-08	0.005539216101169586	0.026356376707553864	1.622538547962904e-09	5.000001692678779e-07	0.009999999776482582	0.01907866634428501	1.622538547962904e-09	0.010324249044060707	9.999999974752427e-07	9.999999974752427e-07	1.622538547962904e-09	9.999999974752427e-07	9.999999974752427e-07	1.622538547962904e-09	1.622538547962904e-09	0.012001212686300278	0.4369935989379883	0.05826278030872345	9.999999974752427e-07	0.2679571807384491	9.999999974752427e-07	0.04900255799293518	1.622538547962904e-09	0.3783048689365387	0.009493403136730194	0.06596280634403229	0.3783048391342163	1.622538547962904e-09	9.999999974752427e-07	0.01123595517128706	0.2679571509361267	-2.4010660126805305e-10	1.622538547962904e-09	-1.3278622645884752e-08	1.622538547962904e-09	1.622538547962904e-09	6.666664376098197e-07	0.2545320391654968	0.2679571509361267	0.010989011265337467	1.3333333299669903e-06	0.20756608247756958	0.04900256544351578	1.622538547962904e-09	0.005720056593418121	0.2679571509361267	1.622538547962904e-09	0.01575428992509842	0.010256932117044926	0.3783048391342163	0.01601792871952057	-2.4010660126805305e-10	0.3783048391342163	0.019911106675863266	9.999999974752427e-07	1.622538547962904e-09	0.1568257212638855	0.013005435466766357	0.11561180651187897	0.01815195381641388	6.666664376098197e-07	0.01815195381641388	0.010526316240429878	0.04900252819061279	0.06741572916507721	0.03269492834806442	0.018725495785474777	0.00909090880304575	-2.4010660126805305e-10	1.622538547962904e-09	0.00917431153357029	0.009686270728707314	0.009686268866062164	0.025567827746272087	9.999999974752427e-07	0.043478261679410934	0.01575428992509842	-2.4010660126805305e-10	0.009493403136730194	0.20756609737873077	9.999999974752427e-07	0.15682576596736908	0.20756609737873077	0.3783048391342163	0.2679571211338043	0.030948013067245483	0.025567827746272087	9.999999974752427e-07	9.999999974752427e-07	0.17497771978378296	0.009708737954497337	0.00909090880304575	0.31832000613212585	0.1568257361650467	0.04121395945549011	0.04972796142101288	0.010204081423580647	0.007700018584728241	0.19181180000305176	9.999999974752427e-07	0.011036910116672516	0.022488445043563843	0.016806723549962044	9.999999974752427e-07	0.009615384973585606	1.622538547962904e-09	1.622538547962904e-09	-2.4010660126805305e-10	1.622538547962904e-09	9.999999974752427e-07	1.622538547962904e-09	0.009803921915590763	1.622538547962904e-09	1.622538547962904e-09	1.622538547962904e-09	9.999999974752427e-07	0.3545212745666504	0.02059110254049301	0.010625112801790237	0.21123084425926208	0.02664199471473694	0.006121944636106491	9.999999974752427e-07	0.3018167018890381	0.006626579910516739	0.02059112675487995	0.3018167018890381	0.018646493554115295	-1.3278622645884752e-08	1.622538547962904e-09	0.1669045239686966	0.015181045979261398	9.999999974752427e-07	1.622538547962904e-09	1.622538547962904e-09	0.010238776914775372	1.622538547962904e-09	0.14026254415512085	0.2112308144569397	-1.3278622645884752e-08	1.622538547962904e-09	0.14026251435279846	0.024768434464931488	1.622538547962904e-09	1.622538547962904e-09	0.2112308144569397	-1.3278622645884752e-08	0.011363636702299118	6.912159733474255e-10	0.23242251574993134	-1.3278622645884752e-08	0.006100691854953766	0.29567742347717285	-1.3278622645884752e-08	-1.3278622645884752e-08	1.622538547962904e-09	0.09294700622558594	1.622538547962904e-09	0.06100180745124817	0.01366463303565979	1.622538547962904e-09	0.007563948631286621	0.011995955370366573	0.006121933460235596	0.030612245202064514	0.00662657618522644	9.073119144886732e-09	-2.4010660126805305e-10	-1.3278622645884752e-08	-1.3278622645884752e-08	-1.3278622645884752e-08	9.999999974752427e-07	0.027936100959777832	0.010625114664435387	0.027522936463356018	0.007871739566326141	9.999999974752427e-07	1.622538547962904e-09	0.006626579910516739	0.14026251435279846	0.010101010091602802	0.09294699132442474	0.14026251435279846	0.29567742347717285	0.21123076975345612	-1.3278622645884752e-08	0.013964534737169743	0.011995954439043999	0.0061219483613967896	0.10661163181066513	1.622538547962904e-09	0.02664199471473694	0.2191026210784912	0.061001840978860855	1.622538547962904e-09	0.013319892808794975	0.006121940910816193	1.622538547962904e-09	0.10661161690950394	9.999999974752427e-07	-1.3278622645884752e-08	1.622538547962904e-09	1.622538547962904e-09	-2.4010660126805305e-10	1.622538547962904e-09	9.999999974752427e-07	1.622538547962904e-09	0.015181045979261398	1.622538547962904e-09	6.912159733474255e-10	0.010238775983452797	0.007871739566326141	0.006139293313026428	1.622538547962904e-09	1.622538547962904e-09	1.622538547962904e-09	0.3608143925666809	0.07295437157154083	0.008505983278155327	0.2816368341445923	0.009365733712911606	0.026101574301719666	-1.3278622645884752e-08	0.309752881526947	8.000001798791345e-07	0.07295437157154083	0.309752881526947	-1.3278622645884752e-08	2.255546860396862e-10	-5.828042048960924e-09	0.22092559933662415	0.02495981752872467	-1.3278622645884752e-08	1.622538547962904e-09	1.622538547962904e-09	-1.3278622645884752e-08	9.999999974752427e-07	0.21155986189842224	0.22092559933662415	2.255546860396862e-10	0.00917431153357029	0.1840570569038391	0.02610155940055847	1.622538547962904e-09	-5.828042048960924e-09	0.22092559933662415	1.622538547962904e-09	-1.3278622645884752e-08	0.008564628660678864	0.29866212606430054	1.622538547962904e-09	9.999999974752427e-07	0.2986621558666229	2.255546860396862e-10	2.255546860396862e-10	1.622538547962904e-09	0.1273503601551056	-5.828042048960924e-09	0.08163265138864517	0.01516491174697876	0.008196720853447914	9.999999974752427e-07	-2.4010660126805305e-10	0.02610158920288086	0.07547169923782349	1.3999997463542968e-06	0.015599853359162807	0.01042632944881916	0.009330726228654385	0.018172089010477066	1.622538547962904e-09	1.622538547962904e-09	0.02495981752872467	0.028257330879569054	9.999999974752427e-07	0.008460663259029388	-1.3278622645884752e-08	9.999999974752427e-07	8.000001798791345e-07	0.14251525700092316	0.009365729987621307	0.1273503601551056	0.14251527190208435	0.29866212606430054	0.2816368341445923	0.00933072715997696	0.05747126415371895	-2.4010660126805305e-10	9.999999974752427e-07	0.14251521229743958	6.000000212225132e-07	0.009365737438201904	0.29009753465652466	0.1273503601551056	0.04308461770415306	-2.4010660126805305e-10	0.009282207116484642	1.622538547962904e-09	0.14251525700092316	9.999999974752427e-07	2.255546860396862e-10	0.027484744787216187	0.017241379246115685	0.009325018152594566	-5.828042048960924e-09	-1.3278622645884752e-08	0.015599831938743591	0.024959824979305267	-2.4010660126805305e-10	9.999999974752427e-07	-1.3278622645884752e-08	0.00846065953373909	0.011090729385614395	1.622538547962904e-09	1.622538547962904e-09	0.01681937463581562
19	-15547.466796875	-1	9	57	76	75	26	89	10	62	48	0	26	84	41	29	91	66	5	0	11	24	14	68	37	85	21	0	0	50	22	3	66	33	67	21	43	7	69	12	0	65	50	77	73	24	43	79	5	42	1	78	57	69	21	34	56	0	70	42	76	31	43	49	25	4	73	63	36	3	21	1	46	80	82	49	14	33	40	77	33	47	9	66	48	69	78	85	57	13	11	50	56	7	32	19	59	7	0	19	47	0.5437127947807312	0.08644906431436539	0.010285336524248123	0.4145510792732239	0.012830331921577454	0.010498285293579102	0.010526316240429878	0.4251323938369751	9.999999974752427e-07	0.08644905686378479	0.44155386090278625	0.06554710865020752	9.999999974752427e-07	9.999999974752427e-07	0.4095746874809265	9.999999974752427e-07	0.005317971110343933	1.622538547962904e-09	1.622538547962904e-09	1.3333333299669903e-06	0.02298850566148758	0.39674437046051025	0.4095746576786041	9.999999974752427e-07	0.03314200043678284	0.2897196114063263	0.07604538649320602	1.622538547962904e-09	9.999999974752427e-07	0.4095746576786041	0.0049764662981033325	1.622538547962904e-09	1.622538547962904e-09	0.4145510196685791	0.03333333507180214	-1.3278622645884752e-08	0.42513248324394226	9.999999974752427e-07	9.999999974752427e-07	1.622538547962904e-09	0.22580645978450775	0.012048192322254181	0.1361638456583023	-1.3278622645884752e-08	9.999999974752427e-07	-1.3278622645884752e-08	1.622538547962904e-09	0.010498279705643654	0.1361638605594635	0.030567780137062073	0.02411612868309021	1.622538547962904e-09	0.008196720853447914	0.010869565419852734	9.999999974752427e-07	0.010526316240429878	0.026113219559192657	0.019338728860020638	-2.4010660126805305e-10	-1.3278622645884752e-08	1.622538547962904e-09	-1.3278622645884752e-08	0.030567795038223267	0.2705919146537781	9.999999974752427e-07	0.26527389883995056	0.2705919146537781	0.4251324534416199	0.40957462787628174	0.030927833169698715	0.05588129162788391	1.622538547962904e-09	0.010498277842998505	0.2652738690376282	-1.3278622645884752e-08	0.012830331921577454	0.4145510792732239	0.22250455617904663	0.08634074777364731	1.622538547962904e-09	0.010498279705643654	1.622538547962904e-09	0.26527389883995056	0.036036036908626556	0.009900989942252636	0.062224678695201874	0.029082641005516052	0.009053405374288559	9.999999974752427e-07	0.012195121496915817	9.999999974752427e-07	0.008547008968889713	-1.3278622645884752e-08	1.622538547962904e-09	6.666664376098197e-07	-1.3278622645884752e-08	-1.3278622645884752e-08	1.622538547962904e-09	6.666664376098197e-07	1.622538547962904e-09	0.4231007397174835	0.04496558755636215	0.010405869223177433	0.2722354531288147	0.010044899769127369	0.021052632480859756	9.999999974752427e-07	0.31625208258628845	0.018691588193178177	0.05226296931505203	0.31625211238861084	0.01785714365541935	0.010989011265337467	1.622538547962904e-09	0.2722354531288147	9.999999974752427e-07	1.622538547962904e-09	0.019417475908994675	1.622538547962904e-09	1.3333333299669903e-06	6.666664376098197e-07	0.2291666716337204	0.2722354531288147	9.999999974752427e-07	1.3333333299669903e-06	0.1819043606519699	0.09699182957410812	1.622538547962904e-09	0.0078512541949749	0.2722354531288147	1.622538547962904e-09	1.622538547962904e-09	0.010638297535479069	0.31625205278396606	9.999999974752427e-07	-7.275957614183426e-12	0.31625205278396606	0.010526316240429878	0.009009009227156639	1.622538547962904e-09	0.10256187617778778	1.622538547962904e-09	0.0606570690870285	0.008510754443705082	6.666664376098197e-07	-7.275957614183426e-12	9.999999974752427e-07	1.3999997463542968e-06	0.05226297304034233	0.034559715539216995	0.022432174533605576	2.255546860396862e-10	9.999999974752427e-07	9.999999974752427e-07	9.999999974752427e-07	0.008264463394880295	0.009856700897216797	0.010405868291854858	0.008394084870815277	1.622538547962904e-09	1.622538547962904e-09	0.008510754443705082	0.034559715539216995	0.18190431594848633	0.010044899769127369	0.11764705926179886	0.18190434575080872	0.31625205278396606	0.2722354531288147	0.042105261236429214	0.010405870154500008	9.999999974752427e-07	8.000001798791345e-07	0.18190434575080872	1.622538547962904e-09	0.010044898837804794	0.2722354531288147	0.10256189107894897	0.04190482199192047	9.999999974752427e-07	8.000001798791345e-07	0.00729738175868988	0.18190434575080872	1.622538547962904e-09	0.016949152573943138	0.01947261206805706	9.999999974752427e-07	2.255546860396862e-10	1.622538547962904e-09	0.011627906933426857	0.014580924063920975	9.999999974752427e-07	1.622538547962904e-09	9.999999974752427e-07	6.666664376098197e-07	1.622538547962904e-09	1.622538547962904e-09	1.622538547962904e-09	6.666664376098197e-07	6.000000212225132e-07	0.449466347694397	0.08000115305185318	9.999999974752427e-07	0.3330483138561249	-1.3278622645884752e-08	0.034832462668418884	9.999999974752427e-07	0.386263370513916	0.009220771491527557	0.08756303787231445	0.386263370513916	0.013322047889232635	-1.3278622645884752e-08	9.999999974752427e-07	0.2947915494441986	9.999999974752427e-07	0.029411764815449715	9.999999974752427e-07	-1.3278622645884752e-08	0.008118394762277603	0.010526316240429878	0.2947915494441986	0.2947915196418762	-1.3278622645884752e-08	0.01075268816202879	0.2947915196418762	0.0481545627117157	-1.3278622645884752e-08	0.02777777798473835	0.2947915494441986	0.019186578691005707	9.999999974752427e-07	0.008000478148460388	0.38626325130462646	-1.3278622645884752e-08	1.622538547962904e-09	0.38626334071159363	-1.3278622645884752e-08	-1.3278622645884752e-08	-1.3278622645884752e-08	0.1528805047273636	9.999999974752427e-07	0.08756301552057266	0.009048528037965298	9.999999974752427e-07	1.622538547962904e-09	0.009130984544754028	0.02860131859779358	0.08756303787231445	0.009220770560204983	0.04123711213469505	9.999999974752427e-07	-1.3278622645884752e-08	-1.3278622645884752e-08	-1.3278622645884752e-08	0.008003734052181244	0.015048310160636902	0.029999999329447746	1.622538547962904e-09	0.00909090880304575	9.999999974752427e-07	0.009048528969287872	0.009220771491527557	0.2947915196418762	-1.3278622645884752e-08	0.15288051962852478	0.2499999850988388	0.38626334071159363	0.31386175751686096	-1.3278622645884752e-08	0.032608695328235626	0.009130991995334625	9.999999974752427e-07	0.16192904114723206	-2.4010660126805305e-10	-1.3278622645884752e-08	0.36913180351257324	0.1528804898262024	0.06531748175621033	0.009131006896495819	0.028601333498954773	0.00756189227104187	0.16814157366752625	1.622538547962904e-09	-1.3278622645884752e-08	0.021052632480859756	0.009900989942252636	0.027272727340459824	9.999999974752427e-07	0.005203656852245331	0.008620689623057842	0.007044576108455658	-1.3278622645884752e-08	0.008000478148460388	0.008118398487567902	9.999999974752427e-07	-1.3278622645884752e-08	-1.3278622645884752e-08	1.622538547962904e-09	1.622538547962904e-09	0.4417252242565155	0.024390242993831635	9.999999974752427e-07	0.30527326464653015	0.010416666977107525	0.014637134969234467	9.999999974752427e-07	0.3760969042778015	9.999999974752427e-07	0.04878048598766327	0.3760969042778015	0.05099133402109146	9.999999974752427e-07	0.008882244117558002	0.30527329444885254	1.622538547962904e-09	1.622538547962904e-09	1.622538547962904e-09	1.622538547962904e-09	0.030414395034313202	0.012048192322254181	0.29318323731422424	0.30527329444885254	9.999999974752427e-07	0.017391303554177284	0.2670987844467163	0.06562843918800354	1.622538547962904e-09	0.010416666977107525	0.30527329444885254	1.622538547962904e-09	1.622538547962904e-09	1.622538547962904e-09	0.30527329444885254	1.622538547962904e-09	0.010526316240429878	0.3760969042778015	9.999999974752427e-07	9.999999974752427e-07	1.622538547962904e-09	0.14387741684913635	0.025641024112701416	0.07431011646986008	0.032608695328235626	9.999999974752427e-07	0.009615384973585606	1.622538547962904e-09	0.014637134969234467	0.07431010156869888	0.010309278033673763	0.04452749714255333	0.009433962404727936	9.999999974752427e-07	1.622538547962904e-09	1.622538547962904e-09	1.622538547962904e-09	1.622538547962904e-09	0.009569531306624413	1.622538547962904e-09	1.622538547962904e-09	1.622538547962904e-09	0.01123595517128706	9.999999974752427e-07	0.20471768081188202	9.999999974752427e-07	0.14387744665145874	0.2047176957130432	0.3052733242511749	0.30527329444885254	0.026084452867507935	0.009569531306624413	1.622538547962904e-09	0.010101010091602802	0.204717755317688	0.010204081423580647	0.010989011265337467	0.30527329444885254	0.14387741684913635	0.06956726312637329	1.622538547962904e-09	0.01463712751865387	9.999999974752427e-07	0.20471777021884918	0.009803921915590763	9.999999974752427e-07	0.02503982186317444	9.999999974752427e-07	9.999999974752427e-07	0.008882243186235428	0.020576931536197662	9.999999974752427e-07	1.622538547962904e-09	1.622538547962904e-09	1.622538547962904e-09	9.999999974752427e-07	1.622538547962904e-09	1.622538547962904e-09	1.622538547962904e-09	9.999999974752427e-07	1.622538547962904e-09	0.3537144362926483	0.026411600410938263	4.2857209336943924e-07	0.20192477107048035	1.622538547962904e-09	0.027027027681469917	-7.275957614183426e-12	0.28152182698249817	1.622538547962904e-09	0.026411622762680054	0.2815217971801758	0.010256588459014893	9.999999974752427e-07	1.622538547962904e-09	0.20192477107048035	9.999999974752427e-07	1.622538547962904e-09	9.999999974752427e-07	1.622538547962904e-09	0.010256589390337467	1.622538547962904e-09	0.20192474126815796	0.20192478597164154	1.622538547962904e-09	1.622538547962904e-09	0.16246558725833893	0.05873368680477142	1.622538547962904e-09	0.027633339166641235	0.20192477107048035	-1.3278622645884752e-08	1.622538547962904e-09	-1.3278622645884752e-08	0.20192483067512512	0.008206691592931747	9.999999974752427e-07	0.2740027904510498	1.622538547962904e-09	9.999999974752427e-07	1.622538547962904e-09	0.05703481286764145	1.622538547962904e-09	0.02641153335571289	0.03179077059030533	1.622538547962904e-09	9.999999974752427e-07	-1.3278622645884752e-08	0.009401541203260422	0.026411622762680054	0.009916093200445175	0.027633339166641235	4.2857209336943924e-07	1.622538547962904e-09	0.013445600867271423	0.008206691592931747	9.999999974752427e-07	0.013458997011184692	1.2857158253609668e-06	-1.3278622645884752e-08	-1.3278622645884752e-08	1.622538547962904e-09	9.999999974752427e-07	1.622538547962904e-09	0.16246557235717773	1.622538547962904e-09	0.05703481659293175	0.10570608824491501	0.2626262605190277	0.20192477107048035	0.01780684106051922	1.2857121873821598e-06	-1.3278622645884752e-08	9.999999974752427e-07	0.08882559835910797	0.009916089475154877	1.622538547962904e-09	0.20192478597164154	0.05404491350054741	0.027633339166641235	-1.3278622645884752e-08	0.009401543065905571	1.622538547962904e-09	0.1057060956954956	-1.3278622645884752e-08	0.017806850373744965	1.622538547962904e-09	1.622538547962904e-09	4.2857209336943924e-07	1.622538547962904e-09	-7.275957614183426e-12	1.622538547962904e-09	9.999999974752427e-07	1.622538547962904e-09	-1.3278622645884752e-08	9.999999974752427e-07	-1.3278622645884752e-08	0.007519088685512543	1.622538547962904e-09	9.999999974752427e-07	2.255546860396862e-10	0.5330700874328613	0.005072489380836487	5.000001692678779e-07	0.3791336119174957	0.015137098729610443	0.04571792483329773	9.999999974752427e-07	0.47317150235176086	1.622538547962904e-09	0.08930285274982452	0.47317150235176086	0.01418064534664154	0.010177051648497581	9.999999974752427e-07	0.283880352973938	-1.3278622645884752e-08	1.622538547962904e-09	0.00942908599972725	-1.3278622645884752e-08	0.007485583424568176	9.999999974752427e-07	0.2687433063983917	0.3461630940437317	0.011049933731555939	0.012431889772415161	0.21618443727493286	0.059898510575294495	-1.3278622645884752e-08	1.622538547962904e-09	0.2838802933692932	0.030927835032343864	0.04472166299819946	-1.3278622645884752e-08	0.39345017075538635	1.622538547962904e-09	-1.3278622645884752e-08	0.39345014095306396	0.011049933731555939	0.010177051648497581	-1.3278622645884752e-08	0.16346153616905212	0.04000958055257797	0.08930287510156631	-1.3278622645884752e-08	0.010416666977107525	-1.3278622645884752e-08	0.014316469430923462	0.03628884255886078	0.08930285274982452	1.622538547962904e-09	0.0478060245513916	5.000001692678779e-07	0.028037382289767265	1.622538547962904e-09	1.622538547962904e-09	-1.3278622645884752e-08	-1.3278622645884752e-08	1.5000005078036338e-06	1.622538547962904e-09	-1.3278622645884752e-08	9.999999974752427e-07	-1.3278622645884752e-08	1.622538547962904e-09	0.21618443727493286	0.015137098729610443	0.171462744474411	0.21618443727493286	0.39345014095306396	0.3461630940437317	0.05255882441997528	0.005072489380836487	9.999999974752427e-07	0.02286946028470993	0.1714627593755722	1.622538547962904e-09	0.01513710618019104	0.37913358211517334	0.1495407670736313	0.06023794412612915	0.014316461980342865	0.02286946028470993	0.008695651777088642	0.1714627593755722	1.622538547962904e-09	0.010177051648497581	0.012431896291673183	1.622538547962904e-09	5.000001692678779e-07	9.999999974752427e-07	0.00669504702091217	0.007796458899974823	-1.3278622645884752e-08	0.030927835032343864	-1.3278622645884752e-08	0.007485590875148773	-1.3278622645884752e-08	0.02777777798473835	-1.3278622645884752e-08	1.622538547962904e-09	0.008695651777088642	0.3669218420982361	0.04854368790984154	5.000001692678779e-07	0.19233903288841248	1.622538547962904e-09	0.021178677678108215	0.019078675657510757	0.26595741510391235	9.999999974752427e-07	0.0752153992652893	0.2984440326690674	0.01907867193222046	9.999999974752427e-07	0.010416666977107525	0.19233903288841248	0.010324249044060707	0.007624365389347076	1.622538547962904e-09	1.622538547962904e-09	1.622538547962904e-09	9.999999974752427e-07	0.19233901798725128	0.19233904778957367	1.622538547962904e-09	0.026356376707553864	0.16347560286521912	0.04025731980800629	1.622538547962904e-09	1.622538547962904e-09	0.19233901798725128	1.622538547962904e-09	0.015332028269767761	0.0117647061124444	0.24910278618335724	0.01778506115078926	-1.3278622645884752e-08	0.24910277128219604	1.622538547962904e-09	9.999999974752427e-07	1.622538547962904e-09	0.1170303225517273	0.015458554029464722	0.0752154290676117	-1.3278622645884752e-08	0.00909090880304575	-1.3278622645884752e-08	0.009573204442858696	0.02117866277694702	0.0752154216170311	0.018691588193178177	0.015458546578884125	5.000001692678779e-07	0.005539216101169586	1.622538547962904e-09	0.01778506115078926	9.999999974752427e-07	0.028220482170581818	1.5000005078036338e-06	1.622538547962904e-09	9.999999974752427e-07	9.999999974752427e-07	-1.3278622645884752e-08	9.999999974752427e-07	0.16347560286521912	1.622538547962904e-09	0.14051920175552368	0.16347560286521912	0.24910280108451843	0.19233901798725128	0.011078406125307083	0.010101010091602802	0.009573204442858696	0.009177442640066147	0.14051921665668488	0.008695651777088642	1.622538547962904e-09	0.2222222089767456	0.11703035235404968	0.04181492328643799	0.011904762126505375	0.009177440777420998	0.010869565419852734	0.14051920175552368	-1.3278622645884752e-08	0.005539216101169586	0.026356376707553864	1.622538547962904e-09	5.000001692678779e-07	0.009999999776482582	0.019078673794865608	1.622538547962904e-09	0.010324249044060707	9.999999974752427e-07	9.999999974752427e-07	1.622538547962904e-09	9.999999974752427e-07	9.999999974752427e-07	1.622538547962904e-09	1.622538547962904e-09	0.012001216411590576	0.43699365854263306	0.05826278030872345	9.999999974752427e-07	0.2679571807384491	9.999999974752427e-07	0.04900255799293518	1.622538547962904e-09	0.37830495834350586	0.009493403136730194	0.06596280634403229	0.37830492854118347	1.622538547962904e-09	9.999999974752427e-07	0.01123595517128706	0.2679571509361267	-2.4010660126805305e-10	1.622538547962904e-09	-1.3278622645884752e-08	1.622538547962904e-09	1.622538547962904e-09	6.666664376098197e-07	0.2545320391654968	0.2679571509361267	0.010989011265337467	1.3333333299669903e-06	0.20756608247756958	0.04900253936648369	1.622538547962904e-09	0.005720056593418121	0.2679571509361267	1.622538547962904e-09	0.01575428992509842	0.010256909765303135	0.3783048093318939	0.01601792871952057	-2.4010660126805305e-10	0.3783048391342163	0.019911106675863266	9.999999974752427e-07	1.622538547962904e-09	0.1568257212638855	0.013005435466766357	0.11561180651187897	0.01815195381641388	6.666664376098197e-07	0.01815195381641388	0.010526316240429878	0.04900252819061279	0.06741572916507721	0.03269492834806442	0.018725495785474777	0.00909090880304575	-2.4010660126805305e-10	1.622538547962904e-09	0.00917431153357029	0.009686263278126717	0.009686261415481567	0.025567827746272087	9.999999974752427e-07	0.043478261679410934	0.01575428992509842	-2.4010660126805305e-10	0.009493403136730194	0.20756609737873077	9.999999974752427e-07	0.15682576596736908	0.20756609737873077	0.3783048093318939	0.2679571211338043	0.030948013067245483	0.025567827746272087	9.999999974752427e-07	9.999999974752427e-07	0.17497771978378296	0.009708737954497337	0.00909090880304575	0.31831997632980347	0.1568257361650467	0.04121395945549011	0.04972793906927109	0.010204081423580647	0.007700018584728241	0.19181180000305176	9.999999974752427e-07	0.011036910116672516	0.022488445043563843	0.016806723549962044	9.999999974752427e-07	0.009615384973585606	1.622538547962904e-09	1.622538547962904e-09	-2.4010660126805305e-10	1.622538547962904e-09	9.999999974752427e-07	1.622538547962904e-09	0.009803921915590763	1.622538547962904e-09	1.622538547962904e-09	1.622538547962904e-09	9.999999974752427e-07	0.3545213043689728	0.02059110254049301	0.010625112801790237	0.21123084425926208	0.02664199471473694	0.0061219222843647	9.999999974752427e-07	0.3018166422843933	0.006626579910516739	0.02059112675487995	0.3018166720867157	0.01864650845527649	-1.3278622645884752e-08	1.622538547962904e-09	0.1669045239686966	0.015181045979261398	9.999999974752427e-07	1.622538547962904e-09	1.622538547962904e-09	0.010238776914775372	1.622538547962904e-09	0.14026254415512085	0.2112308144569397	-1.3278622645884752e-08	1.622538547962904e-09	0.14026251435279846	0.024768419563770294	1.622538547962904e-09	1.622538547962904e-09	0.2112308144569397	-1.3278622645884752e-08	0.011363636702299118	6.912159733474255e-10	0.23242251574993134	-1.3278622645884752e-08	0.006100691854953766	0.29567739367485046	-1.3278622645884752e-08	-1.3278622645884752e-08	1.622538547962904e-09	0.09294700622558594	1.622538547962904e-09	0.06100180745124817	0.01366463303565979	1.622538547962904e-09	0.007563948631286621	0.011995955370366573	0.0061219483613967896	0.030612245202064514	0.00662657618522644	9.073119144886732e-09	-2.4010660126805305e-10	-1.3278622645884752e-08	-1.3278622645884752e-08	-1.3278622645884752e-08	9.999999974752427e-07	0.027936100959777832	0.010625114664435387	0.027522936463356018	0.007871739566326141	9.999999974752427e-07	1.622538547962904e-09	0.006626579910516739	0.14026251435279846	0.010101010091602802	0.09294699132442474	0.14026251435279846	0.29567742347717285	0.21123076975345612	-1.3278622645884752e-08	0.013964534737169743	0.011995954439043999	0.0061219483613967896	0.10661163181066513	1.622538547962904e-09	0.02664199471473694	0.2191026210784912	0.061001840978860855	1.622538547962904e-09	0.013319892808794975	0.0061219483613967896	1.622538547962904e-09	0.10661161690950394	9.999999974752427e-07	-1.3278622645884752e-08	1.622538547962904e-09	1.622538547962904e-09	-2.4010660126805305e-10	1.622538547962904e-09	9.999999974752427e-07	1.622538547962904e-09	0.015181045979261398	1.622538547962904e-09	6.912159733474255e-10	0.010238776914775372	0.007871739566326141	0.006139293313026428	1.622538547962904e-09	-2.4010660126805305e-10	1.622538547962904e-09	0.36081433296203613	0.07295437157154083	0.008505983278155327	0.2816368341445923	0.009365733712911606	0.026101619005203247	-1.3278622645884752e-08	0.309752881526947	8.000001798791345e-07	0.07295437157154083	0.309752881526947	-1.3278622645884752e-08	2.255546860396862e-10	-5.828042048960924e-09	0.22092559933662415	0.024959862232208252	-1.3278622645884752e-08	1.622538547962904e-09	1.622538547962904e-09	-1.3278622645884752e-08	9.999999974752427e-07	0.21155986189842224	0.22092559933662415	2.255546860396862e-10	0.00917431153357029	0.1840570569038391	0.026101574301719666	1.622538547962904e-09	-5.828042048960924e-09	0.22092559933662415	1.622538547962904e-09	-1.3278622645884752e-08	0.008564617484807968	0.29866212606430054	1.622538547962904e-09	9.999999974752427e-07	0.29866212606430054	2.255546860396862e-10	2.255546860396862e-10	1.622538547962904e-09	0.1273503601551056	-5.828042048960924e-09	0.08163265138864517	0.01516491174697876	0.008196720853447914	9.999999974752427e-07	-2.4010660126805305e-10	0.026101619005203247	0.07547169923782349	1.3999997463542968e-06	0.015599853359162807	0.01042632944881916	0.009330726228654385	0.018172089010477066	1.622538547962904e-09	1.622538547962904e-09	0.024959862232208252	0.028257330879569054	9.999999974752427e-07	0.008460663259029388	-1.3278622645884752e-08	9.999999974752427e-07	8.000001798791345e-07	0.14251525700092316	0.009365729987621307	0.1273503601551056	0.14251527190208435	0.29866212606430054	0.2816368341445923	0.00933072715997696	0.05747126415371895	-2.4010660126805305e-10	9.999999974752427e-07	0.14251521229743958	6.000000212225132e-07	0.009365737438201904	0.29009750485420227	0.1273503601551056	0.04308461770415306	-2.4010660126805305e-10	0.009282227605581284	1.622538547962904e-09	0.14251525700092316	9.999999974752427e-07	2.255546860396862e-10	0.027484744787216187	0.017241379246115685	0.009325018152594566	-5.828042048960924e-09	-1.3278622645884752e-08	0.015599831938743591	0.02495986968278885	-2.4010660126805305e-10	9.999999974752427e-07	-1.3278622645884752e-08	0.008460666984319687	0.01109074056148529	1.622538547962904e-09	-1.3278622645884752e-08	0.016819391399621964
20	-15547.466796875	-1	9	57	76	75	26	89	10	62	48	0	26	84	41	29	91	66	5	0	11	24	14	68	37	85	21	0	0	50	22	3	66	33	67	21	43	7	69	12	0	65	50	77	73	24	43	79	5	42	1	78	57	69	21	34	56	0	70	42	76	31	43	49	25	4	73	63	36	3	21	1	46	80	82	49	14	33	40	77	33	47	9	66	48	69	78	85	57	13	11	50	56	7	32	19	59	7	0	20	47	0.5437127947807312	0.08644906431436539	0.010285336524248123	0.4145510792732239	0.012830331921577454	0.010498285293579102	0.010526316240429878	0.4251323938369751	9.999999974752427e-07	0.08644905686378479	0.44155386090278625	0.06554710865020752	9.999999974752427e-07	9.999999974752427e-07	0.4095746874809265	9.999999974752427e-07	0.005317971110343933	1.622538547962904e-09	1.622538547962904e-09	9.999999974752427e-07	0.02298850566148758	0.39674437046051025	0.4095746576786041	9.999999974752427e-07	0.03314200043678284	0.2897196114063263	0.07604538649320602	1.622538547962904e-09	9.999999974752427e-07	0.4095746576786041	0.0049764662981033325	1.622538547962904e-09	1.622538547962904e-09	0.4145510196685791	0.03333333507180214	-1.3278622645884752e-08	0.42513248324394226	9.999999974752427e-07	9.999999974752427e-07	1.622538547962904e-09	0.22580645978450775	0.012048192322254181	0.1361638456583023	-1.3278622645884752e-08	9.999999974752427e-07	-1.3278622645884752e-08	1.622538547962904e-09	0.010498279705643654	0.1361638605594635	0.030567780137062073	0.02411612868309021	1.622538547962904e-09	0.008196720853447914	0.010869565419852734	9.999999974752427e-07	0.010526316240429878	0.026113219559192657	0.019338728860020638	-2.4010660126805305e-10	-1.3278622645884752e-08	1.622538547962904e-09	-1.3278622645884752e-08	0.030567795038223267	0.2705919146537781	9.999999974752427e-07	0.26527389883995056	0.2705919146537781	0.4251324534416199	0.40957462787628174	0.030927833169698715	0.05588129162788391	1.622538547962904e-09	0.010498277842998505	0.2652738690376282	-1.3278622645884752e-08	0.012830331921577454	0.4145510792732239	0.22250455617904663	0.08634074777364731	1.622538547962904e-09	0.010498279705643654	1.622538547962904e-09	0.26527389883995056	0.036036036908626556	0.009900989942252636	0.062224678695201874	0.029082641005516052	0.009053405374288559	9.999999974752427e-07	0.012195121496915817	9.999999974752427e-07	0.008547008968889713	-1.3278622645884752e-08	1.622538547962904e-09	9.999999974752427e-07	-1.3278622645884752e-08	-1.3278622645884752e-08	1.622538547962904e-09	9.999999974752427e-07	1.622538547962904e-09	0.4231007397174835	0.04496558755636215	0.010405869223177433	0.2722354531288147	0.010044899769127369	0.021052632480859756	9.999999974752427e-07	0.31625208258628845	0.018691588193178177	0.05226296931505203	0.31625211238861084	0.01785714365541935	0.010989011265337467	1.622538547962904e-09	0.2722354531288147	9.999999974752427e-07	1.622538547962904e-09	0.019417475908994675	1.622538547962904e-09	9.999999974752427e-07	8.000001798791345e-07	0.2291666716337204	0.2722354531288147	9.999999974752427e-07	1.3999997463542968e-06	0.1819043606519699	0.09699182957410812	1.622538547962904e-09	0.0078512541949749	0.2722354531288147	1.622538547962904e-09	1.622538547962904e-09	0.010638297535479069	0.31625205278396606	9.999999974752427e-07	-7.275957614183426e-12	0.31625205278396606	0.010526316240429878	0.009009009227156639	1.622538547962904e-09	0.10256187617778778	1.622538547962904e-09	0.0606570690870285	0.008510754443705082	6.000000212225132e-07	-7.275957614183426e-12	9.999999974752427e-07	1.3999997463542968e-06	0.05226297304034233	0.034559715539216995	0.022432174533605576	2.255546860396862e-10	9.999999974752427e-07	9.999999974752427e-07	9.999999974752427e-07	0.008264463394880295	0.009856700897216797	0.010405868291854858	0.008394084870815277	1.622538547962904e-09	1.622538547962904e-09	0.008510754443705082	0.034559715539216995	0.18190431594848633	0.010044899769127369	0.11764705926179886	0.18190434575080872	0.31625205278396606	0.2722354531288147	0.042105261236429214	0.010405870154500008	9.999999974752427e-07	8.000001798791345e-07	0.18190434575080872	1.622538547962904e-09	0.010044898837804794	0.2722354531288147	0.10256189107894897	0.04190482199192047	9.999999974752427e-07	8.000001798791345e-07	0.00729738175868988	0.18190434575080872	1.622538547962904e-09	0.016949152573943138	0.01947261206805706	9.999999974752427e-07	2.255546860396862e-10	1.622538547962904e-09	0.011627906933426857	0.014580924063920975	9.999999974752427e-07	1.622538547962904e-09	9.999999974752427e-07	9.999999974752427e-07	1.622538547962904e-09	1.622538547962904e-09	1.622538547962904e-09	8.000001798791345e-07	6.000000212225132e-07	0.4494662880897522	0.08000115305185318	9.999999974752427e-07	0.3330483138561249	-1.3278622645884752e-08	0.03483249247074127	9.999999974752427e-07	0.386263370513916	0.009220771491527557	0.08756303787231445	0.38626334071159363	0.013322077691555023	-1.3278622645884752e-08	9.999999974752427e-07	0.2947915494441986	9.999999974752427e-07	0.029411764815449715	9.999999974752427e-07	-1.3278622645884752e-08	0.008118398487567902	0.010526316240429878	0.2947915494441986	0.2947915196418762	-1.3278622645884752e-08	0.01075268816202879	0.2947915196418762	0.04815460741519928	-1.3278622645884752e-08	0.02777777798473835	0.2947915494441986	0.019186578691005707	9.999999974752427e-07	0.008000463247299194	0.38626325130462646	-1.3278622645884752e-08	1.622538547962904e-09	0.38626331090927124	-1.3278622645884752e-08	-1.3278622645884752e-08	-1.3278622645884752e-08	0.1528805047273636	9.999999974752427e-07	0.08756301552057266	0.009048528037965298	9.999999974752427e-07	1.622538547962904e-09	0.009130984544754028	0.02860131859779358	0.08756303787231445	0.009220770560204983	0.04123711213469505	9.999999974752427e-07	-1.3278622645884752e-08	-1.3278622645884752e-08	-1.3278622645884752e-08	0.008003763854503632	0.015048369765281677	0.029999999329447746	1.622538547962904e-09	0.00909090880304575	9.999999974752427e-07	0.009048528969287872	0.009220771491527557	0.2947915196418762	-1.3278622645884752e-08	0.15288051962852478	0.2499999850988388	0.38626334071159363	0.31386175751686096	-1.3278622645884752e-08	0.032608695328235626	0.009130991995334625	9.999999974752427e-07	0.16192904114723206	-2.4010660126805305e-10	-1.3278622645884752e-08	0.36913180351257324	0.1528804898262024	0.06531748175621033	0.009130977094173431	0.028601333498954773	0.00756189227104187	0.16814157366752625	1.622538547962904e-09	-1.3278622645884752e-08	0.021052632480859756	0.009900989942252636	0.027272727340459824	9.999999974752427e-07	0.005203664302825928	0.008620689623057842	0.007044591009616852	-1.3278622645884752e-08	0.008000463247299194	0.008118398487567902	9.999999974752427e-07	-1.3278622645884752e-08	-1.3278622645884752e-08	9.999999974752427e-07	1.622538547962904e-09	0.4417252242565155	0.024390242993831635	9.999999974752427e-07	0.30527326464653015	0.010416666977107525	0.014637134969234467	9.999999974752427e-07	0.3760969042778015	9.999999974752427e-07	0.04878048598766327	0.3760969042778015	0.05099133402109146	9.999999974752427e-07	0.008882244117558002	0.30527329444885254	1.622538547962904e-09	1.622538547962904e-09	1.622538547962904e-09	1.622538547962904e-09	0.030414395034313202	0.012048192322254181	0.29318323731422424	0.30527329444885254	9.999999974752427e-07	0.017391303554177284	0.2670987844467163	0.06562843918800354	1.622538547962904e-09	0.010416666977107525	0.30527329444885254	1.622538547962904e-09	1.622538547962904e-09	1.622538547962904e-09	0.30527329444885254	1.622538547962904e-09	0.010526316240429878	0.3760969042778015	9.999999974752427e-07	9.999999974752427e-07	1.622538547962904e-09	0.14387741684913635	0.025641024112701416	0.07431011646986008	0.032608695328235626	9.999999974752427e-07	0.009615384973585606	1.622538547962904e-09	0.014637134969234467	0.07431010156869888	0.010309278033673763	0.04452749714255333	0.009433962404727936	9.999999974752427e-07	1.622538547962904e-09	1.622538547962904e-09	1.622538547962904e-09	1.622538547962904e-09	0.009569531306624413	1.622538547962904e-09	1.622538547962904e-09	1.622538547962904e-09	0.01123595517128706	9.999999974752427e-07	0.20471768081188202	9.999999974752427e-07	0.14387744665145874	0.2047176957130432	0.3052733242511749	0.30527329444885254	0.026084452867507935	0.009569531306624413	1.622538547962904e-09	0.010101010091602802	0.204717755317688	0.010204081423580647	0.010989011265337467	0.30527329444885254	0.14387741684913635	0.06956726312637329	1.622538547962904e-09	0.01463712751865387	9.999999974752427e-07	0.20471777021884918	0.009803921915590763	9.999999974752427e-07	0.02503982186317444	9.999999974752427e-07	9.999999974752427e-07	0.008882243186235428	0.020576931536197662	9.999999974752427e-07	1.622538547962904e-09	1.622538547962904e-09	1.622538547962904e-09	9.999999974752427e-07	1.622538547962904e-09	1.622538547962904e-09	1.622538547962904e-09	9.999999974752427e-07	1.622538547962904e-09	0.3537144362926483	0.026411600410938263	4.2857209336943924e-07	0.20192477107048035	1.622538547962904e-09	0.027027027681469917	-7.275957614183426e-12	0.28152182698249817	1.622538547962904e-09	0.026411622762680054	0.2815217971801758	0.010256588459014893	9.999999974752427e-07	1.622538547962904e-09	0.20192477107048035	9.999999974752427e-07	1.622538547962904e-09	9.999999974752427e-07	1.622538547962904e-09	0.010256589390337467	1.622538547962904e-09	0.20192474126815796	0.20192478597164154	1.622538547962904e-09	1.622538547962904e-09	0.16246558725833893	0.05873368680477142	1.622538547962904e-09	0.02763335034251213	0.20192477107048035	-1.3278622645884752e-08	1.622538547962904e-09	-1.3278622645884752e-08	0.20192483067512512	0.008206691592931747	9.999999974752427e-07	0.2740027904510498	1.622538547962904e-09	9.999999974752427e-07	1.622538547962904e-09	0.057034820318222046	1.622538547962904e-09	0.02641153335571289	0.03179077059030533	1.622538547962904e-09	9.999999974752427e-07	-1.3278622645884752e-08	0.009401541203260422	0.026411622762680054	0.009916093200445175	0.02763335406780243	4.2857209336943924e-07	1.622538547962904e-09	0.013445600867271423	0.008206691592931747	9.999999974752427e-07	0.013458997011184692	1.2857158253609668e-06	-1.3278622645884752e-08	-1.3278622645884752e-08	1.622538547962904e-09	9.999999974752427e-07	1.622538547962904e-09	0.16246557235717773	1.622538547962904e-09	0.05703481286764145	0.1057061031460762	0.2626262605190277	0.20192477107048035	0.01780684106051922	1.2857121873821598e-06	-1.3278622645884752e-08	9.999999974752427e-07	0.08882559835910797	0.009916089475154877	1.622538547962904e-09	0.20192478597164154	0.05404491722583771	0.027633346617221832	-1.3278622645884752e-08	0.009401543065905571	1.622538547962904e-09	0.1057060956954956	-1.3278622645884752e-08	0.017806850373744965	1.622538547962904e-09	1.622538547962904e-09	4.2857209336943924e-07	1.622538547962904e-09	-7.275957614183426e-12	1.622538547962904e-09	9.999999974752427e-07	1.622538547962904e-09	-1.3278622645884752e-08	9.999999974752427e-07	-1.3278622645884752e-08	0.007519088685512543	1.622538547962904e-09	1.622538547962904e-09	2.255546860396862e-10	0.5330701470375061	0.005072489380836487	5.000001692678779e-07	0.3791336119174957	0.015137098729610443	0.04571789503097534	9.999999974752427e-07	0.47317150235176086	1.622538547962904e-09	0.08930285274982452	0.47317150235176086	0.014180606231093407	0.010177051648497581	9.999999974752427e-07	0.283880352973938	-1.3278622645884752e-08	1.622538547962904e-09	0.009429067373275757	-1.3278622645884752e-08	0.007485583424568176	9.999999974752427e-07	0.2687433063983917	0.3461630940437317	0.011049933731555939	0.012431889772415161	0.21618443727493286	0.059898555278778076	-1.3278622645884752e-08	1.622538547962904e-09	0.2838802933692932	0.030927835032343864	0.04472166299819946	-1.3278622645884752e-08	0.39345017075538635	1.622538547962904e-09	-1.3278622645884752e-08	0.39345014095306396	0.011049933731555939	0.010177051648497581	-1.3278622645884752e-08	0.16346153616905212	0.04000958055257797	0.08930287510156631	-1.3278622645884752e-08	0.010416666977107525	-1.3278622645884752e-08	0.014316469430923462	0.036288827657699585	0.08930285274982452	1.622538547962904e-09	0.0478060245513916	5.000001692678779e-07	0.028037382289767265	1.622538547962904e-09	1.622538547962904e-09	-1.3278622645884752e-08	-1.3278622645884752e-08	1.5000005078036338e-06	1.622538547962904e-09	-1.3278622645884752e-08	9.999999974752427e-07	-1.3278622645884752e-08	1.622538547962904e-09	0.21618443727493286	0.015137098729610443	0.171462744474411	0.21618443727493286	0.39345014095306396	0.3461630940437317	0.05255882441997528	0.005072489380836487	9.999999974752427e-07	0.02286946028470993	0.1714627593755722	1.622538547962904e-09	0.01513710618019104	0.37913358211517334	0.1495407670736313	0.06023794412612915	0.014316461980342865	0.02286946028470993	0.008695651777088642	0.1714627593755722	1.622538547962904e-09	0.010177051648497581	0.012431896291673183	1.622538547962904e-09	5.000001692678779e-07	9.999999974752427e-07	0.0066950395703315735	0.007796458899974823	-1.3278622645884752e-08	0.030927835032343864	-1.3278622645884752e-08	0.007485583424568176	-1.3278622645884752e-08	0.02777777798473835	-1.3278622645884752e-08	9.999999974752427e-07	0.008695651777088642	0.3669218420982361	0.04854368790984154	5.000001692678779e-07	0.19233903288841248	1.622538547962904e-09	0.021178677678108215	0.01907866820693016	0.26595741510391235	9.999999974752427e-07	0.0752153992652893	0.2984440326690674	0.01907867193222046	9.999999974752427e-07	0.010416666977107525	0.19233903288841248	0.010324249044060707	0.007624365389347076	1.622538547962904e-09	1.622538547962904e-09	1.622538547962904e-09	9.999999974752427e-07	0.19233901798725128	0.19233904778957367	1.622538547962904e-09	0.026356376707553864	0.16347560286521912	0.04025731980800629	1.622538547962904e-09	1.622538547962904e-09	0.19233901798725128	1.622538547962904e-09	0.015332028269767761	0.0117647061124444	0.24910278618335724	0.01778506115078926	-1.3278622645884752e-08	0.24910277128219604	1.622538547962904e-09	9.999999974752427e-07	1.622538547962904e-09	0.1170303225517273	0.015458554029464722	0.0752154290676117	-1.3278622645884752e-08	0.00909090880304575	-1.3278622645884752e-08	0.009573204442858696	0.02117867022752762	0.0752154216170311	0.018691588193178177	0.015458546578884125	5.000001692678779e-07	0.005539216101169586	1.622538547962904e-09	0.01778506115078926	9.999999974752427e-07	0.02822047472000122	1.5000005078036338e-06	1.622538547962904e-09	9.999999974752427e-07	9.999999974752427e-07	-1.3278622645884752e-08	9.999999974752427e-07	0.16347560286521912	1.622538547962904e-09	0.14051920175552368	0.16347560286521912	0.24910280108451843	0.19233901798725128	0.011078406125307083	0.010101010091602802	0.009573204442858696	0.009177442640066147	0.14051921665668488	0.008695651777088642	1.622538547962904e-09	0.2222222089767456	0.11703035235404968	0.04181492328643799	0.011904762126505375	0.009177440777420998	0.010869565419852734	0.14051920175552368	-1.3278622645884752e-08	0.005539216101169586	0.026356376707553864	1.622538547962904e-09	5.000001692678779e-07	0.009999999776482582	0.01907867006957531	1.622538547962904e-09	0.010324249044060707	9.999999974752427e-07	9.999999974752427e-07	1.622538547962904e-09	9.999999974752427e-07	9.999999974752427e-07	1.622538547962904e-09	9.999999974752427e-07	0.012001216411590576	0.43699371814727783	0.05826278030872345	9.999999974752427e-07	0.2679571807384491	9.999999974752427e-07	0.04900254309177399	1.622538547962904e-09	0.3783048689365387	0.009493403136730194	0.06596280634403229	0.3783048391342163	1.622538547962904e-09	9.999999974752427e-07	0.01123595517128706	0.2679571509361267	-2.4010660126805305e-10	1.622538547962904e-09	-1.3278622645884752e-08	1.622538547962904e-09	1.622538547962904e-09	8.000001798791345e-07	0.2545320391654968	0.2679571509361267	0.010989011265337467	1.3999997463542968e-06	0.20756608247756958	0.04900255426764488	1.622538547962904e-09	0.005720056593418121	0.2679571509361267	1.622538547962904e-09	0.01575428992509842	0.010256931185722351	0.3783048391342163	0.01601792871952057	-2.4010660126805305e-10	0.3783048689365387	0.019911106675863266	9.999999974752427e-07	1.622538547962904e-09	0.1568257212638855	0.013005435466766357	0.11561180651187897	0.01815195381641388	6.000000212225132e-07	0.01815195381641388	0.010526316240429878	0.04900252819061279	0.06741572916507721	0.03269492834806442	0.018725495785474777	0.00909090880304575	-2.4010660126805305e-10	1.622538547962904e-09	0.00917431153357029	0.009686267003417015	0.009686268866062164	0.025567827746272087	9.999999974752427e-07	0.043478261679410934	0.01575428992509842	-2.4010660126805305e-10	0.009493403136730194	0.20756609737873077	9.999999974752427e-07	0.15682576596736908	0.20756609737873077	0.3783048689365387	0.2679571211338043	0.030948013067245483	0.025567827746272087	9.999999974752427e-07	9.999999974752427e-07	0.17497771978378296	0.009708737954497337	0.00909090880304575	0.31832000613212585	0.1568257361650467	0.04121395945549011	0.04972795397043228	0.010204081423580647	0.007700018584728241	0.19181180000305176	9.999999974752427e-07	0.011036910116672516	0.022488445043563843	0.016806723549962044	9.999999974752427e-07	0.009615384973585606	1.622538547962904e-09	1.622538547962904e-09	-2.4010660126805305e-10	1.622538547962904e-09	9.999999974752427e-07	1.622538547962904e-09	0.009803921915590763	1.622538547962904e-09	1.622538547962904e-09	8.000001798791345e-07	9.999999974752427e-07	0.3545213043689728	0.02059110254049301	0.010625112801790237	0.21123084425926208	0.02664199471473694	0.0061219222843647	9.999999974752427e-07	0.3018166422843933	0.006626579910516739	0.02059112675487995	0.3018166720867157	0.01864650845527649	-1.3278622645884752e-08	1.622538547962904e-09	0.1669045239686966	0.015181045979261398	9.999999974752427e-07	1.622538547962904e-09	1.622538547962904e-09	0.010238776914775372	1.622538547962904e-09	0.14026254415512085	0.2112308144569397	-1.3278622645884752e-08	1.622538547962904e-09	0.14026251435279846	0.024768419563770294	1.622538547962904e-09	1.622538547962904e-09	0.2112308144569397	-1.3278622645884752e-08	0.011363636702299118	6.912159733474255e-10	0.23242251574993134	-1.3278622645884752e-08	0.006100691854953766	0.29567739367485046	-1.3278622645884752e-08	-1.3278622645884752e-08	1.622538547962904e-09	0.09294700622558594	1.622538547962904e-09	0.06100182235240936	0.01366463303565979	1.622538547962904e-09	0.007563948631286621	0.011995955370366573	0.0061219483613967896	0.030612245202064514	0.00662657618522644	9.073119144886732e-09	-2.4010660126805305e-10	-1.3278622645884752e-08	-1.3278622645884752e-08	-1.3278622645884752e-08	9.999999974752427e-07	0.027936100959777832	0.010625114664435387	0.027522936463356018	0.007871739566326141	9.999999974752427e-07	1.622538547962904e-09	0.006626579910516739	0.14026251435279846	0.010101010091602802	0.09294699132442474	0.14026251435279846	0.29567742347717285	0.21123076975345612	-1.3278622645884752e-08	0.013964534737169743	0.011995954439043999	0.0061219483613967896	0.10661163181066513	1.622538547962904e-09	0.02664199471473694	0.2191026210784912	0.06100183725357056	1.622538547962904e-09	0.013319892808794975	0.0061219483613967896	1.622538547962904e-09	0.10661161690950394	9.999999974752427e-07	-1.3278622645884752e-08	1.622538547962904e-09	1.622538547962904e-09	-2.4010660126805305e-10	1.622538547962904e-09	9.999999974752427e-07	1.622538547962904e-09	0.015181045979261398	1.622538547962904e-09	6.912159733474255e-10	0.010238775983452797	0.007871739566326141	0.006139293313026428	1.622538547962904e-09	1.622538547962904e-09	1.622538547962904e-09	0.36081427335739136	0.07295437157154083	0.008505983278155327	0.2816368341445923	0.009365733712911606	0.026101619005203247	-1.3278622645884752e-08	0.3097529113292694	8.000001798791345e-07	0.07295437157154083	0.3097529113292694	-1.3278622645884752e-08	2.255546860396862e-10	-5.828042048960924e-09	0.22092559933662415	0.024959877133369446	-1.3278622645884752e-08	1.622538547962904e-09	1.622538547962904e-09	-1.3278622645884752e-08	9.999999974752427e-07	0.21155986189842224	0.22092559933662415	2.255546860396862e-10	0.00917431153357029	0.1840570569038391	0.026101604104042053	1.622538547962904e-09	-5.828042048960924e-09	0.22092559933662415	1.622538547962904e-09	-1.3278622645884752e-08	0.008564604446291924	0.2986621558666229	1.622538547962904e-09	9.999999974752427e-07	0.2986621558666229	2.255546860396862e-10	2.255546860396862e-10	1.622538547962904e-09	0.1273503601551056	-5.828042048960924e-09	0.08163265138864517	0.01516491174697876	0.008196720853447914	9.999999974752427e-07	-2.4010660126805305e-10	0.026101619005203247	0.07547169923782349	1.3999997463542968e-06	0.015599853359162807	0.01042632944881916	0.009330726228654385	0.018172089010477066	1.622538547962904e-09	1.622538547962904e-09	0.024959877133369446	0.028257330879569054	9.999999974752427e-07	0.008460652083158493	-1.3278622645884752e-08	9.999999974752427e-07	8.000001798791345e-07	0.14251525700092316	0.009365729987621307	0.1273503601551056	0.14251527190208435	0.2986621558666229	0.2816368341445923	0.00933072715997696	0.05747126415371895	-2.4010660126805305e-10	9.999999974752427e-07	0.14251521229743958	6.000000212225132e-07	0.009365737438201904	0.29009753465652466	0.1273503601551056	0.04308461770415306	-2.4010660126805305e-10	0.009282229468226433	1.622538547962904e-09	0.14251525700092316	9.999999974752427e-07	2.255546860396862e-10	0.027484744787216187	0.017241379246115685	0.009325018152594566	-5.828042048960924e-09	-1.3278622645884752e-08	0.015599831938743591	0.02495986968278885	-2.4010660126805305e-10	9.999999974752427e-07	-1.3278622645884752e-08	0.008460652083158493	0.011090751737356186	1.622538547962904e-09	9.999999974752427e-07	0.016819393262267113
21	-15547.466796875	-1	9	57	76	75	26	89	10	62	48	0	26	84	41	29	91	66	5	0	11	24	14	68	37	85	21	0	0	50	22	3	66	33	67	21	43	7	69	12	0	65	50	77	73	24	43	79	5	42	1	78	57	69	21	34	56	0	70	42	76	31	43	49	25	4	73	63	36	3	21	1	46	80	82	49	14	33	40	77	33	47	9	66	48	69	78	85	57	13	11	50	56	7	32	19	59	7	0	21	47	0.5437127351760864	0.08644906431436539	0.010285336524248123	0.4145510792732239	0.012830324470996857	0.010498285293579102	0.010526316240429878	0.4251324534416199	9.999999974752427e-07	0.08644905686378479	0.4415539503097534	0.0655471533536911	9.999999974752427e-07	9.999999974752427e-07	0.4095746576786041	9.999999974752427e-07	0.005317971110343933	1.622538547962904e-09	1.622538547962904e-09	9.999999974752427e-07	0.02298850566148758	0.39674434065818787	0.4095746874809265	9.999999974752427e-07	0.03314200043678284	0.2897196114063263	0.0760454535484314	1.622538547962904e-09	9.999999974752427e-07	0.4095746576786041	0.004976436495780945	1.622538547962904e-09	1.622538547962904e-09	0.4145510196685791	0.03333333507180214	-1.3278622645884752e-08	0.4251324236392975	9.999999974752427e-07	9.999999974752427e-07	1.622538547962904e-09	0.22580645978450775	0.012048192322254181	0.1361638456583023	-1.3278622645884752e-08	9.999999974752427e-07	-1.3278622645884752e-08	1.622538547962904e-09	0.010498294606804848	0.1361638605594635	0.030567780137062073	0.02411612868309021	1.622538547962904e-09	0.008196720853447914	0.010869565419852734	9.999999974752427e-07	0.010526316240429878	0.026113346219062805	0.019338728860020638	-2.4010660126805305e-10	-1.3278622645884752e-08	1.622538547962904e-09	-1.3278622645884752e-08	0.030567795038223267	0.2705919146537781	9.999999974752427e-07	0.26527389883995056	0.2705919146537781	0.4251324236392975	0.4095746874809265	0.030927833169698715	0.05588129162788391	1.622538547962904e-09	0.0104982890188694	0.2652738690376282	-1.3278622645884752e-08	0.012830324470996857	0.41455110907554626	0.22250455617904663	0.08634074777364731	1.622538547962904e-09	0.01049829088151455	1.622538547962904e-09	0.26527389883995056	0.036036036908626556	0.009900989942252636	0.062224678695201874	0.029082641005516052	0.009053405374288559	9.999999974752427e-07	0.012195121496915817	9.999999974752427e-07	0.008547008968889713	-1.3278622645884752e-08	1.622538547962904e-09	9.999999974752427e-07	-1.3278622645884752e-08	-1.3278622645884752e-08	1.622538547962904e-09	9.999999974752427e-07	1.622538547962904e-09	0.4231007397174835	0.04496558755636215	0.010405869223177433	0.2722354531288147	0.010044899769127369	0.021052632480859756	9.999999974752427e-07	0.31625208258628845	0.018691588193178177	0.05226296931505203	0.31625211238861084	0.01785714365541935	0.010989011265337467	1.622538547962904e-09	0.2722354531288147	9.999999974752427e-07	1.622538547962904e-09	0.019417475908994675	1.622538547962904e-09	9.999999974752427e-07	6.666664376098197e-07	0.2291666716337204	0.2722354531288147	9.999999974752427e-07	1.3333333299669903e-06	0.1819043606519699	0.09699182957410812	1.622538547962904e-09	0.0078512541949749	0.2722354531288147	1.622538547962904e-09	1.622538547962904e-09	0.010638297535479069	0.31625205278396606	9.999999974752427e-07	-7.275957614183426e-12	0.31625205278396606	0.010526316240429878	0.009009009227156639	1.622538547962904e-09	0.10256187617778778	1.622538547962904e-09	0.0606570690870285	0.008510754443705082	6.666664376098197e-07	-7.275957614183426e-12	9.999999974752427e-07	1.3999997463542968e-06	0.05226297304034233	0.034559715539216995	0.022432174533605576	2.255546860396862e-10	9.999999974752427e-07	9.999999974752427e-07	9.999999974752427e-07	0.008264463394880295	0.009856700897216797	0.010405868291854858	0.008394084870815277	1.622538547962904e-09	1.622538547962904e-09	0.008510754443705082	0.034559715539216995	0.18190431594848633	0.010044899769127369	0.11764705926179886	0.18190434575080872	0.31625205278396606	0.2722354531288147	0.042105261236429214	0.010405870154500008	9.999999974752427e-07	8.000001798791345e-07	0.18190434575080872	1.622538547962904e-09	0.010044898837804794	0.2722354531288147	0.10256189107894897	0.04190482199192047	9.999999974752427e-07	8.000001798791345e-07	0.00729738175868988	0.18190434575080872	1.622538547962904e-09	0.016949152573943138	0.01947261206805706	9.999999974752427e-07	2.255546860396862e-10	1.622538547962904e-09	0.011627906933426857	0.014580924063920975	9.999999974752427e-07	1.622538547962904e-09	9.999999974752427e-07	9.999999974752427e-07	1.622538547962904e-09	1.622538547962904e-09	1.622538547962904e-09	9.999999974752427e-07	6.000000212225132e-07	0.449466347694397	0.08000115305185318	9.999999974752427e-07	0.3330483138561249	-1.3278622645884752e-08	0.034832462668418884	9.999999974752427e-07	0.38626334071159363	0.009220771491527557	0.08756303787231445	0.38626334071159363	0.013322059065103531	-1.3278622645884752e-08	9.999999974752427e-07	0.294791579246521	9.999999974752427e-07	0.029411764815449715	9.999999974752427e-07	-1.3278622645884752e-08	0.008118398487567902	0.010526316240429878	0.294791579246521	0.294791579246521	-1.3278622645884752e-08	0.01075268816202879	0.2947915196418762	0.048154592514038086	-1.3278622645884752e-08	0.02777777798473835	0.294791579246521	0.019186586141586304	9.999999974752427e-07	0.008000478148460388	0.38626328110694885	-1.3278622645884752e-08	1.622538547962904e-09	0.38626331090927124	-1.3278622645884752e-08	-1.3278622645884752e-08	-1.3278622645884752e-08	0.1528805047273636	9.999999974752427e-07	0.08756301552057266	0.009048528037965298	9.999999974752427e-07	1.622538547962904e-09	0.009130999445915222	0.02860131859779358	0.08756303787231445	0.009220770560204983	0.04123711213469505	9.999999974752427e-07	-1.3278622645884752e-08	-1.3278622645884752e-08	-1.3278622645884752e-08	0.008003763854503632	0.01504833996295929	0.029999999329447746	1.622538547962904e-09	0.00909090880304575	9.999999974752427e-07	0.009048528969287872	0.009220771491527557	0.2947915196418762	-1.3278622645884752e-08	0.15288051962852478	0.2499999850988388	0.386263370513916	0.31386175751686096	-1.3278622645884752e-08	0.032608695328235626	0.009131006896495819	9.999999974752427e-07	0.16192904114723206	-2.4010660126805305e-10	-1.3278622645884752e-08	0.36913183331489563	0.1528804898262024	0.06531748175621033	0.009130977094173431	0.028601333498954773	0.00756189227104187	0.16814157366752625	1.622538547962904e-09	-1.3278622645884752e-08	0.021052632480859756	0.009900989942252636	0.027272727340459824	9.999999974752427e-07	0.005203664302825928	0.008620689623057842	0.007044591009616852	-1.3278622645884752e-08	0.008000478148460388	0.008118398487567902	9.999999974752427e-07	-1.3278622645884752e-08	-1.3278622645884752e-08	-1.3278622645884752e-08	1.622538547962904e-09	0.4417252540588379	0.024390242993831635	9.999999974752427e-07	0.30527329444885254	0.010416666977107525	0.014637134969234467	9.999999974752427e-07	0.3760969042778015	9.999999974752427e-07	0.04878048598766327	0.3760969340801239	0.050991326570510864	9.999999974752427e-07	0.008882244117558002	0.30527329444885254	1.622538547962904e-09	1.622538547962904e-09	1.622538547962904e-09	1.622538547962904e-09	0.030414387583732605	0.012048192322254181	0.29318323731422424	0.30527329444885254	9.999999974752427e-07	0.017391303554177284	0.2670987844467163	0.06562845408916473	1.622538547962904e-09	0.010416666977107525	0.30527329444885254	1.622538547962904e-09	1.622538547962904e-09	1.622538547962904e-09	0.3052733540534973	1.622538547962904e-09	0.010526316240429878	0.3760969042778015	9.999999974752427e-07	9.999999974752427e-07	1.622538547962904e-09	0.14387741684913635	0.025641024112701416	0.07431011646986008	0.032608695328235626	9.999999974752427e-07	0.009615384973585606	1.622538547962904e-09	0.014637134969234467	0.07431010156869888	0.010309278033673763	0.04452749714255333	0.009433962404727936	9.999999974752427e-07	1.622538547962904e-09	1.622538547962904e-09	1.622538547962904e-09	1.622538547962904e-09	0.009569531306624413	1.622538547962904e-09	1.622538547962904e-09	1.622538547962904e-09	0.01123595517128706	9.999999974752427e-07	0.20471768081188202	9.999999974752427e-07	0.14387744665145874	0.2047176957130432	0.3052733540534973	0.30527329444885254	0.026084452867507935	0.009569531306624413	1.622538547962904e-09	0.010101010091602802	0.204717755317688	0.010204081423580647	0.010989011265337467	0.3052733242511749	0.14387741684913635	0.06956726312637329	1.622538547962904e-09	0.01463712751865387	9.999999974752427e-07	0.20471777021884918	0.009803921915590763	9.999999974752427e-07	0.02503982186317444	9.999999974752427e-07	9.999999974752427e-07	0.008882243186235428	0.02057693898677826	9.999999974752427e-07	1.622538547962904e-09	1.622538547962904e-09	1.622538547962904e-09	9.999999974752427e-07	1.622538547962904e-09	1.622538547962904e-09	1.622538547962904e-09	1.622538547962904e-09	1.622538547962904e-09	0.3537144362926483	0.026411600410938263	4.2857209336943924e-07	0.20192483067512512	1.622538547962904e-09	0.027027027681469917	-7.275957614183426e-12	0.28152182698249817	1.622538547962904e-09	0.026411622762680054	0.2815217971801758	0.010256588459014893	9.999999974752427e-07	1.622538547962904e-09	0.20192474126815796	9.999999974752427e-07	1.622538547962904e-09	9.999999974752427e-07	1.622538547962904e-09	0.010256589390337467	1.622538547962904e-09	0.20192471146583557	0.20192474126815796	1.622538547962904e-09	1.622538547962904e-09	0.16246558725833893	0.05873368680477142	1.622538547962904e-09	0.027633339166641235	0.20192474126815796	-1.3278622645884752e-08	1.622538547962904e-09	-1.3278622645884752e-08	0.20192481577396393	0.008206699043512344	9.999999974752427e-07	0.2740027606487274	1.622538547962904e-09	9.999999974752427e-07	1.622538547962904e-09	0.05703481286764145	1.622538547962904e-09	0.02641153335571289	0.03179077059030533	1.622538547962904e-09	9.999999974752427e-07	-1.3278622645884752e-08	0.009401541203260422	0.026411622762680054	0.009916093200445175	0.027633339166641235	4.2857209336943924e-07	1.622538547962904e-09	0.01344560831785202	0.008206699043512344	9.999999974752427e-07	0.013458997011184692	1.2857158253609668e-06	-1.3278622645884752e-08	-1.3278622645884752e-08	1.622538547962904e-09	9.999999974752427e-07	1.622538547962904e-09	0.16246560215950012	1.622538547962904e-09	0.05703481659293175	0.10570608824491501	0.2626262605190277	0.20192481577396393	0.017806850373744965	1.2857121873821598e-06	-1.3278622645884752e-08	9.999999974752427e-07	0.08882559835910797	0.009916089475154877	1.622538547962904e-09	0.20192480087280273	0.05404491350054741	0.027633339166641235	-1.3278622645884752e-08	0.009401543065905571	1.622538547962904e-09	0.1057060956954956	-1.3278622645884752e-08	0.01780685782432556	1.622538547962904e-09	1.622538547962904e-09	4.2857209336943924e-07	1.622538547962904e-09	-7.275957614183426e-12	1.622538547962904e-09	9.999999974752427e-07	1.622538547962904e-09	-1.3278622645884752e-08	9.999999974752427e-07	-1.3278622645884752e-08	0.007519073784351349	1.622538547962904e-09	1.622538547962904e-09	2.255546860396862e-10	0.5330701470375061	0.005072489380836487	5.000001692678779e-07	0.3791336119174957	0.01513708382844925	0.045717887580394745	9.999999974752427e-07	0.4731714725494385	1.622538547962904e-09	0.08930285274982452	0.4731714725494385	0.014180608093738556	0.010177051648497581	9.999999974752427e-07	0.283880352973938	-1.3278622645884752e-08	1.622538547962904e-09	0.009429065510630608	-1.3278622645884752e-08	0.007485575973987579	9.999999974752427e-07	0.2687433362007141	0.3461630940437317	0.011049933731555939	0.012431889772415161	0.21618443727493286	0.059898510575294495	-1.3278622645884752e-08	1.622538547962904e-09	0.28388041257858276	0.030927835032343864	0.04472164064645767	-1.3278622645884752e-08	0.39345014095306396	1.622538547962904e-09	-1.3278622645884752e-08	0.39345017075538635	0.011049933731555939	0.010177051648497581	-1.3278622645884752e-08	0.16346153616905212	0.04000958055257797	0.08930287510156631	-1.3278622645884752e-08	0.010416666977107525	-1.3278622645884752e-08	0.014316439628601074	0.03628882020711899	0.08930285274982452	1.622538547962904e-09	0.0478060245513916	5.000001692678779e-07	0.028037382289767265	1.622538547962904e-09	1.622538547962904e-09	-1.3278622645884752e-08	-1.3278622645884752e-08	1.5000005078036338e-06	1.622538547962904e-09	-1.3278622645884752e-08	9.999999974752427e-07	-1.3278622645884752e-08	1.622538547962904e-09	0.21618439257144928	0.01513708382844925	0.171462744474411	0.21618437767028809	0.3934501111507416	0.3461630940437317	0.052558764815330505	0.005072489380836487	9.999999974752427e-07	0.02286946028470993	0.171462744474411	1.622538547962904e-09	0.01513708382844925	0.3791336119174957	0.1495407670736313	0.06023794412612915	0.014316447079181671	0.02286946028470993	0.008695651777088642	0.171462744474411	1.622538547962904e-09	0.010177051648497581	0.012431896291673183	1.622538547962904e-09	5.000001692678779e-07	9.999999974752427e-07	0.00669502466917038	0.007796458899974823	-1.3278622645884752e-08	0.030927835032343864	-1.3278622645884752e-08	0.007485575973987579	-1.3278622645884752e-08	0.02777777798473835	-1.3278622645884752e-08	1.622538547962904e-09	0.008695651777088642	0.36692190170288086	0.04854368790984154	5.000001692678779e-07	0.19233904778957367	1.622538547962904e-09	0.02117866277694702	0.019078675657510757	0.26595747470855713	9.999999974752427e-07	0.0752153992652893	0.29844409227371216	0.01907867193222046	9.999999974752427e-07	0.010416666977107525	0.19233912229537964	0.010324249044060707	0.007624350488185883	1.622538547962904e-09	1.622538547962904e-09	1.622538547962904e-09	9.999999974752427e-07	0.19233912229537964	0.19233912229537964	1.622538547962904e-09	0.026356376707553864	0.1634756177663803	0.04025733470916748	1.622538547962904e-09	1.622538547962904e-09	0.19233912229537964	1.622538547962904e-09	0.015332013368606567	0.0117647061124444	0.24910283088684082	0.01778503879904747	-1.3278622645884752e-08	0.24910281598567963	1.622538547962904e-09	9.999999974752427e-07	1.622538547962904e-09	0.1170303225517273	0.015458554029464722	0.0752154290676117	-1.3278622645884752e-08	0.00909090880304575	-1.3278622645884752e-08	0.009573204442858696	0.02117866650223732	0.0752154216170311	0.018691588193178177	0.015458546578884125	5.000001692678779e-07	0.005539201200008392	1.622538547962904e-09	0.01778503879904747	9.999999974752427e-07	0.028220489621162415	1.5000005078036338e-06	1.622538547962904e-09	9.999999974752427e-07	9.999999974752427e-07	-1.3278622645884752e-08	9.999999974752427e-07	0.16347555816173553	1.622538547962904e-09	0.14051920175552368	0.16347560286521912	0.24910284578800201	0.19233903288841248	0.011078380048274994	0.010101010091602802	0.009573204442858696	0.009177442640066147	0.1405191868543625	0.008695651777088642	1.622538547962904e-09	0.2222222536802292	0.11703035235404968	0.04181492328643799	0.011904762126505375	0.009177440777420998	0.010869565419852734	0.14051920175552368	-1.3278622645884752e-08	0.005539201200008392	0.026356376707553864	1.622538547962904e-09	5.000001692678779e-07	0.009999999776482582	0.019078673794865608	1.622538547962904e-09	0.010324249044060707	9.999999974752427e-07	9.999999974752427e-07	1.622538547962904e-09	9.999999974752427e-07	9.999999974752427e-07	1.622538547962904e-09	1.622538547962904e-09	0.012001216411590576	0.43699371814727783	0.05826278030872345	9.999999974752427e-07	0.2679571509361267	9.999999974752427e-07	0.04900255799293518	1.622538547962904e-09	0.3783048987388611	0.009493403136730194	0.06596280634403229	0.3783048987388611	1.622538547962904e-09	9.999999974752427e-07	0.01123595517128706	0.2679571211338043	-2.4010660126805305e-10	1.622538547962904e-09	-1.3278622645884752e-08	1.622538547962904e-09	1.622538547962904e-09	6.666664376098197e-07	0.25453197956085205	0.2679571211338043	0.010989011265337467	1.3333333299669903e-06	0.20756608247756958	0.049002550542354584	1.622538547962904e-09	0.005720056593418121	0.2679571211338043	1.622538547962904e-09	0.015754282474517822	0.010256916284561157	0.37830477952957153	0.01601795107126236	-2.4010660126805305e-10	0.3783048093318939	0.019911110401153564	9.999999974752427e-07	1.622538547962904e-09	0.1568257212638855	0.013005435466766357	0.11561180651187897	0.01815195381641388	6.666664376098197e-07	0.01815195381641388	0.010526316240429878	0.049002498388290405	0.06741572916507721	0.03269492834806442	0.018725495785474777	0.00909090880304575	-2.4010660126805305e-10	1.622538547962904e-09	0.00917431153357029	0.00968625582754612	0.00968625396490097	0.025567827746272087	9.999999974752427e-07	0.043478261679410934	0.01575428619980812	-2.4010660126805305e-10	0.009493403136730194	0.20756608247756958	9.999999974752427e-07	0.15682576596736908	0.20756608247756958	0.3783048093318939	0.26795709133148193	0.03094802051782608	0.025567827746272087	9.999999974752427e-07	9.999999974752427e-07	0.17497771978378296	0.009708737954497337	0.00909090880304575	0.3183199465274811	0.1568257361650467	0.04121395945549011	0.049727946519851685	0.010204081423580647	0.007700018584728241	0.19181182980537415	9.999999974752427e-07	0.011036917567253113	0.022488445043563843	0.016806723549962044	9.999999974752427e-07	0.009615384973585606	1.622538547962904e-09	1.622538547962904e-09	-2.4010660126805305e-10	1.622538547962904e-09	9.999999974752427e-07	1.622538547962904e-09	0.009803921915590763	1.622538547962904e-09	1.622538547962904e-09	1.622538547962904e-09	9.999999974752427e-07	0.35452133417129517	0.02059110254049301	0.010625112801790237	0.2112308293581009	0.02664196863770485	0.006121918559074402	9.999999974752427e-07	0.3018167018890381	0.006626579910516739	0.02059112675487995	0.3018167018890381	0.01864650845527649	-1.3278622645884752e-08	1.622538547962904e-09	0.16690456867218018	0.015181045979261398	9.999999974752427e-07	1.622538547962904e-09	1.622538547962904e-09	0.010238776914775372	1.622538547962904e-09	0.1402624249458313	0.21123084425926208	-1.3278622645884752e-08	1.622538547962904e-09	0.14026254415512085	0.02476842701435089	1.622538547962904e-09	1.622538547962904e-09	0.21123087406158447	-1.3278622645884752e-08	0.011363636702299118	6.912159733474255e-10	0.23242247104644775	-1.3278622645884752e-08	0.006100691854953766	0.29567742347717285	-1.3278622645884752e-08	-1.3278622645884752e-08	1.622538547962904e-09	0.09294700622558594	1.622538547962904e-09	0.06100180745124817	0.01366463303565979	1.622538547962904e-09	0.007563948631286621	0.011995955370366573	0.0061219483613967896	0.030612245202064514	0.00662657618522644	9.073119144886732e-09	-2.4010660126805305e-10	-1.3278622645884752e-08	-1.3278622645884752e-08	-1.3278622645884752e-08	9.999999974752427e-07	0.027936086058616638	0.010625114664435387	0.027522936463356018	0.007871784269809723	9.999999974752427e-07	1.622538547962904e-09	0.006626579910516739	0.14026254415512085	0.010101010091602802	0.09294699132442474	0.14026254415512085	0.29567742347717285	0.21123076975345612	-1.3278622645884752e-08	0.013964534737169743	0.011995954439043999	0.0061219483613967896	0.10661163181066513	1.622538547962904e-09	0.02664196863770485	0.21910256147384644	0.061001840978860855	1.622538547962904e-09	0.013319917023181915	0.0061219558119773865	1.622538547962904e-09	0.10661161690950394	9.999999974752427e-07	-1.3278622645884752e-08	1.622538547962904e-09	1.622538547962904e-09	-2.4010660126805305e-10	1.622538547962904e-09	9.999999974752427e-07	1.622538547962904e-09	0.015181045979261398	1.622538547962904e-09	6.912159733474255e-10	0.010238775983452797	0.007871784269809723	0.006139293313026428	1.622538547962904e-09	-1.3278622645884752e-08	1.622538547962904e-09	0.3608143925666809	0.07295437157154083	0.008505983278155327	0.2816368341445923	0.009365741163492203	0.02610155940055847	-1.3278622645884752e-08	0.30975282192230225	8.000001798791345e-07	0.07295437157154083	0.30975282192230225	-1.3278622645884752e-08	2.255546860396862e-10	-5.828042048960924e-09	0.22092556953430176	0.02495981752872467	-1.3278622645884752e-08	1.622538547962904e-09	1.622538547962904e-09	-1.3278622645884752e-08	9.999999974752427e-07	0.21155986189842224	0.22092559933662415	2.255546860396862e-10	0.00917431153357029	0.1840570718050003	0.026101574301719666	1.622538547962904e-09	-5.828042048960924e-09	0.22092556953430176	1.622538547962904e-09	-1.3278622645884752e-08	0.008564593270421028	0.29866209626197815	1.622538547962904e-09	9.999999974752427e-07	0.29866209626197815	2.255546860396862e-10	2.255546860396862e-10	1.622538547962904e-09	0.1273503601551056	-5.828042048960924e-09	0.08163265138864517	0.01516491174697876	0.008196720853447914	9.999999974752427e-07	-2.4010660126805305e-10	0.026101574301719666	0.07547169923782349	1.3999997463542968e-06	0.015599853359162807	0.01042632944881916	0.00933073740452528	0.01817210391163826	1.622538547962904e-09	1.622538547962904e-09	0.02495981752872467	0.028257330879569054	9.999999974752427e-07	0.008460655808448792	-1.3278622645884752e-08	9.999999974752427e-07	8.000001798791345e-07	0.14251525700092316	0.009365737438201904	0.1273503601551056	0.14251527190208435	0.29866209626197815	0.2816368341445923	0.009330738335847855	0.05747126415371895	-2.4010660126805305e-10	9.999999974752427e-07	0.14251521229743958	6.000000212225132e-07	0.009365737438201904	0.2900974750518799	0.1273503601551056	0.04308461770415306	-2.4010660126805305e-10	0.009282203391194344	1.622538547962904e-09	0.14251525700092316	9.999999974752427e-07	2.255546860396862e-10	0.027484744787216187	0.017241379246115685	0.009325018152594566	-5.828042048960924e-09	-1.3278622645884752e-08	0.015599831938743591	0.024959810078144073	-2.4010660126805305e-10	9.999999974752427e-07	-1.3278622645884752e-08	0.008460652083158493	0.011090705171227455	1.622538547962904e-09	1.622538547962904e-09	0.016819367185235023
22	-15547.466796875	-1	9	57	76	75	26	89	10	62	48	0	26	84	41	29	91	66	5	0	11	24	14	68	37	85	21	0	0	50	22	3	66	33	67	21	43	7	69	12	0	65	50	77	73	24	43	79	5	42	1	78	57	69	21	34	56	0	70	42	76	31	43	49	25	4	73	63	36	3	21	1	46	80	82	49	14	33	40	77	33	47	9	66	48	69	78	85	57	13	11	50	56	7	32	19	59	7	0	22	47	0.5437127351760864	0.08644906431436539	0.010285336524248123	0.4145510792732239	0.012830331921577454	0.010498285293579102	0.010526316240429878	0.4251324534416199	9.999999974752427e-07	0.08644905686378479	0.44155389070510864	0.0655471533536911	9.999999974752427e-07	9.999999974752427e-07	0.40957462787628174	9.999999974752427e-07	0.005317971110343933	1.622538547962904e-09	1.622538547962904e-09	9.999999974752427e-07	0.02298850566148758	0.39674434065818787	0.4095746576786041	9.999999974752427e-07	0.03314200043678284	0.2897196114063263	0.07604540139436722	1.622538547962904e-09	9.999999974752427e-07	0.40957462787628174	0.004976481199264526	1.622538547962904e-09	1.622538547962904e-09	0.4145510196685791	0.03333333507180214	-1.3278622645884752e-08	0.4251324236392975	9.999999974752427e-07	9.999999974752427e-07	1.622538547962904e-09	0.22580645978450775	0.012048192322254181	0.1361638456583023	-1.3278622645884752e-08	9.999999974752427e-07	-1.3278622645884752e-08	1.622538547962904e-09	0.01049829088151455	0.1361638605594635	0.030567780137062073	0.02411612868309021	1.622538547962904e-09	0.008196720853447914	0.010869565419852734	9.999999974752427e-07	0.010526316240429878	0.02611328661441803	0.019338728860020638	-2.4010660126805305e-10	-1.3278622645884752e-08	1.622538547962904e-09	-1.3278622645884752e-08	0.030567795038223267	0.2705919146537781	9.999999974752427e-07	0.26527389883995056	0.2705919146537781	0.4251324236392975	0.40957462787628174	0.030927833169698715	0.05588129162788391	1.622538547962904e-09	0.010498292744159698	0.2652738690376282	-1.3278622645884752e-08	0.012830328196287155	0.4145510792732239	0.22250455617904663	0.08634074777364731	1.622538547962904e-09	0.010498294606804848	1.622538547962904e-09	0.26527389883995056	0.036036036908626556	0.009900989942252636	0.062224678695201874	0.029082641005516052	0.009053405374288559	9.999999974752427e-07	0.012195121496915817	9.999999974752427e-07	0.008547008968889713	-1.3278622645884752e-08	1.622538547962904e-09	9.999999974752427e-07	-1.3278622645884752e-08	-1.3278622645884752e-08	1.622538547962904e-09	1.622538547962904e-09	1.622538547962904e-09	0.4231007397174835	0.04496558755636215	0.010405869223177433	0.2722354829311371	0.010044899769127369	0.021052632480859756	9.999999974752427e-07	0.31625208258628845	0.018691588193178177	0.05226296931505203	0.31625211238861084	0.01785714365541935	0.010989011265337467	1.622538547962904e-09	0.2722354531288147	9.999999974752427e-07	1.622538547962904e-09	0.019417475908994675	1.622538547962904e-09	9.999999974752427e-07	6.666664376098197e-07	0.2291666716337204	0.2722354531288147	9.999999974752427e-07	1.3333333299669903e-06	0.1819043606519699	0.09699182957410812	1.622538547962904e-09	0.0078512541949749	0.2722354531288147	1.622538547962904e-09	1.622538547962904e-09	0.010638297535479069	0.31625205278396606	9.999999974752427e-07	-7.275957614183426e-12	0.31625205278396606	0.010526316240429878	0.009009009227156639	1.622538547962904e-09	0.10256187617778778	1.622538547962904e-09	0.0606570690870285	0.008510754443705082	6.666664376098197e-07	-7.275957614183426e-12	9.999999974752427e-07	1.3999997463542968e-06	0.05226297304034233	0.034559715539216995	0.022432174533605576	2.255546860396862e-10	9.999999974752427e-07	9.999999974752427e-07	9.999999974752427e-07	0.008264463394880295	0.009856700897216797	0.010405868291854858	0.008394084870815277	1.622538547962904e-09	1.622538547962904e-09	0.008510754443705082	0.034559715539216995	0.18190431594848633	0.010044899769127369	0.11764705926179886	0.18190434575080872	0.31625205278396606	0.2722354531288147	0.042105261236429214	0.010405870154500008	9.999999974752427e-07	8.000001798791345e-07	0.18190434575080872	1.622538547962904e-09	0.010044898837804794	0.2722354531288147	0.10256189107894897	0.04190482199192047	9.999999974752427e-07	8.000001798791345e-07	0.00729738175868988	0.18190434575080872	1.622538547962904e-09	0.016949152573943138	0.01947261206805706	9.999999974752427e-07	2.255546860396862e-10	1.622538547962904e-09	0.011627906933426857	0.014580924063920975	9.999999974752427e-07	1.622538547962904e-09	9.999999974752427e-07	9.999999974752427e-07	1.622538547962904e-09	1.622538547962904e-09	1.622538547962904e-09	1.622538547962904e-09	6.000000212225132e-07	0.4494662880897522	0.08000115305185318	9.999999974752427e-07	0.3330483138561249	-1.3278622645884752e-08	0.03483249247074127	9.999999974752427e-07	0.386263370513916	0.009220771491527557	0.08756303787231445	0.38626334071159363	0.013322077691555023	-1.3278622645884752e-08	9.999999974752427e-07	0.2947915494441986	9.999999974752427e-07	0.029411764815449715	9.999999974752427e-07	-1.3278622645884752e-08	0.008118398487567902	0.010526316240429878	0.2947915494441986	0.2947915494441986	-1.3278622645884752e-08	0.01075268816202879	0.2947915196418762	0.04815460741519928	-1.3278622645884752e-08	0.02777777798473835	0.2947915494441986	0.019186578691005707	9.999999974752427e-07	0.008000463247299194	0.38626325130462646	-1.3278622645884752e-08	1.622538547962904e-09	0.38626331090927124	-1.3278622645884752e-08	-1.3278622645884752e-08	-1.3278622645884752e-08	0.1528805047273636	9.999999974752427e-07	0.08756301552057266	0.009048528037965298	9.999999974752427e-07	1.622538547962904e-09	0.009130984544754028	0.02860131859779358	0.08756303787231445	0.009220770560204983	0.04123711213469505	9.999999974752427e-07	-1.3278622645884752e-08	-1.3278622645884752e-08	-1.3278622645884752e-08	0.008003763854503632	0.015048369765281677	0.029999999329447746	1.622538547962904e-09	0.00909090880304575	9.999999974752427e-07	0.009048528969287872	0.009220771491527557	0.2947915196418762	-1.3278622645884752e-08	0.15288051962852478	0.2499999850988388	0.38626334071159363	0.31386175751686096	-1.3278622645884752e-08	0.032608695328235626	0.009130991995334625	9.999999974752427e-07	0.16192904114723206	-2.4010660126805305e-10	-1.3278622645884752e-08	0.36913180351257324	0.1528804898262024	0.06531748175621033	0.009130977094173431	0.028601333498954773	0.00756189227104187	0.16814157366752625	1.622538547962904e-09	-1.3278622645884752e-08	0.021052632480859756	0.009900989942252636	0.027272727340459824	9.999999974752427e-07	0.005203664302825928	0.008620689623057842	0.007044591009616852	-1.3278622645884752e-08	0.008000463247299194	0.008118398487567902	9.999999974752427e-07	-1.3278622645884752e-08	-1.3278622645884752e-08	-1.3278622645884752e-08	1.622538547962904e-09	0.4417252242565155	0.024390242993831635	9.999999974752427e-07	0.3052733242511749	0.010416666977107525	0.014637134969234467	9.999999974752427e-07	0.3760969042778015	9.999999974752427e-07	0.04878048598766327	0.3760969042778015	0.05099133402109146	9.999999974752427e-07	0.008882244117558002	0.30527329444885254	1.622538547962904e-09	1.622538547962904e-09	1.622538547962904e-09	1.622538547962904e-09	0.030414395034313202	0.012048192322254181	0.29318323731422424	0.30527326464653015	9.999999974752427e-07	0.017391303554177284	0.2670987844467163	0.06562843918800354	1.622538547962904e-09	0.010416666977107525	0.30527326464653015	1.622538547962904e-09	1.622538547962904e-09	1.622538547962904e-09	0.3052733540534973	1.622538547962904e-09	0.010526316240429878	0.3760969042778015	9.999999974752427e-07	9.999999974752427e-07	1.622538547962904e-09	0.14387741684913635	0.025641024112701416	0.07431011646986008	0.032608695328235626	9.999999974752427e-07	0.009615384973585606	1.622538547962904e-09	0.014637134969234467	0.07431010156869888	0.010309278033673763	0.04452749714255333	0.009433962404727936	9.999999974752427e-07	1.622538547962904e-09	1.622538547962904e-09	1.622538547962904e-09	1.622538547962904e-09	0.009569531306624413	1.622538547962904e-09	1.622538547962904e-09	1.622538547962904e-09	0.01123595517128706	9.999999974752427e-07	0.20471768081188202	9.999999974752427e-07	0.14387744665145874	0.2047176957130432	0.3052733540534973	0.30527326464653015	0.026084452867507935	0.009569531306624413	1.622538547962904e-09	0.010101010091602802	0.204717755317688	0.010204081423580647	0.010989011265337467	0.3052733242511749	0.14387741684913635	0.06956726312637329	1.622538547962904e-09	0.01463712751865387	9.999999974752427e-07	0.20471777021884918	0.009803921915590763	9.999999974752427e-07	0.02503982186317444	9.999999974752427e-07	9.999999974752427e-07	0.008882243186235428	0.020576931536197662	9.999999974752427e-07	1.622538547962904e-09	1.622538547962904e-09	1.622538547962904e-09	9.999999974752427e-07	1.622538547962904e-09	1.622538547962904e-09	1.622538547962904e-09	1.622538547962904e-09	1.622538547962904e-09	0.3537144362926483	0.026411600410938263	4.2857209336943924e-07	0.20192480087280273	1.622538547962904e-09	0.027027027681469917	-7.275957614183426e-12	0.28152182698249817	1.622538547962904e-09	0.026411622762680054	0.2815217971801758	0.010256588459014893	9.999999974752427e-07	1.622538547962904e-09	0.20192475616931915	9.999999974752427e-07	1.622538547962904e-09	9.999999974752427e-07	1.622538547962904e-09	0.010256589390337467	1.622538547962904e-09	0.20192474126815796	0.20192481577396393	1.622538547962904e-09	1.622538547962904e-09	0.16246561706066132	0.05873368680477142	1.622538547962904e-09	0.027633339166641235	0.20192474126815796	-1.3278622645884752e-08	1.622538547962904e-09	-1.3278622645884752e-08	0.20192481577396393	0.008206695318222046	9.999999974752427e-07	0.2740027904510498	1.622538547962904e-09	9.999999974752427e-07	1.622538547962904e-09	0.05703481286764145	1.622538547962904e-09	0.02641153335571289	0.03179077059030533	1.622538547962904e-09	9.999999974752427e-07	-1.3278622645884752e-08	0.009401541203260422	0.026411622762680054	0.009916093200445175	0.027633339166641235	4.2857209336943924e-07	1.622538547962904e-09	0.013445600867271423	0.008206695318222046	9.999999974752427e-07	0.013458997011184692	1.2857158253609668e-06	-1.3278622645884752e-08	-1.3278622645884752e-08	1.622538547962904e-09	9.999999974752427e-07	1.622538547962904e-09	0.16246560215950012	1.622538547962904e-09	0.05703481659293175	0.10570608824491501	0.2626262605190277	0.20192475616931915	0.01780684106051922	1.2857121873821598e-06	-1.3278622645884752e-08	9.999999974752427e-07	0.08882559835910797	0.009916089475154877	1.622538547962904e-09	0.20192483067512512	0.05404491350054741	0.027633339166641235	-1.3278622645884752e-08	0.009401543065905571	1.622538547962904e-09	0.1057060956954956	-1.3278622645884752e-08	0.017806850373744965	1.622538547962904e-09	1.622538547962904e-09	4.2857209336943924e-07	1.622538547962904e-09	-7.275957614183426e-12	1.622538547962904e-09	9.999999974752427e-07	1.622538547962904e-09	-1.3278622645884752e-08	9.999999974752427e-07	-1.3278622645884752e-08	0.007519088685512543	1.622538547962904e-09	-1.3278622645884752e-08	2.255546860396862e-10	0.5330700278282166	0.005072489380836487	5.000001692678779e-07	0.3791336417198181	0.015137098729610443	0.04571790248155594	9.999999974752427e-07	0.47317150235176086	1.622538547962904e-09	0.08930285274982452	0.47317150235176086	0.014180630445480347	0.010177051648497581	9.999999974752427e-07	0.283880352973938	-1.3278622645884752e-08	1.622538547962904e-09	0.009429076686501503	-1.3278622645884752e-08	0.007485575973987579	9.999999974752427e-07	0.2687433063983917	0.3461630940437317	0.011049933731555939	0.012431889772415161	0.21618443727493286	0.05989854037761688	-1.3278622645884752e-08	1.622538547962904e-09	0.2838802933692932	0.030927835032343864	0.04472166299819946	-1.3278622645884752e-08	0.39345017075538635	1.622538547962904e-09	-1.3278622645884752e-08	0.3934501111507416	0.011049933731555939	0.010177051648497581	-1.3278622645884752e-08	0.16346153616905212	0.04000958055257797	0.08930287510156631	-1.3278622645884752e-08	0.010416666977107525	-1.3278622645884752e-08	0.014316439628601074	0.03628883510828018	0.08930285274982452	1.622538547962904e-09	0.0478060245513916	5.000001692678779e-07	0.028037382289767265	1.622538547962904e-09	1.622538547962904e-09	-1.3278622645884752e-08	-1.3278622645884752e-08	1.5000005078036338e-06	1.622538547962904e-09	-1.3278622645884752e-08	9.999999974752427e-07	-1.3278622645884752e-08	1.622538547962904e-09	0.21618443727493286	0.015137098729610443	0.171462744474411	0.21618443727493286	0.39345014095306396	0.3461630940437317	0.05255882441997528	0.005072489380836487	9.999999974752427e-07	0.02286946028470993	0.1714627593755722	1.622538547962904e-09	0.01513710618019104	0.37913358211517334	0.1495407670736313	0.06023794412612915	0.014316447079181671	0.02286946028470993	0.008695651777088642	0.1714627593755722	1.622538547962904e-09	0.010177051648497581	0.012431896291673183	1.622538547962904e-09	5.000001692678779e-07	9.999999974752427e-07	0.0066950321197509766	0.007796458899974823	-1.3278622645884752e-08	0.030927835032343864	-1.3278622645884752e-08	0.007485579699277878	-1.3278622645884752e-08	0.02777777798473835	-1.3278622645884752e-08	9.999999974752427e-07	0.008695651777088642	0.3669218420982361	0.04854368790984154	5.000001692678779e-07	0.19233906269073486	1.622538547962904e-09	0.02117866277694702	0.01907866820693016	0.26595744490623474	9.999999974752427e-07	0.0752153992652893	0.29844409227371216	0.01907867193222046	9.999999974752427e-07	0.010416666977107525	0.19233904778957367	0.010324249044060707	0.00762438029050827	1.622538547962904e-09	1.622538547962904e-09	1.622538547962904e-09	9.999999974752427e-07	0.19233906269073486	0.19233904778957367	1.622538547962904e-09	0.026356376707553864	0.1634756177663803	0.040257349610328674	1.622538547962904e-09	1.622538547962904e-09	0.19233904778957367	1.622538547962904e-09	0.015332043170928955	0.0117647061124444	0.24910281598567963	0.01778506487607956	-1.3278622645884752e-08	0.24910281598567963	1.622538547962904e-09	9.999999974752427e-07	1.622538547962904e-09	0.1170303225517273	0.015458554029464722	0.0752154290676117	-1.3278622645884752e-08	0.00909090880304575	-1.3278622645884752e-08	0.009573204442858696	0.021178659051656723	0.0752154216170311	0.018691588193178177	0.015458546578884125	5.000001692678779e-07	0.005539216101169586	1.622538547962904e-09	0.01778506301343441	9.999999974752427e-07	0.028220482170581818	1.5000005078036338e-06	1.622538547962904e-09	9.999999974752427e-07	9.999999974752427e-07	-1.3278622645884752e-08	9.999999974752427e-07	0.16347558796405792	1.622538547962904e-09	0.14051923155784607	0.1634756326675415	0.24910283088684082	0.19233906269073486	0.01107841171324253	0.010101010091602802	0.009573204442858696	0.009177438914775848	0.14051921665668488	0.008695651777088642	1.622538547962904e-09	0.222222238779068	0.11703035235404968	0.04181492328643799	0.011904762126505375	0.0091774370521307	0.010869565419852734	0.1405191868543625	-1.3278622645884752e-08	0.005539216101169586	0.026356376707553864	1.622538547962904e-09	5.000001692678779e-07	0.009999999776482582	0.01907866634428501	1.622538547962904e-09	0.010324249044060707	9.999999974752427e-07	9.999999974752427e-07	1.622538547962904e-09	9.999999974752427e-07	9.999999974752427e-07	1.622538547962904e-09	-1.3278622645884752e-08	0.01200120896100998	0.43699371814727783	0.05826278030872345	9.999999974752427e-07	0.2679571211338043	9.999999974752427e-07	0.04900254309177399	1.622538547962904e-09	0.3783048689365387	0.009493403136730194	0.06596280634403229	0.3783048391342163	1.622538547962904e-09	9.999999974752427e-07	0.01123595517128706	0.2679571807384491	-2.4010660126805305e-10	1.622538547962904e-09	-1.3278622645884752e-08	1.622538547962904e-09	1.622538547962904e-09	6.666664376098197e-07	0.2545320391654968	0.2679571211338043	0.010989011265337467	1.3333333299669903e-06	0.20756608247756958	0.04900255426764488	1.622538547962904e-09	0.005720056593418121	0.2679571807384491	1.622538547962904e-09	0.01575428992509842	0.010256931185722351	0.3783048391342163	0.01601792871952057	-2.4010660126805305e-10	0.3783048689365387	0.019911106675863266	9.999999974752427e-07	1.622538547962904e-09	0.1568257212638855	0.013005435466766357	0.11561180651187897	0.01815195381641388	6.666664376098197e-07	0.01815195381641388	0.010526316240429878	0.04900252819061279	0.06741572916507721	0.03269492834806442	0.018725495785474777	0.00909090880304575	-2.4010660126805305e-10	1.622538547962904e-09	0.00917431153357029	0.009686267003417015	0.009686268866062164	0.025567827746272087	9.999999974752427e-07	0.043478261679410934	0.01575428992509842	-2.4010660126805305e-10	0.009493403136730194	0.20756609737873077	9.999999974752427e-07	0.15682576596736908	0.20756609737873077	0.3783048689365387	0.2679571211338043	0.030948013067245483	0.025567827746272087	9.999999974752427e-07	9.999999974752427e-07	0.17497771978378296	0.009708737954497337	0.00909090880304575	0.31832000613212585	0.1568257361650467	0.04121395945549011	0.04972795397043228	0.010204081423580647	0.007700018584728241	0.19181180000305176	9.999999974752427e-07	0.011036910116672516	0.022488445043563843	0.016806723549962044	9.999999974752427e-07	0.009615384973585606	1.622538547962904e-09	1.622538547962904e-09	-2.4010660126805305e-10	1.622538547962904e-09	9.999999974752427e-07	1.622538547962904e-09	0.009803921915590763	1.622538547962904e-09	1.622538547962904e-09	-1.3278622645884752e-08	9.999999974752427e-07	0.3545212745666504	0.02059110254049301	0.010625112801790237	0.21123084425926208	0.02664199471473694	0.006121926009654999	9.999999974752427e-07	0.3018166720867157	0.006626579910516739	0.02059112675487995	0.3018167018890381	0.0186464861035347	-1.3278622645884752e-08	1.622538547962904e-09	0.1669045239686966	0.015181045979261398	9.999999974752427e-07	1.622538547962904e-09	1.622538547962904e-09	0.010238776914775372	1.622538547962904e-09	0.14026254415512085	0.21123084425926208	-1.3278622645884752e-08	1.622538547962904e-09	0.14026251435279846	0.024768419563770294	1.622538547962904e-09	1.622538547962904e-09	0.21123084425926208	-1.3278622645884752e-08	0.011363636702299118	6.912159733474255e-10	0.23242247104644775	-1.3278622645884752e-08	0.006100691854953766	0.29567742347717285	-1.3278622645884752e-08	-1.3278622645884752e-08	1.622538547962904e-09	0.09294700622558594	1.622538547962904e-09	0.06100180745124817	0.01366463303565979	1.622538547962904e-09	0.007563948631286621	0.011995955370366573	0.0061219483613967896	0.030612245202064514	0.00662657618522644	9.073119144886732e-09	-2.4010660126805305e-10	-1.3278622645884752e-08	-1.3278622645884752e-08	-1.3278622645884752e-08	9.999999974752427e-07	0.027936100959777832	0.010625114664435387	0.027522936463356018	0.007871776819229126	9.999999974752427e-07	1.622538547962904e-09	0.006626579910516739	0.14026251435279846	0.010101010091602802	0.09294699132442474	0.14026251435279846	0.29567742347717285	0.21123084425926208	-1.3278622645884752e-08	0.013964534737169743	0.011995954439043999	0.006121940910816193	0.10661163181066513	1.622538547962904e-09	0.02664199471473694	0.21910254657268524	0.061001840978860855	1.622538547962904e-09	0.01331990584731102	0.006121940910816193	1.622538547962904e-09	0.10661161690950394	9.999999974752427e-07	-1.3278622645884752e-08	1.622538547962904e-09	1.622538547962904e-09	-2.4010660126805305e-10	1.622538547962904e-09	9.999999974752427e-07	1.622538547962904e-09	0.015181045979261398	1.622538547962904e-09	6.912159733474255e-10	0.010238775983452797	0.007871776819229126	0.006139278411865234	1.622538547962904e-09	-1.3278622645884752e-08	1.622538547962904e-09	0.3608143925666809	0.07295437157154083	0.008505983278155327	0.2816368341445923	0.009365733712911606	0.02610155940055847	-1.3278622645884752e-08	0.30975285172462463	8.000001798791345e-07	0.07295437157154083	0.30975285172462463	-1.3278622645884752e-08	2.255546860396862e-10	-5.828042048960924e-09	0.22092558443546295	0.02495981752872467	-1.3278622645884752e-08	1.622538547962904e-09	1.622538547962904e-09	-1.3278622645884752e-08	9.999999974752427e-07	0.21155987679958344	0.22092562913894653	2.255546860396862e-10	0.00917431153357029	0.1840570569038391	0.026101592928171158	1.622538547962904e-09	-5.828042048960924e-09	0.22092559933662415	1.622538547962904e-09	-1.3278622645884752e-08	0.008564582094550133	0.29866212606430054	1.622538547962904e-09	9.999999974752427e-07	0.29866212606430054	2.255546860396862e-10	2.255546860396862e-10	1.622538547962904e-09	0.1273503601551056	-5.828042048960924e-09	0.08163265138864517	0.01516491174697876	0.008196720853447914	9.999999974752427e-07	-2.4010660126805305e-10	0.02610156685113907	0.07547169923782349	1.3999997463542968e-06	0.015599853359162807	0.01042632944881916	0.009330730885267258	0.018172085285186768	1.622538547962904e-09	1.622538547962904e-09	0.02495981752872467	0.028257330879569054	9.999999974752427e-07	0.008460648357868195	-1.3278622645884752e-08	9.999999974752427e-07	8.000001798791345e-07	0.14251525700092316	0.009365729987621307	0.1273503601551056	0.14251527190208435	0.29866212606430054	0.2816368341445923	0.009330730885267258	0.05747126415371895	-2.4010660126805305e-10	9.999999974752427e-07	0.14251521229743958	6.000000212225132e-07	0.009365737438201904	0.29009750485420227	0.1273503601551056	0.04308461770415306	-2.4010660126805305e-10	0.009282199665904045	1.622538547962904e-09	0.14251525700092316	9.999999974752427e-07	2.255546860396862e-10	0.027484744787216187	0.017241379246115685	0.009325018152594566	-5.828042048960924e-09	-1.3278622645884752e-08	0.015599831938743591	0.024959824979305267	-2.4010660126805305e-10	9.999999974752427e-07	-1.3278622645884752e-08	0.008460644632577896	0.011090729385614395	1.622538547962904e-09	1.622538547962904e-09	0.016819363459944725
23	-15547.466796875	-1	9	57	76	75	26	89	10	62	48	0	26	84	41	29	91	66	5	0	11	24	14	68	37	85	21	0	0	50	22	3	66	33	67	21	43	7	69	12	0	65	50	77	73	24	43	79	5	42	1	78	57	69	21	34	56	0	70	42	76	31	43	49	25	4	73	63	36	3	21	1	46	80	82	49	14	33	40	77	33	47	9	66	48	69	78	85	57	13	11	50	56	7	32	19	59	7	0	23	47	0.5437127947807312	0.08644906431436539	0.010285336524248123	0.4145510792732239	0.012830331921577454	0.010498285293579102	0.010526316240429878	0.4251323938369751	9.999999974752427e-07	0.08644905686378479	0.44155386090278625	0.06554710865020752	9.999999974752427e-07	9.999999974752427e-07	0.4095746874809265	9.999999974752427e-07	0.005317971110343933	1.622538547962904e-09	1.622538547962904e-09	9.999999974752427e-07	0.02298850566148758	0.39674437046051025	0.4095746576786041	9.999999974752427e-07	0.03314200043678284	0.2897196114063263	0.07604538649320602	1.622538547962904e-09	9.999999974752427e-07	0.4095746576786041	0.0049764662981033325	1.622538547962904e-09	1.622538547962904e-09	0.4145510196685791	0.03333333507180214	-1.3278622645884752e-08	0.42513248324394226	9.999999974752427e-07	9.999999974752427e-07	1.622538547962904e-09	0.22580645978450775	0.012048192322254181	0.1361638456583023	-1.3278622645884752e-08	9.999999974752427e-07	-1.3278622645884752e-08	1.622538547962904e-09	0.010498279705643654	0.1361638605594635	0.030567780137062073	0.02411612868309021	1.622538547962904e-09	0.008196720853447914	0.010869565419852734	9.999999974752427e-07	0.010526316240429878	0.026113219559192657	0.019338728860020638	-2.4010660126805305e-10	-1.3278622645884752e-08	1.622538547962904e-09	-1.3278622645884752e-08	0.030567795038223267	0.2705919146537781	9.999999974752427e-07	0.26527389883995056	0.2705919146537781	0.4251324534416199	0.40957462787628174	0.030927833169698715	0.05588129162788391	1.622538547962904e-09	0.010498277842998505	0.2652738690376282	-1.3278622645884752e-08	0.012830331921577454	0.4145510792732239	0.22250455617904663	0.08634074777364731	1.622538547962904e-09	0.010498279705643654	1.622538547962904e-09	0.26527389883995056	0.036036036908626556	0.009900989942252636	0.062224678695201874	0.029082641005516052	0.009053405374288559	9.999999974752427e-07	0.012195121496915817	9.999999974752427e-07	0.008547008968889713	-1.3278622645884752e-08	1.622538547962904e-09	9.999999974752427e-07	-1.3278622645884752e-08	-1.3278622645884752e-08	1.622538547962904e-09	9.999999974752427e-07	1.622538547962904e-09	0.4231007397174835	0.04496558755636215	0.010405869223177433	0.2722354531288147	0.010044899769127369	0.021052632480859756	9.999999974752427e-07	0.31625208258628845	0.018691588193178177	0.05226296931505203	0.31625211238861084	0.01785714365541935	0.010989011265337467	1.622538547962904e-09	0.2722354531288147	9.999999974752427e-07	1.622538547962904e-09	0.019417475908994675	1.622538547962904e-09	9.999999974752427e-07	6.666664376098197e-07	0.2291666716337204	0.2722354531288147	9.999999974752427e-07	1.3333333299669903e-06	0.1819043606519699	0.09699182957410812	1.622538547962904e-09	0.0078512541949749	0.2722354531288147	1.622538547962904e-09	1.622538547962904e-09	0.010638297535479069	0.31625205278396606	9.999999974752427e-07	-7.275957614183426e-12	0.31625205278396606	0.010526316240429878	0.009009009227156639	1.622538547962904e-09	0.10256187617778778	1.622538547962904e-09	0.0606570690870285	0.008510754443705082	6.666664376098197e-07	-7.275957614183426e-12	9.999999974752427e-07	1.3999997463542968e-06	0.05226297304034233	0.034559715539216995	0.022432174533605576	2.255546860396862e-10	9.999999974752427e-07	9.999999974752427e-07	9.999999974752427e-07	0.008264463394880295	0.009856700897216797	0.010405868291854858	0.008394084870815277	1.622538547962904e-09	1.622538547962904e-09	0.008510754443705082	0.034559715539216995	0.18190431594848633	0.010044899769127369	0.11764705926179886	0.18190434575080872	0.31625205278396606	0.2722354531288147	0.042105261236429214	0.010405870154500008	9.999999974752427e-07	8.000001798791345e-07	0.18190434575080872	1.622538547962904e-09	0.010044898837804794	0.2722354531288147	0.10256189107894897	0.04190482199192047	9.999999974752427e-07	8.000001798791345e-07	0.00729738175868988	0.18190434575080872	1.622538547962904e-09	0.016949152573943138	0.01947261206805706	9.999999974752427e-07	2.255546860396862e-10	1.622538547962904e-09	0.011627906933426857	0.014580924063920975	9.999999974752427e-07	1.622538547962904e-09	9.999999974752427e-07	9.999999974752427e-07	1.622538547962904e-09	1.622538547962904e-09	1.622538547962904e-09	9.999999974752427e-07	6.000000212225132e-07	0.449466347694397	0.08000115305185318	9.999999974752427e-07	0.33304834365844727	-1.3278622645884752e-08	0.03483247756958008	9.999999974752427e-07	0.386263370513916	0.009220771491527557	0.08756303787231445	0.386263370513916	0.01332206092774868	-1.3278622645884752e-08	9.999999974752427e-07	0.29479163885116577	9.999999974752427e-07	0.029411764815449715	9.999999974752427e-07	-1.3278622645884752e-08	0.008118398487567902	0.010526316240429878	0.2947915196418762	0.29479163885116577	-1.3278622645884752e-08	0.01075268816202879	0.2947915196418762	0.04815460741519928	-1.3278622645884752e-08	0.02777777798473835	0.2947916090488434	0.019186578691005707	9.999999974752427e-07	0.008000500500202179	0.38626328110694885	-1.3278622645884752e-08	1.622538547962904e-09	0.38626334071159363	-1.3278622645884752e-08	-1.3278622645884752e-08	-1.3278622645884752e-08	0.1528805047273636	9.999999974752427e-07	0.08756301552057266	0.009048528037965298	9.999999974752427e-07	1.622538547962904e-09	0.009131006896495819	0.02860131859779358	0.08756303787231445	0.009220770560204983	0.04123711213469505	9.999999974752427e-07	-1.3278622645884752e-08	-1.3278622645884752e-08	-1.3278622645884752e-08	0.008003756403923035	0.01504833996295929	0.029999999329447746	1.622538547962904e-09	0.00909090880304575	9.999999974752427e-07	0.009048528969287872	0.009220771491527557	0.2947915196418762	-1.3278622645884752e-08	0.15288051962852478	0.2499999850988388	0.38626334071159363	0.31386178731918335	1.652369974181056e-08	0.032608695328235626	0.009130999445915222	9.999999974752427e-07	0.16192904114723206	-2.4010660126805305e-10	-1.3278622645884752e-08	0.36913183331489563	0.1528804898262024	0.06531748175621033	0.009131021797657013	0.028601333498954773	0.00756189227104187	0.16814157366752625	1.622538547962904e-09	-1.3278622645884752e-08	0.021052632480859756	0.009900989942252636	0.027272727340459824	9.999999974752427e-07	0.005203664302825928	0.008620689623057842	0.007044583559036255	-1.3278622645884752e-08	0.008000500500202179	0.008118398487567902	9.999999974752427e-07	-1.3278622645884752e-08	-1.3278622645884752e-08	-1.3278622645884752e-08	1.622538547962904e-09	0.4417252242565155	0.024390242993831635	9.999999974752427e-07	0.30527326464653015	0.010416666977107525	0.014637134969234467	9.999999974752427e-07	0.3760969042778015	9.999999974752427e-07	0.04878048598766327	0.3760969042778015	0.05099133402109146	9.999999974752427e-07	0.008882244117558002	0.30527329444885254	1.622538547962904e-09	1.622538547962904e-09	1.622538547962904e-09	1.622538547962904e-09	0.030414395034313202	0.012048192322254181	0.29318323731422424	0.30527329444885254	9.999999974752427e-07	0.017391303554177284	0.2670987844467163	0.06562843918800354	1.622538547962904e-09	0.010416666977107525	0.30527329444885254	1.622538547962904e-09	1.622538547962904e-09	1.622538547962904e-09	0.30527329444885254	1.622538547962904e-09	0.010526316240429878	0.3760969042778015	9.999999974752427e-07	9.999999974752427e-07	1.622538547962904e-09	0.14387741684913635	0.025641024112701416	0.07431011646986008	0.032608695328235626	9.999999974752427e-07	0.009615384973585606	1.622538547962904e-09	0.014637134969234467	0.07431010156869888	0.010309278033673763	0.04452749714255333	0.009433962404727936	9.999999974752427e-07	1.622538547962904e-09	1.622538547962904e-09	1.622538547962904e-09	1.622538547962904e-09	0.009569531306624413	1.622538547962904e-09	1.622538547962904e-09	1.622538547962904e-09	0.01123595517128706	9.999999974752427e-07	0.20471768081188202	9.999999974752427e-07	0.14387744665145874	0.2047176957130432	0.3052733242511749	0.30527329444885254	0.026084452867507935	0.009569531306624413	1.622538547962904e-09	0.010101010091602802	0.204717755317688	0.010204081423580647	0.010989011265337467	0.30527329444885254	0.14387741684913635	0.06956726312637329	1.622538547962904e-09	0.01463712751865387	9.999999974752427e-07	0.20471777021884918	0.009803921915590763	9.999999974752427e-07	0.02503982186317444	9.999999974752427e-07	9.999999974752427e-07	0.008882243186235428	0.020576931536197662	9.999999974752427e-07	1.622538547962904e-09	1.622538547962904e-09	1.622538547962904e-09	9.999999974752427e-07	1.622538547962904e-09	1.622538547962904e-09	1.622538547962904e-09	9.999999974752427e-07	1.622538547962904e-09	0.3537144362926483	0.026411600410938263	4.2857209336943924e-07	0.20192478597164154	1.622538547962904e-09	0.027027027681469917	-7.275957614183426e-12	0.28152188658714294	1.622538547962904e-09	0.026411622762680054	0.28152182698249817	0.010256588459014893	9.999999974752427e-07	1.622538547962904e-09	0.20192480087280273	9.999999974752427e-07	1.622538547962904e-09	9.999999974752427e-07	1.622538547962904e-09	0.010256589390337467	1.622538547962904e-09	0.20192481577396393	0.20192475616931915	1.622538547962904e-09	1.622538547962904e-09	0.16246557235717773	0.05873368680477142	1.622538547962904e-09	0.027633339166641235	0.20192481577396393	-1.3278622645884752e-08	1.622538547962904e-09	-1.3278622645884752e-08	0.20192478597164154	0.008206680417060852	9.999999974752427e-07	0.2740028202533722	1.622538547962904e-09	9.999999974752427e-07	1.622538547962904e-09	0.05703481286764145	1.622538547962904e-09	0.02641153335571289	0.03179077059030533	1.622538547962904e-09	9.999999974752427e-07	-1.3278622645884752e-08	0.009401541203260422	0.026411622762680054	0.009916093200445175	0.027633339166641235	4.2857209336943924e-07	1.622538547962904e-09	0.013445578515529633	0.008206682279706001	9.999999974752427e-07	0.013458997011184692	1.2857158253609668e-06	-1.3278622645884752e-08	-1.3278622645884752e-08	1.622538547962904e-09	9.999999974752427e-07	1.622538547962904e-09	0.16246557235717773	1.622538547962904e-09	0.05703481659293175	0.10570608824491501	0.2626262903213501	0.20192484557628632	0.01780684106051922	1.2857121873821598e-06	-1.3278622645884752e-08	9.999999974752427e-07	0.08882559835910797	0.009916089475154877	1.622538547962904e-09	0.20192478597164154	0.05404491350054741	0.027633339166641235	-1.3278622645884752e-08	0.009401543065905571	1.622538547962904e-09	0.1057060956954956	-1.3278622645884752e-08	0.017806828022003174	1.622538547962904e-09	1.622538547962904e-09	4.2857209336943924e-07	1.622538547962904e-09	-7.275957614183426e-12	1.622538547962904e-09	9.999999974752427e-07	1.622538547962904e-09	-1.3278622645884752e-08	9.999999974752427e-07	-1.3278622645884752e-08	0.007519073784351349	1.622538547962904e-09	1.622538547962904e-09	2.255546860396862e-10	0.5330701470375061	0.005072489380836487	5.000001692678779e-07	0.3791336119174957	0.015137098729610443	0.04571789503097534	9.999999974752427e-07	0.47317150235176086	1.622538547962904e-09	0.08930285274982452	0.47317150235176086	0.014180606231093407	0.010177051648497581	9.999999974752427e-07	0.283880352973938	-1.3278622645884752e-08	1.622538547962904e-09	0.009429067373275757	-1.3278622645884752e-08	0.007485583424568176	9.999999974752427e-07	0.2687433063983917	0.3461630940437317	0.011049933731555939	0.012431889772415161	0.21618443727493286	0.059898555278778076	-1.3278622645884752e-08	1.622538547962904e-09	0.2838802933692932	0.030927835032343864	0.04472166299819946	-1.3278622645884752e-08	0.39345017075538635	1.622538547962904e-09	-1.3278622645884752e-08	0.39345014095306396	0.011049933731555939	0.010177051648497581	-1.3278622645884752e-08	0.16346153616905212	0.04000958055257797	0.08930287510156631	-1.3278622645884752e-08	0.010416666977107525	-1.3278622645884752e-08	0.014316469430923462	0.036288827657699585	0.08930285274982452	1.622538547962904e-09	0.0478060245513916	5.000001692678779e-07	0.028037382289767265	1.622538547962904e-09	1.622538547962904e-09	-1.3278622645884752e-08	-1.3278622645884752e-08	1.5000005078036338e-06	1.622538547962904e-09	-1.3278622645884752e-08	9.999999974752427e-07	-1.3278622645884752e-08	1.622538547962904e-09	0.21618443727493286	0.015137098729610443	0.171462744474411	0.21618443727493286	0.39345014095306396	0.3461630940437317	0.05255882441997528	0.005072489380836487	9.999999974752427e-07	0.02286946028470993	0.1714627593755722	1.622538547962904e-09	0.01513710618019104	0.37913358211517334	0.1495407670736313	0.06023794412612915	0.014316461980342865	0.02286946028470993	0.008695651777088642	0.1714627593755722	1.622538547962904e-09	0.010177051648497581	0.012431896291673183	1.622538547962904e-09	5.000001692678779e-07	9.999999974752427e-07	0.0066950395703315735	0.007796458899974823	-1.3278622645884752e-08	0.030927835032343864	-1.3278622645884752e-08	0.007485583424568176	-1.3278622645884752e-08	0.02777777798473835	-1.3278622645884752e-08	9.999999974752427e-07	0.008695651777088642	0.36692190170288086	0.04854368790984154	5.000001692678779e-07	0.19233909249305725	1.622538547962904e-09	0.021178647875785828	0.019078657031059265	0.26595747470855713	9.999999974752427e-07	0.0752153992652893	0.2984440326690674	0.019078657031059265	9.999999974752427e-07	0.010416666977107525	0.19233909249305725	0.010324249044060707	0.007624365389347076	1.622538547962904e-09	1.622538547962904e-09	1.622538547962904e-09	9.999999974752427e-07	0.19233909249305725	0.19233907759189606	1.622538547962904e-09	0.026356376707553864	0.1634756177663803	0.04025731980800629	1.622538547962904e-09	1.622538547962904e-09	0.19233909249305725	1.622538547962904e-09	0.015332028269767761	0.0117647061124444	0.24910283088684082	0.017785068601369858	-1.3278622645884752e-08	0.24910281598567963	1.622538547962904e-09	9.999999974752427e-07	1.622538547962904e-09	0.1170303225517273	0.015458554029464722	0.0752154290676117	-1.3278622645884752e-08	0.00909090880304575	-1.3278622645884752e-08	0.009573204442858696	0.021178651601076126	0.0752154216170311	0.018691588193178177	0.015458546578884125	5.000001692678779e-07	0.005539216101169586	1.622538547962904e-09	0.017785068601369858	9.999999974752427e-07	0.028220422565937042	1.5000005078036338e-06	1.622538547962904e-09	9.999999974752427e-07	9.999999974752427e-07	-1.3278622645884752e-08	9.999999974752427e-07	0.16347558796405792	1.622538547962904e-09	0.14051920175552368	0.16347560286521912	0.24910284578800201	0.19233903288841248	0.011078428477048874	0.010101010091602802	0.009573204442858696	0.009177438914775848	0.1405191868543625	0.008695651777088642	1.622538547962904e-09	0.222222238779068	0.11703035235404968	0.04181492328643799	0.011904762126505375	0.0091774370521307	0.010869565419852734	0.14051921665668488	-1.3278622645884752e-08	0.005539216101169586	0.026356376707553864	1.622538547962904e-09	5.000001692678779e-07	0.009999999776482582	0.019078658893704414	1.622538547962904e-09	0.010324249044060707	9.999999974752427e-07	9.999999974752427e-07	1.622538547962904e-09	9.999999974752427e-07	9.999999974752427e-07	1.622538547962904e-09	1.622538547962904e-09	0.01200120896100998	0.43699371814727783	0.05826278030872345	9.999999974752427e-07	0.2679571807384491	9.999999974752427e-07	0.04900254309177399	1.622538547962904e-09	0.3783048689365387	0.009493403136730194	0.06596280634403229	0.3783048391342163	1.622538547962904e-09	9.999999974752427e-07	0.01123595517128706	0.2679571509361267	-2.4010660126805305e-10	1.622538547962904e-09	-1.3278622645884752e-08	1.622538547962904e-09	1.622538547962904e-09	6.666664376098197e-07	0.2545320391654968	0.2679571509361267	0.010989011265337467	1.3333333299669903e-06	0.20756608247756958	0.04900255426764488	1.622538547962904e-09	0.005720056593418121	0.2679571509361267	1.622538547962904e-09	0.01575428992509842	0.010256931185722351	0.3783048391342163	0.01601792871952057	-2.4010660126805305e-10	0.3783048689365387	0.019911106675863266	9.999999974752427e-07	1.622538547962904e-09	0.1568257212638855	0.013005435466766357	0.11561180651187897	0.01815195381641388	6.666664376098197e-07	0.01815195381641388	0.010526316240429878	0.04900252819061279	0.06741572916507721	0.03269492834806442	0.018725495785474777	0.00909090880304575	-2.4010660126805305e-10	1.622538547962904e-09	0.00917431153357029	0.009686267003417015	0.009686268866062164	0.025567827746272087	9.999999974752427e-07	0.043478261679410934	0.01575428992509842	-2.4010660126805305e-10	0.009493403136730194	0.20756609737873077	9.999999974752427e-07	0.15682576596736908	0.20756609737873077	0.3783048689365387	0.2679571211338043	0.030948013067245483	0.025567827746272087	9.999999974752427e-07	9.999999974752427e-07	0.17497771978378296	0.009708737954497337	0.00909090880304575	0.31832000613212585	0.1568257361650467	0.04121395945549011	0.04972795397043228	0.010204081423580647	0.007700018584728241	0.19181180000305176	9.999999974752427e-07	0.011036910116672516	0.022488445043563843	0.016806723549962044	9.999999974752427e-07	0.009615384973585606	1.622538547962904e-09	1.622538547962904e-09	-2.4010660126805305e-10	1.622538547962904e-09	9.999999974752427e-07	1.622538547962904e-09	0.009803921915590763	1.622538547962904e-09	1.622538547962904e-09	9.999999974752427e-07	9.999999974752427e-07	0.3545212149620056	0.02059110254049301	0.010625112801790237	0.21123084425926208	0.02664198726415634	0.006121918559074402	9.999999974752427e-07	0.3018167018890381	0.006626579910516739	0.02059112675487995	0.3018167018890381	0.01864653080701828	-1.3278622645884752e-08	1.622538547962904e-09	0.16690459847450256	0.015181045979261398	9.999999974752427e-07	1.622538547962904e-09	1.622538547962904e-09	0.010238776914775372	1.622538547962904e-09	0.14026257395744324	0.21123085916042328	-1.3278622645884752e-08	1.622538547962904e-09	0.14026251435279846	0.024768441915512085	1.622538547962904e-09	1.622538547962904e-09	0.21123085916042328	-1.3278622645884752e-08	0.011363636702299118	6.912159733474255e-10	0.23242248594760895	-1.3278622645884752e-08	0.006100691854953766	0.29567742347717285	-1.3278622645884752e-08	-1.3278622645884752e-08	1.622538547962904e-09	0.09294700622558594	1.622538547962904e-09	0.06100180745124817	0.01366463303565979	1.622538547962904e-09	0.007563948631286621	0.011995955370366573	0.006121963262557983	0.030612245202064514	0.00662657618522644	9.073119144886732e-09	-2.4010660126805305e-10	-1.3278622645884752e-08	-1.3278622645884752e-08	-1.3278622645884752e-08	9.999999974752427e-07	0.027936145663261414	0.010625114664435387	0.027522936463356018	0.007871776819229126	9.999999974752427e-07	1.622538547962904e-09	0.006626579910516739	0.14026251435279846	0.010101010091602802	0.09294699132442474	0.14026251435279846	0.29567742347717285	0.21123084425926208	1.652369974181056e-08	0.013964534737169743	0.011995954439043999	0.0061219558119773865	0.10661163181066513	1.622538547962904e-09	0.02664198726415634	0.2191026210784912	0.061001840978860855	1.622538547962904e-09	0.013319924473762512	0.0061219558119773865	1.622538547962904e-09	0.10661161690950394	9.999999974752427e-07	-1.3278622645884752e-08	1.622538547962904e-09	1.622538547962904e-09	-2.4010660126805305e-10	1.622538547962904e-09	9.999999974752427e-07	1.622538547962904e-09	0.015181045979261398	1.622538547962904e-09	6.912159733474255e-10	0.010238775983452797	0.007871776819229126	0.006139293313026428	1.622538547962904e-09	-1.3278622645884752e-08	1.622538547962904e-09	0.36081427335739136	0.07295437157154083	0.008505983278155327	0.2816368341445923	0.009365733712911606	0.02610158920288086	-1.3278622645884752e-08	0.3097529113292694	8.000001798791345e-07	0.07295437157154083	0.3097529113292694	-1.3278622645884752e-08	2.255546860396862e-10	-5.828042048960924e-09	0.22092559933662415	0.024959862232208252	-1.3278622645884752e-08	1.622538547962904e-09	1.622538547962904e-09	-1.3278622645884752e-08	9.999999974752427e-07	0.21155986189842224	0.22092559933662415	2.255546860396862e-10	0.00917431153357029	0.18405704200267792	0.02610163390636444	1.622538547962904e-09	-5.828042048960924e-09	0.22092559933662415	1.622538547962904e-09	-1.3278622645884752e-08	0.008564602583646774	0.2986621558666229	1.622538547962904e-09	9.999999974752427e-07	0.2986621558666229	2.255546860396862e-10	2.255546860396862e-10	1.622538547962904e-09	0.1273503601551056	-5.828042048960924e-09	0.08163265138864517	0.01516491174697876	0.008196720853447914	9.999999974752427e-07	-2.4010660126805305e-10	0.026101604104042053	0.07547169923782349	1.3999997463542968e-06	0.015599853359162807	0.01042632944881916	0.009330722503364086	0.01817208155989647	1.622538547962904e-09	1.622538547962904e-09	0.024959862232208252	0.028257330879569054	9.999999974752427e-07	0.008460655808448792	-1.3278622645884752e-08	9.999999974752427e-07	8.000001798791345e-07	0.14251525700092316	0.009365729987621307	0.1273503601551056	0.14251527190208435	0.2986621558666229	0.2816368341445923	0.00933072343468666	0.05747126415371895	-2.4010660126805305e-10	9.999999974752427e-07	0.14251521229743958	6.000000212225132e-07	0.00936572253704071	0.29009753465652466	0.1273503601551056	0.04308461770415306	-2.4010660126805305e-10	0.009282220155000687	1.622538547962904e-09	0.14251525700092316	9.999999974752427e-07	2.255546860396862e-10	0.027484744787216187	0.017241379246115685	0.009325018152594566	-5.828042048960924e-09	-1.3278622645884752e-08	0.015599831938743591	0.02495986968278885	-2.4010660126805305e-10	9.999999974752427e-07	-1.3278622645884752e-08	0.008460652083158493	0.011090733110904694	1.622538547962904e-09	2.255546860396862e-10	0.016819387674331665
24	-15547.466796875	-1	9	57	76	75	26	89	10	62	48	0	26	84	41	29	91	66	5	0	11	24	14	68	37	85	21	0	0	50	22	3	66	33	67	21	43	7	69	12	0	65	50	77	73	24	43	79	5	42	1	78	57	69	21	34	56	0	70	42	76	31	43	49	25	4	73	63	36	3	21	1	46	80	82	49	14	33	40	77	33	47	9	66	48	69	78	85	57	13	11	50	56	7	32	19	59	7	0	24	47	0.5437127351760864	0.08644906431436539	0.010285336524248123	0.4145510792732239	0.012830346822738647	0.010498270392417908	0.010526316240429878	0.42513248324394226	9.999999974752427e-07	0.08644905686378479	0.44155392050743103	0.06554710865020752	9.999999974752427e-07	9.999999974752427e-07	0.4095746576786041	9.999999974752427e-07	0.005317986011505127	1.622538547962904e-09	1.622538547962904e-09	9.999999974752427e-07	0.02298850566148758	0.39674437046051025	0.4095746576786041	9.999999974752427e-07	0.033141981810331345	0.2897196412086487	0.07604540139436722	1.622538547962904e-09	9.999999974752427e-07	0.4095746576786041	0.004976436495780945	1.622538547962904e-09	1.622538547962904e-09	0.4145510196685791	0.03333333507180214	-1.3278622645884752e-08	0.4251324236392975	9.999999974752427e-07	9.999999974752427e-07	1.622538547962904e-09	0.22580645978450775	0.012048192322254181	0.13616381585597992	-1.3278622645884752e-08	9.999999974752427e-07	-1.3278622645884752e-08	1.622538547962904e-09	0.010498279705643654	0.1361638307571411	0.030567780137062073	0.02411605417728424	1.622538547962904e-09	0.008196720853447914	0.010869565419852734	9.999999974752427e-07	0.010526316240429878	0.026113241910934448	0.019338728860020638	-2.4010660126805305e-10	-1.3278622645884752e-08	1.622538547962904e-09	-1.3278622645884752e-08	0.030567795038223267	0.2705919146537781	9.999999974752427e-07	0.26527392864227295	0.2705919146537781	0.4251324534416199	0.40957462787628174	0.030927833169698715	0.05588129162788391	1.622538547962904e-09	0.010498277842998505	0.26527389883995056	-1.3278622645884752e-08	0.012830343097448349	0.4145510792732239	0.2225046008825302	0.0863407701253891	1.622538547962904e-09	0.010498279705643654	1.622538547962904e-09	0.26527395844459534	0.036036036908626556	0.009900989942252636	0.0622246228158474	0.02908262610435486	0.009053405374288559	9.999999974752427e-07	0.012195121496915817	9.999999974752427e-07	0.008547008968889713	-1.3278622645884752e-08	1.622538547962904e-09	9.999999974752427e-07	-1.3278622645884752e-08	-1.3278622645884752e-08	1.622538547962904e-09	9.999999974752427e-07	1.622538547962904e-09	0.4231007397174835	0.04496558755636215	0.010405869223177433	0.2722354531288147	0.010044899769127369	0.021052632480859756	9.999999974752427e-07	0.31625208258628845	0.018691588193178177	0.05226296931505203	0.31625211238861084	0.01785714365541935	0.010989011265337467	1.622538547962904e-09	0.2722354531288147	9.999999974752427e-07	1.622538547962904e-09	0.019417475908994675	1.622538547962904e-09	9.999999974752427e-07	5.000001692678779e-07	0.2291666716337204	0.2722354531288147	9.999999974752427e-07	1.5000005078036338e-06	0.1819043606519699	0.09699182957410812	1.622538547962904e-09	0.0078512541949749	0.2722354531288147	1.622538547962904e-09	1.622538547962904e-09	0.010638297535479069	0.31625205278396606	9.999999974752427e-07	-7.275957614183426e-12	0.31625205278396606	0.010526316240429878	0.009009009227156639	1.622538547962904e-09	0.10256187617778778	1.622538547962904e-09	0.0606570690870285	0.008510754443705082	5.000001692678779e-07	-7.275957614183426e-12	9.999999974752427e-07	1.3999997463542968e-06	0.05226297304034233	0.034559715539216995	0.022432174533605576	2.255546860396862e-10	9.999999974752427e-07	9.999999974752427e-07	9.999999974752427e-07	0.008264463394880295	0.009856700897216797	0.010405868291854858	0.008394084870815277	1.622538547962904e-09	1.622538547962904e-09	0.008510754443705082	0.034559715539216995	0.18190431594848633	0.010044899769127369	0.11764705926179886	0.18190434575080872	0.31625205278396606	0.2722354531288147	0.042105261236429214	0.010405870154500008	9.999999974752427e-07	8.000001798791345e-07	0.18190434575080872	1.622538547962904e-09	0.010044898837804794	0.2722354531288147	0.10256189107894897	0.04190482199192047	9.999999974752427e-07	8.000001798791345e-07	0.00729738175868988	0.18190434575080872	1.622538547962904e-09	0.016949152573943138	0.01947261206805706	9.999999974752427e-07	2.255546860396862e-10	1.622538547962904e-09	0.011627906933426857	0.014580924063920975	9.999999974752427e-07	1.622538547962904e-09	9.999999974752427e-07	9.999999974752427e-07	1.622538547962904e-09	1.622538547962904e-09	1.622538547962904e-09	5.000001692678779e-07	6.000000212225132e-07	0.4494662880897522	0.08000115305185318	9.999999974752427e-07	0.3330483138561249	-1.3278622645884752e-08	0.03483249247074127	9.999999974752427e-07	0.386263370513916	0.009220771491527557	0.08756303787231445	0.38626334071159363	0.013322077691555023	-1.3278622645884752e-08	9.999999974752427e-07	0.2947915494441986	9.999999974752427e-07	0.029411764815449715	9.999999974752427e-07	-1.3278622645884752e-08	0.008118398487567902	0.010526316240429878	0.2947915494441986	0.2947915196418762	-1.3278622645884752e-08	0.01075268816202879	0.2947915196418762	0.04815460741519928	-1.3278622645884752e-08	0.02777777798473835	0.2947915494441986	0.019186578691005707	9.999999974752427e-07	0.008000463247299194	0.38626325130462646	-1.3278622645884752e-08	1.622538547962904e-09	0.38626331090927124	-1.3278622645884752e-08	-1.3278622645884752e-08	-1.3278622645884752e-08	0.1528805047273636	9.999999974752427e-07	0.08756301552057266	0.009048528037965298	9.999999974752427e-07	1.622538547962904e-09	0.009130984544754028	0.02860131859779358	0.08756303787231445	0.009220770560204983	0.04123711213469505	9.999999974752427e-07	-1.3278622645884752e-08	-1.3278622645884752e-08	-1.3278622645884752e-08	0.008003763854503632	0.015048369765281677	0.029999999329447746	1.622538547962904e-09	0.00909090880304575	9.999999974752427e-07	0.009048528969287872	0.009220771491527557	0.2947915196418762	-1.3278622645884752e-08	0.15288051962852478	0.2499999850988388	0.38626334071159363	0.31386175751686096	-1.3278622645884752e-08	0.032608695328235626	0.009130991995334625	9.999999974752427e-07	0.16192904114723206	-2.4010660126805305e-10	-1.3278622645884752e-08	0.36913180351257324	0.1528804898262024	0.06531748175621033	0.009130977094173431	0.028601333498954773	0.00756189227104187	0.16814157366752625	1.622538547962904e-09	-1.3278622645884752e-08	0.021052632480859756	0.009900989942252636	0.027272727340459824	9.999999974752427e-07	0.005203664302825928	0.008620689623057842	0.007044591009616852	-1.3278622645884752e-08	0.008000463247299194	0.008118398487567902	9.999999974752427e-07	-1.3278622645884752e-08	-1.3278622645884752e-08	9.999999974752427e-07	1.622538547962904e-09	0.4417252242565155	0.024390242993831635	9.999999974752427e-07	0.30527326464653015	0.010416666977107525	0.014637134969234467	9.999999974752427e-07	0.3760969042778015	9.999999974752427e-07	0.04878048598766327	0.3760969042778015	0.05099133402109146	9.999999974752427e-07	0.008882244117558002	0.30527329444885254	1.622538547962904e-09	1.622538547962904e-09	1.622538547962904e-09	1.622538547962904e-09	0.030414395034313202	0.012048192322254181	0.29318323731422424	0.30527329444885254	9.999999974752427e-07	0.017391301691532135	0.2670987844467163	0.06562843918800354	1.622538547962904e-09	0.010416666977107525	0.30527329444885254	1.622538547962904e-09	1.622538547962904e-09	1.622538547962904e-09	0.30527329444885254	1.622538547962904e-09	0.010526316240429878	0.3760969042778015	9.999999974752427e-07	9.999999974752427e-07	1.622538547962904e-09	0.14387743175029755	0.025641024112701416	0.07431014627218246	0.032608695328235626	9.999999974752427e-07	0.009615384973585606	1.622538547962904e-09	0.014637134969234467	0.07431013137102127	0.010309278033673763	0.04452749714255333	0.009433962404727936	9.999999974752427e-07	1.622538547962904e-09	1.622538547962904e-09	1.622538547962904e-09	1.622538547962904e-09	0.009569531306624413	1.622538547962904e-09	1.622538547962904e-09	1.622538547962904e-09	0.01123595517128706	9.999999974752427e-07	0.20471768081188202	9.999999974752427e-07	0.14387738704681396	0.2047176957130432	0.3052733242511749	0.30527329444885254	0.026084452867507935	0.009569531306624413	1.622538547962904e-09	0.010101010091602802	0.204717755317688	0.010204081423580647	0.010989011265337467	0.30527329444885254	0.14387735724449158	0.06956730782985687	1.622538547962904e-09	0.01463712751865387	9.999999974752427e-07	0.20471777021884918	0.009803921915590763	9.999999974752427e-07	0.02503982186317444	9.999999974752427e-07	9.999999974752427e-07	0.008882243186235428	0.020576931536197662	9.999999974752427e-07	1.622538547962904e-09	1.622538547962904e-09	1.622538547962904e-09	9.999999974752427e-07	1.622538547962904e-09	1.622538547962904e-09	1.622538547962904e-09	9.999999974752427e-07	1.622538547962904e-09	0.3537144362926483	0.026411600410938263	4.2857209336943924e-07	0.20192477107048035	1.622538547962904e-09	0.027027027681469917	-7.275957614183426e-12	0.28152182698249817	1.622538547962904e-09	0.026411592960357666	0.2815217971801758	0.010256588459014893	9.999999974752427e-07	1.622538547962904e-09	0.20192477107048035	9.999999974752427e-07	1.622538547962904e-09	9.999999974752427e-07	1.622538547962904e-09	0.010256589390337467	1.622538547962904e-09	0.20192474126815796	0.20192478597164154	1.622538547962904e-09	1.622538547962904e-09	0.16246558725833893	0.05873368680477142	1.622538547962904e-09	0.02763335034251213	0.20192477107048035	-1.3278622645884752e-08	1.622538547962904e-09	-1.3278622645884752e-08	0.20192483067512512	0.008206691592931747	9.999999974752427e-07	0.2740027904510498	1.622538547962904e-09	9.999999974752427e-07	1.622538547962904e-09	0.057034820318222046	1.622538547962904e-09	0.02641156315803528	0.03179077059030533	1.622538547962904e-09	9.999999974752427e-07	-1.3278622645884752e-08	0.009401541203260422	0.026411592960357666	0.009916093200445175	0.02763335406780243	4.2857209336943924e-07	1.622538547962904e-09	0.013445600867271423	0.008206691592931747	9.999999974752427e-07	0.013458997011184692	1.2857158253609668e-06	-1.3278622645884752e-08	-1.3278622645884752e-08	1.622538547962904e-09	9.999999974752427e-07	1.622538547962904e-09	0.16246557235717773	1.622538547962904e-09	0.05703481286764145	0.1057061031460762	0.2626262605190277	0.20192477107048035	0.01780684106051922	1.2857121873821598e-06	-1.3278622645884752e-08	9.999999974752427e-07	0.08882559835910797	0.009916089475154877	1.622538547962904e-09	0.20192478597164154	0.05404490604996681	0.027633339166641235	-1.3278622645884752e-08	0.009401543065905571	1.622538547962904e-09	0.1057060956954956	-1.3278622645884752e-08	0.017806850373744965	1.622538547962904e-09	1.622538547962904e-09	4.2857209336943924e-07	1.622538547962904e-09	-7.275957614183426e-12	1.622538547962904e-09	9.999999974752427e-07	1.622538547962904e-09	-1.3278622645884752e-08	9.999999974752427e-07	-1.3278622645884752e-08	0.007519088685512543	1.622538547962904e-09	1.622538547962904e-09	2.255546860396862e-10	0.5330701470375061	0.005072489380836487	5.000001692678779e-07	0.3791336119174957	0.015137098729610443	0.04571789503097534	9.999999974752427e-07	0.47317150235176086	1.622538547962904e-09	0.08930285274982452	0.47317150235176086	0.014180606231093407	0.010177051648497581	9.999999974752427e-07	0.283880352973938	-1.3278622645884752e-08	1.622538547962904e-09	0.009429067373275757	-1.3278622645884752e-08	0.007485583424568176	9.999999974752427e-07	0.2687433063983917	0.3461630940437317	0.011049933731555939	0.012431889772415161	0.21618443727493286	0.059898555278778076	-1.3278622645884752e-08	1.622538547962904e-09	0.2838802933692932	0.030927835032343864	0.04472166299819946	-1.3278622645884752e-08	0.39345017075538635	1.622538547962904e-09	-1.3278622645884752e-08	0.39345014095306396	0.011049933731555939	0.010177051648497581	-1.3278622645884752e-08	0.16346153616905212	0.04000958055257797	0.08930287510156631	-1.3278622645884752e-08	0.010416666977107525	-1.3278622645884752e-08	0.014316469430923462	0.036288827657699585	0.08930285274982452	1.622538547962904e-09	0.0478060245513916	5.000001692678779e-07	0.028037382289767265	1.622538547962904e-09	1.622538547962904e-09	-1.3278622645884752e-08	-1.3278622645884752e-08	1.5000005078036338e-06	1.622538547962904e-09	-1.3278622645884752e-08	9.999999974752427e-07	-1.3278622645884752e-08	1.622538547962904e-09	0.21618443727493286	0.015137098729610443	0.171462744474411	0.21618443727493286	0.39345014095306396	0.3461630940437317	0.05255882441997528	0.005072489380836487	9.999999974752427e-07	0.02286946028470993	0.1714627593755722	1.622538547962904e-09	0.01513710618019104	0.37913358211517334	0.1495407670736313	0.06023794412612915	0.014316461980342865	0.02286946028470993	0.008695651777088642	0.1714627593755722	1.622538547962904e-09	0.010177051648497581	0.012431896291673183	1.622538547962904e-09	5.000001692678779e-07	9.999999974752427e-07	0.0066950395703315735	0.007796458899974823	-1.3278622645884752e-08	0.030927835032343864	-1.3278622645884752e-08	0.007485583424568176	-1.3278622645884752e-08	0.02777777798473835	-1.3278622645884752e-08	9.999999974752427e-07	0.008695651777088642	0.3669218420982361	0.04854368790984154	5.000001692678779e-07	0.19233901798725128	1.622538547962904e-09	0.021178647875785828	0.019078664481639862	0.26595741510391235	9.999999974752427e-07	0.0752153992652893	0.2984440326690674	0.01907867193222046	9.999999974752427e-07	0.010416666977107525	0.19233901798725128	0.010324249044060707	0.007624365389347076	1.622538547962904e-09	1.622538547962904e-09	1.622538547962904e-09	9.999999974752427e-07	0.19233901798725128	0.19233906269073486	1.622538547962904e-09	0.026356374844908714	0.16347557306289673	0.040257349610328674	1.622538547962904e-09	1.622538547962904e-09	0.19233901798725128	1.622538547962904e-09	0.015332028269767761	0.0117647061124444	0.24910280108451843	0.017785053700208664	-1.3278622645884752e-08	0.24910277128219604	1.622538547962904e-09	9.999999974752427e-07	1.622538547962904e-09	0.11703035235404968	0.015458546578884125	0.0752154141664505	-1.3278622645884752e-08	0.00909090880304575	-1.3278622645884752e-08	0.009573204442858696	0.021178647875785828	0.07521543651819229	0.018691588193178177	0.015458546578884125	5.000001692678779e-07	0.005539208650588989	1.622538547962904e-09	0.017785055562853813	9.999999974752427e-07	0.028220467269420624	1.5000005078036338e-06	1.622538547962904e-09	9.999999974752427e-07	9.999999974752427e-07	-1.3278622645884752e-08	9.999999974752427e-07	0.16347555816173553	1.622538547962904e-09	0.14051920175552368	0.16347560286521912	0.24910280108451843	0.19233901798725128	0.011078406125307083	0.010101010091602802	0.009573204442858696	0.009177438914775848	0.1405191868543625	0.008695651777088642	1.622538547962904e-09	0.2222222089767456	0.11703035235404968	0.041814930737018585	0.011904762126505375	0.009177438914775848	0.010869565419852734	0.14051923155784607	-1.3278622645884752e-08	0.005539208650588989	0.026356374844908714	1.622538547962904e-09	5.000001692678779e-07	0.009999999776482582	0.019078662618994713	1.622538547962904e-09	0.010324249044060707	9.999999974752427e-07	9.999999974752427e-07	1.622538547962904e-09	9.999999974752427e-07	9.999999974752427e-07	1.622538547962904e-09	9.999999974752427e-07	0.012001212686300278	0.43699371814727783	0.05826278030872345	9.999999974752427e-07	0.2679571807384491	9.999999974752427e-07	0.04900254309177399	1.622538547962904e-09	0.3783048689365387	0.009493403136730194	0.06596280634403229	0.3783048391342163	1.622538547962904e-09	9.999999974752427e-07	0.01123595517128706	0.2679571509361267	-2.4010660126805305e-10	1.622538547962904e-09	-1.3278622645884752e-08	1.622538547962904e-09	1.622538547962904e-09	5.000001692678779e-07	0.2545320391654968	0.2679571509361267	0.010989011265337467	1.5000005078036338e-06	0.20756608247756958	0.04900255426764488	1.622538547962904e-09	0.005720056593418121	0.2679571509361267	1.622538547962904e-09	0.01575428992509842	0.010256931185722351	0.3783048391342163	0.01601792871952057	-2.4010660126805305e-10	0.3783048689365387	0.019911106675863266	9.999999974752427e-07	1.622538547962904e-09	0.1568257212638855	0.013005435466766357	0.11561180651187897	0.01815195381641388	5.000001692678779e-07	0.01815195381641388	0.010526316240429878	0.04900252819061279	0.06741572916507721	0.03269492834806442	0.018725495785474777	0.00909090880304575	-2.4010660126805305e-10	1.622538547962904e-09	0.00917431153357029	0.009686267003417015	0.009686268866062164	0.025567827746272087	9.999999974752427e-07	0.043478261679410934	0.01575428992509842	-2.4010660126805305e-10	0.009493403136730194	0.20756609737873077	9.999999974752427e-07	0.15682576596736908	0.20756609737873077	0.3783048689365387	0.2679571211338043	0.030948013067245483	0.025567827746272087	9.999999974752427e-07	9.999999974752427e-07	0.17497771978378296	0.009708737954497337	0.00909090880304575	0.31832000613212585	0.1568257361650467	0.04121395945549011	0.04972795397043228	0.010204081423580647	0.007700018584728241	0.19181180000305176	9.999999974752427e-07	0.011036910116672516	0.022488445043563843	0.016806723549962044	9.999999974752427e-07	0.009615384973585606	1.622538547962904e-09	1.622538547962904e-09	-2.4010660126805305e-10	1.622538547962904e-09	9.999999974752427e-07	1.622538547962904e-09	0.009803921915590763	1.622538547962904e-09	1.622538547962904e-09	5.000001692678779e-07	9.999999974752427e-07	0.3545213043689728	0.02059110254049301	0.010625112801790237	0.21123084425926208	0.02664199471473694	0.0061219222843647	9.999999974752427e-07	0.3018166422843933	0.006626579910516739	0.02059112675487995	0.3018166720867157	0.01864650845527649	-1.3278622645884752e-08	1.622538547962904e-09	0.1669045239686966	0.015181045979261398	9.999999974752427e-07	1.622538547962904e-09	1.622538547962904e-09	0.010238776914775372	1.622538547962904e-09	0.14026254415512085	0.2112308144569397	-1.3278622645884752e-08	1.622538547962904e-09	0.14026251435279846	0.024768419563770294	1.622538547962904e-09	1.622538547962904e-09	0.2112308144569397	-1.3278622645884752e-08	0.011363636702299118	6.912159733474255e-10	0.23242251574993134	-1.3278622645884752e-08	0.006100691854953766	0.29567739367485046	-1.3278622645884752e-08	-1.3278622645884752e-08	1.622538547962904e-09	0.09294700622558594	1.622538547962904e-09	0.06100182235240936	0.01366463303565979	1.622538547962904e-09	0.007563948631286621	0.011995955370366573	0.0061219483613967896	0.030612245202064514	0.00662657618522644	9.073119144886732e-09	-2.4010660126805305e-10	-1.3278622645884752e-08	-1.3278622645884752e-08	-1.3278622645884752e-08	9.999999974752427e-07	0.027936100959777832	0.010625114664435387	0.027522936463356018	0.007871739566326141	9.999999974752427e-07	1.622538547962904e-09	0.006626579910516739	0.14026251435279846	0.010101010091602802	0.09294699132442474	0.14026251435279846	0.29567742347717285	0.21123076975345612	-1.3278622645884752e-08	0.013964534737169743	0.011995954439043999	0.0061219483613967896	0.10661163181066513	1.622538547962904e-09	0.02664199471473694	0.2191026210784912	0.06100182980298996	1.622538547962904e-09	0.013319892808794975	0.0061219483613967896	1.622538547962904e-09	0.10661161690950394	9.999999974752427e-07	-1.3278622645884752e-08	1.622538547962904e-09	1.622538547962904e-09	-2.4010660126805305e-10	1.622538547962904e-09	9.999999974752427e-07	1.622538547962904e-09	0.015181045979261398	1.622538547962904e-09	6.912159733474255e-10	0.010238775983452797	0.007871739566326141	0.006139293313026428	1.622538547962904e-09	1.622538547962904e-09	1.622538547962904e-09	0.36081427335739136	0.07295437157154083	0.008505983278155327	0.2816368341445923	0.009365733712911606	0.026101619005203247	-1.3278622645884752e-08	0.3097529113292694	8.000001798791345e-07	0.07295437157154083	0.3097529113292694	-1.3278622645884752e-08	2.255546860396862e-10	-5.828042048960924e-09	0.22092559933662415	0.024959877133369446	-1.3278622645884752e-08	1.622538547962904e-09	1.622538547962904e-09	-1.3278622645884752e-08	9.999999974752427e-07	0.21155986189842224	0.22092559933662415	2.255546860396862e-10	0.00917431153357029	0.1840570569038391	0.026101604104042053	1.622538547962904e-09	-5.828042048960924e-09	0.22092559933662415	1.622538547962904e-09	-1.3278622645884752e-08	0.008564604446291924	0.2986621558666229	1.622538547962904e-09	9.999999974752427e-07	0.2986621558666229	2.255546860396862e-10	2.255546860396862e-10	1.622538547962904e-09	0.1273503601551056	-5.828042048960924e-09	0.08163265138864517	0.01516491174697876	0.008196720853447914	9.999999974752427e-07	-2.4010660126805305e-10	0.026101619005203247	0.07547169923782349	1.3999997463542968e-06	0.015599853359162807	0.01042632944881916	0.009330726228654385	0.018172089010477066	1.622538547962904e-09	1.622538547962904e-09	0.024959877133369446	0.028257330879569054	9.999999974752427e-07	0.008460652083158493	-1.3278622645884752e-08	9.999999974752427e-07	8.000001798791345e-07	0.14251525700092316	0.009365729987621307	0.1273503601551056	0.14251527190208435	0.2986621558666229	0.2816368341445923	0.00933072715997696	0.05747126415371895	-2.4010660126805305e-10	9.999999974752427e-07	0.14251521229743958	6.000000212225132e-07	0.009365737438201904	0.29009753465652466	0.1273503601551056	0.04308461770415306	-2.4010660126805305e-10	0.009282229468226433	1.622538547962904e-09	0.14251525700092316	9.999999974752427e-07	2.255546860396862e-10	0.027484744787216187	0.017241379246115685	0.009325018152594566	-5.828042048960924e-09	-1.3278622645884752e-08	0.015599831938743591	0.02495986968278885	-2.4010660126805305e-10	9.999999974752427e-07	-1.3278622645884752e-08	0.008460652083158493	0.011090751737356186	1.622538547962904e-09	9.999999974752427e-07	0.016819393262267113
25	-15547.466796875	-1	9	57	76	75	26	89	10	62	48	0	26	84	41	29	91	66	5	0	11	24	14	68	37	85	21	0	0	50	22	3	66	33	67	21	43	7	69	12	0	65	50	77	73	24	43	79	5	42	1	78	57	69	21	34	56	0	70	42	76	31	43	49	25	4	73	63	36	3	21	1	46	80	82	49	14	33	40	77	33	47	9	66	48	69	78	85	57	13	11	50	56	7	32	19	59	7	0	25	47	0.5437127947807312	0.08644906431436539	0.010285336524248123	0.4145510792732239	0.012830331921577454	0.010498285293579102	0.010526316240429878	0.4251323938369751	9.999999974752427e-07	0.08644905686378479	0.44155386090278625	0.06554710865020752	9.999999974752427e-07	9.999999974752427e-07	0.4095746874809265	9.999999974752427e-07	0.005317971110343933	1.622538547962904e-09	1.622538547962904e-09	9.999999974752427e-07	0.02298850566148758	0.39674437046051025	0.4095746576786041	9.999999974752427e-07	0.03314200043678284	0.2897196114063263	0.07604538649320602	1.622538547962904e-09	9.999999974752427e-07	0.4095746576786041	0.0049764662981033325	1.622538547962904e-09	1.622538547962904e-09	0.4145510196685791	0.03333333507180214	-1.3278622645884752e-08	0.42513248324394226	9.999999974752427e-07	9.999999974752427e-07	1.622538547962904e-09	0.22580645978450775	0.012048192322254181	0.1361638456583023	-1.3278622645884752e-08	9.999999974752427e-07	-1.3278622645884752e-08	1.622538547962904e-09	0.010498279705643654	0.1361638605594635	0.030567780137062073	0.02411612868309021	1.622538547962904e-09	0.008196720853447914	0.010869565419852734	9.999999974752427e-07	0.010526316240429878	0.026113219559192657	0.019338728860020638	-2.4010660126805305e-10	-1.3278622645884752e-08	1.622538547962904e-09	-1.3278622645884752e-08	0.030567795038223267	0.2705919146537781	9.999999974752427e-07	0.26527389883995056	0.2705919146537781	0.4251324534416199	0.40957462787628174	0.030927833169698715	0.05588129162788391	1.622538547962904e-09	0.010498277842998505	0.2652738690376282	-1.3278622645884752e-08	0.012830331921577454	0.4145510792732239	0.22250455617904663	0.08634074777364731	1.622538547962904e-09	0.010498279705643654	1.622538547962904e-09	0.26527389883995056	0.036036036908626556	0.009900989942252636	0.062224678695201874	0.029082641005516052	0.009053405374288559	9.999999974752427e-07	0.012195121496915817	9.999999974752427e-07	0.008547008968889713	-1.3278622645884752e-08	1.622538547962904e-09	9.999999974752427e-07	-1.3278622645884752e-08	-1.3278622645884752e-08	1.622538547962904e-09	9.999999974752427e-07	1.622538547962904e-09	0.4231007397174835	0.04496558755636215	0.010405869223177433	0.2722354531288147	0.010044899769127369	0.021052632480859756	9.999999974752427e-07	0.31625208258628845	0.018691588193178177	0.05226296931505203	0.31625211238861084	0.01785714365541935	0.010989011265337467	1.622538547962904e-09	0.2722354829311371	9.999999974752427e-07	1.622538547962904e-09	0.019417475908994675	1.622538547962904e-09	9.999999974752427e-07	6.666664376098197e-07	0.2291666716337204	0.2722354531288147	9.999999974752427e-07	1.3333333299669903e-06	0.18190434575080872	0.09699182957410812	1.622538547962904e-09	0.0078512541949749	0.2722354829311371	1.622538547962904e-09	1.622538547962904e-09	0.010638297535479069	0.31625205278396606	9.999999974752427e-07	-7.275957614183426e-12	0.31625205278396606	0.010526316240429878	0.009009009227156639	1.622538547962904e-09	0.10256187617778778	1.622538547962904e-09	0.0606570690870285	0.008510754443705082	6.666664376098197e-07	-7.275957614183426e-12	9.999999974752427e-07	1.3999997463542968e-06	0.05226297304034233	0.034559715539216995	0.022432174533605576	2.255546860396862e-10	9.999999974752427e-07	9.999999974752427e-07	9.999999974752427e-07	0.008264463394880295	0.009856700897216797	0.010405868291854858	0.008394084870815277	1.622538547962904e-09	1.622538547962904e-09	0.008510754443705082	0.034559715539216995	0.18190430104732513	0.010044899769127369	0.11764705926179886	0.18190434575080872	0.31625205278396606	0.2722354531288147	0.042105261236429214	0.010405870154500008	9.999999974752427e-07	8.000001798791345e-07	0.18190434575080872	1.622538547962904e-09	0.010044898837804794	0.2722354531288147	0.10256189107894897	0.04190482199192047	9.999999974752427e-07	8.000001798791345e-07	0.00729738175868988	0.1819043606519699	1.622538547962904e-09	0.016949152573943138	0.01947261206805706	9.999999974752427e-07	2.255546860396862e-10	1.622538547962904e-09	0.011627906933426857	0.014580924063920975	9.999999974752427e-07	1.622538547962904e-09	9.999999974752427e-07	9.999999974752427e-07	1.622538547962904e-09	1.622538547962904e-09	1.622538547962904e-09	1.622538547962904e-09	6.000000212225132e-07	0.449466347694397	0.08000115305185318	9.999999974752427e-07	0.33304834365844727	-1.3278622645884752e-08	0.03483247756958008	9.999999974752427e-07	0.386263370513916	0.009220771491527557	0.08756303787231445	0.386263370513916	0.01332206092774868	-1.3278622645884752e-08	9.999999974752427e-07	0.2947916090488434	9.999999974752427e-07	0.029411764815449715	9.999999974752427e-07	-1.3278622645884752e-08	0.008118398487567902	0.010526316240429878	0.294791579246521	0.294791579246521	-1.3278622645884752e-08	0.01075268816202879	0.2947915196418762	0.04815460741519928	-1.3278622645884752e-08	0.02777777798473835	0.2947915494441986	0.019186578691005707	9.999999974752427e-07	0.008000500500202179	0.38626328110694885	-1.3278622645884752e-08	1.622538547962904e-09	0.38626334071159363	-1.3278622645884752e-08	-1.3278622645884752e-08	-1.3278622645884752e-08	0.1528805047273636	9.999999974752427e-07	0.08756301552057266	0.009048528037965298	9.999999974752427e-07	1.622538547962904e-09	0.009131006896495819	0.02860131859779358	0.08756303787231445	0.009220770560204983	0.04123711213469505	9.999999974752427e-07	-1.3278622645884752e-08	-1.3278622645884752e-08	-1.3278622645884752e-08	0.008003756403923035	0.01504833996295929	0.029999999329447746	1.622538547962904e-09	0.00909090880304575	9.999999974752427e-07	0.009048528969287872	0.009220771491527557	0.294791579246521	-1.3278622645884752e-08	0.15288051962852478	0.2499999850988388	0.38626334071159363	0.31386178731918335	-1.3278622645884752e-08	0.032608695328235626	0.009130999445915222	9.999999974752427e-07	0.16192904114723206	-2.4010660126805305e-10	-1.3278622645884752e-08	0.36913183331489563	0.1528804898262024	0.06531748175621033	0.009131021797657013	0.028601333498954773	0.00756189227104187	0.16814157366752625	1.622538547962904e-09	-1.3278622645884752e-08	0.021052632480859756	0.009900989942252636	0.027272727340459824	9.999999974752427e-07	0.005203664302825928	0.008620689623057842	0.007044583559036255	-1.3278622645884752e-08	0.008000500500202179	0.008118398487567902	9.999999974752427e-07	-1.3278622645884752e-08	-1.3278622645884752e-08	1.622538547962904e-09	1.622538547962904e-09	0.4417252540588379	0.024390242993831635	9.999999974752427e-07	0.30527329444885254	0.010416666977107525	0.01463714987039566	9.999999974752427e-07	0.3760969340801239	9.999999974752427e-07	0.04878048598766327	0.3760969340801239	0.05099134147167206	9.999999974752427e-07	0.008882244117558002	0.3052733242511749	1.622538547962904e-09	1.622538547962904e-09	1.622538547962904e-09	1.622538547962904e-09	0.030414395034313202	0.012048192322254181	0.29318323731422424	0.3052733242511749	9.999999974752427e-07	0.017391303554177284	0.2670987844467163	0.06562842428684235	1.622538547962904e-09	0.010416666977107525	0.30527329444885254	1.622538547962904e-09	1.622538547962904e-09	1.622538547962904e-09	0.3052733242511749	1.622538547962904e-09	0.010526316240429878	0.3760969340801239	9.999999974752427e-07	9.999999974752427e-07	1.622538547962904e-09	0.14387741684913635	0.025641024112701416	0.07431011646986008	0.032608695328235626	9.999999974752427e-07	0.009615384973585606	1.622538547962904e-09	0.014637134969234467	0.07431010156869888	0.010309278033673763	0.04452749714255333	0.009433962404727936	9.999999974752427e-07	1.622538547962904e-09	1.622538547962904e-09	1.622538547962904e-09	1.622538547962904e-09	0.009569531306624413	1.622538547962904e-09	1.622538547962904e-09	1.622538547962904e-09	0.01123595517128706	9.999999974752427e-07	0.20471768081188202	9.999999974752427e-07	0.14387744665145874	0.2047176957130432	0.3052733242511749	0.3052733242511749	0.026084452867507935	0.009569531306624413	1.622538547962904e-09	0.010101010091602802	0.204717755317688	0.010204081423580647	0.010989011265337467	0.30527329444885254	0.14387741684913635	0.06956726312637329	1.622538547962904e-09	0.01463712751865387	9.999999974752427e-07	0.20471777021884918	0.009803921915590763	9.999999974752427e-07	0.02503982186317444	9.999999974752427e-07	9.999999974752427e-07	0.008882243186235428	0.020576931536197662	9.999999974752427e-07	1.622538547962904e-09	1.622538547962904e-09	1.622538547962904e-09	9.999999974752427e-07	1.622538547962904e-09	1.622538547962904e-09	1.622538547962904e-09	9.999999974752427e-07	1.622538547962904e-09	0.3537144064903259	0.026411600410938263	4.2857209336943924e-07	0.20192477107048035	1.622538547962904e-09	0.027027027681469917	-7.275957614183426e-12	0.28152182698249817	1.622538547962904e-09	0.026411622762680054	0.2815217971801758	0.010256588459014893	9.999999974752427e-07	1.622538547962904e-09	0.20192475616931915	9.999999974752427e-07	1.622538547962904e-09	9.999999974752427e-07	1.622538547962904e-09	0.010256589390337467	1.622538547962904e-09	0.20192474126815796	0.20192478597164154	1.622538547962904e-09	1.622538547962904e-09	0.16246558725833893	0.058733657002449036	1.622538547962904e-09	0.027633339166641235	0.20192474126815796	-1.3278622645884752e-08	1.622538547962904e-09	-1.3278622645884752e-08	0.20192480087280273	0.008206728845834732	9.999999974752427e-07	0.2740027606487274	1.622538547962904e-09	9.999999974752427e-07	1.622538547962904e-09	0.05703481286764145	1.622538547962904e-09	0.02641153335571289	0.03179077059030533	1.622538547962904e-09	9.999999974752427e-07	-1.3278622645884752e-08	0.009401541203260422	0.026411622762680054	0.009916093200445175	0.027633339166641235	4.2857209336943924e-07	1.622538547962904e-09	0.013445660471916199	0.008206726983189583	9.999999974752427e-07	0.013458967208862305	1.2857158253609668e-06	-1.3278622645884752e-08	-1.3278622645884752e-08	1.622538547962904e-09	9.999999974752427e-07	1.622538547962904e-09	0.16246560215950012	1.622538547962904e-09	0.05703481659293175	0.10570608824491501	0.2626262307167053	0.20192474126815796	0.017806870862841606	1.2857121873821598e-06	-1.3278622645884752e-08	9.999999974752427e-07	0.08882559835910797	0.009916089475154877	1.622538547962904e-09	0.20192471146583557	0.05404491350054741	0.027633339166641235	-1.3278622645884752e-08	0.009401543065905571	1.622538547962904e-09	0.1057060956954956	-1.3278622645884752e-08	0.01780688762664795	1.622538547962904e-09	1.622538547962904e-09	4.2857209336943924e-07	1.622538547962904e-09	-7.275957614183426e-12	1.622538547962904e-09	9.999999974752427e-07	1.622538547962904e-09	-1.3278622645884752e-08	9.999999974752427e-07	-1.3278622645884752e-08	0.007519088685512543	1.622538547962904e-09	-1.3278622645884752e-08	2.255546860396862e-10	0.5330701470375061	0.005072489380836487	5.000001692678779e-07	0.3791336715221405	0.015137113630771637	0.04571791738271713	9.999999974752427e-07	0.47317150235176086	1.622538547962904e-09	0.08930285274982452	0.47317150235176086	0.014180615544319153	0.010177051648497581	9.999999974752427e-07	0.2838802933692932	-1.3278622645884752e-08	1.622538547962904e-09	0.009429072961211205	-1.3278622645884752e-08	0.007485575973987579	9.999999974752427e-07	0.26874327659606934	0.3461630940437317	0.011049933731555939	0.012431889772415161	0.21618454158306122	0.059898510575294495	-1.3278622645884752e-08	1.622538547962904e-09	0.2838803231716156	0.030927835032343864	0.04472167789936066	-1.3278622645884752e-08	0.39345017075538635	1.622538547962904e-09	-1.3278622645884752e-08	0.39345014095306396	0.011049933731555939	0.010177051648497581	-1.3278622645884752e-08	0.16346153616905212	0.04000958055257797	0.08930287510156631	-1.3278622645884752e-08	0.010416666977107525	-1.3278622645884752e-08	0.01431649923324585	0.03628883510828018	0.08930285274982452	1.622538547962904e-09	0.0478060245513916	5.000001692678779e-07	0.028037382289767265	1.622538547962904e-09	1.622538547962904e-09	-1.3278622645884752e-08	-1.3278622645884752e-08	1.5000005078036338e-06	1.622538547962904e-09	-1.3278622645884752e-08	9.999999974752427e-07	-1.3278622645884752e-08	1.622538547962904e-09	0.21618443727493286	0.015137113630771637	0.171462744474411	0.21618443727493286	0.3934501111507416	0.3461630940437317	0.05255889892578125	0.005072489380836487	9.999999974752427e-07	0.02286946028470993	0.1714627593755722	1.622538547962904e-09	0.015137113630771637	0.3791336417198181	0.1495407670736313	0.06023794412612915	0.014316491782665253	0.02286946028470993	0.008695651777088642	0.1714627742767334	1.622538547962904e-09	0.010177051648497581	0.012431896291673183	1.622538547962904e-09	5.000001692678779e-07	9.999999974752427e-07	0.0066950321197509766	0.007796458899974823	-1.3278622645884752e-08	0.030927835032343864	-1.3278622645884752e-08	0.007485579699277878	-1.3278622645884752e-08	0.02777777798473835	-1.3278622645884752e-08	-1.3278622645884752e-08	0.008695651777088642	0.36692187190055847	0.04854368790984154	5.000001692678779e-07	0.19233906269073486	1.622538547962904e-09	0.021178647875785828	0.019078660756349564	0.26595744490623474	9.999999974752427e-07	0.0752153992652893	0.2984440326690674	0.019078657031059265	9.999999974752427e-07	0.010416666977107525	0.19233903288841248	0.010324249044060707	0.007624365389347076	1.622538547962904e-09	1.622538547962904e-09	1.622538547962904e-09	9.999999974752427e-07	0.19233906269073486	0.19233904778957367	1.622538547962904e-09	0.026356376707553864	0.1634756177663803	0.040257349610328674	1.622538547962904e-09	1.622538547962904e-09	0.19233903288841248	1.622538547962904e-09	0.015332028269767761	0.0117647061124444	0.24910280108451843	0.01778506115078926	-1.3278622645884752e-08	0.24910281598567963	1.622538547962904e-09	9.999999974752427e-07	1.622538547962904e-09	0.1170303225517273	0.015458554029464722	0.0752154290676117	-1.3278622645884752e-08	0.00909090880304575	-1.3278622645884752e-08	0.009573204442858696	0.021178651601076126	0.0752154216170311	0.018691588193178177	0.015458546578884125	5.000001692678779e-07	0.005539216101169586	1.622538547962904e-09	0.01778506115078926	9.999999974752427e-07	0.02822045236825943	1.5000005078036338e-06	1.622538547962904e-09	9.999999974752427e-07	9.999999974752427e-07	-1.3278622645884752e-08	9.999999974752427e-07	0.16347557306289673	1.622538547962904e-09	0.14051920175552368	0.16347560286521912	0.24910278618335724	0.19233903288841248	0.01107841171324253	0.010101010091602802	0.009573204442858696	0.009177438914775848	0.1405191868543625	0.008695651777088642	1.622538547962904e-09	0.2222222238779068	0.11703035235404968	0.04181492328643799	0.011904762126505375	0.0091774370521307	0.010869565419852734	0.14051923155784607	-1.3278622645884752e-08	0.005539216101169586	0.026356376707553864	1.622538547962904e-09	5.000001692678779e-07	0.009999999776482582	0.019078658893704414	1.622538547962904e-09	0.010324249044060707	9.999999974752427e-07	9.999999974752427e-07	1.622538547962904e-09	9.999999974752427e-07	9.999999974752427e-07	1.622538547962904e-09	1.622538547962904e-09	0.01200120896100998	0.4369935989379883	0.05826278030872345	9.999999974752427e-07	0.2679571211338043	9.999999974752427e-07	0.049002572894096375	1.622538547962904e-09	0.3783048689365387	0.009493403136730194	0.06596280634403229	0.3783048689365387	1.622538547962904e-09	9.999999974752427e-07	0.01123595517128706	0.2679571211338043	-2.4010660126805305e-10	1.622538547962904e-09	-1.3278622645884752e-08	1.622538547962904e-09	1.622538547962904e-09	6.666664376098197e-07	0.25453200936317444	0.2679571211338043	0.010989011265337467	1.3333333299669903e-06	0.20756608247756958	0.049002572894096375	1.622538547962904e-09	0.005720056593418121	0.2679571211338043	1.622538547962904e-09	0.015754275023937225	0.010256917215883732	0.3783048391342163	0.016017913818359375	-2.4010660126805305e-10	0.3783048391342163	0.01991109922528267	9.999999974752427e-07	1.622538547962904e-09	0.1568257212638855	0.013005435466766357	0.11561180651187897	0.01815195381641388	6.666664376098197e-07	0.01815195381641388	0.010526316240429878	0.04900252819061279	0.06741572916507721	0.03269492834806442	0.018725495785474777	0.00909090880304575	-2.4010660126805305e-10	1.622538547962904e-09	0.00917431153357029	0.00968627817928791	0.009686276316642761	0.025567827746272087	9.999999974752427e-07	0.043478261679410934	0.015754275023937225	-2.4010660126805305e-10	0.009493403136730194	0.2075660675764084	9.999999974752427e-07	0.15682576596736908	0.2075660526752472	0.3783048391342163	0.26795709133148193	0.030948005616664886	0.025567827746272087	9.999999974752427e-07	9.999999974752427e-07	0.17497771978378296	0.009708737954497337	0.00909090880304575	0.3183199465274811	0.1568257361650467	0.04121395945549011	0.04972793906927109	0.010204081423580647	0.007700018584728241	0.19181177020072937	9.999999974752427e-07	0.011036906391382217	0.022488445043563843	0.016806723549962044	9.999999974752427e-07	0.009615384973585606	1.622538547962904e-09	1.622538547962904e-09	-2.4010660126805305e-10	1.622538547962904e-09	9.999999974752427e-07	1.622538547962904e-09	0.009803921915590763	1.622538547962904e-09	1.622538547962904e-09	1.622538547962904e-09	9.999999974752427e-07	0.3545212745666504	0.02059110254049301	0.010625112801790237	0.21123076975345612	0.02664196491241455	0.006121926009654999	9.999999974752427e-07	0.3018167018890381	0.006626579910516739	0.02059112675487995	0.3018167018890381	0.01864650845527649	-1.3278622645884752e-08	1.622538547962904e-09	0.16690458357334137	0.015181045979261398	9.999999974752427e-07	1.622538547962904e-09	1.622538547962904e-09	0.010238776914775372	1.622538547962904e-09	0.14026254415512085	0.21123087406158447	-1.3278622645884752e-08	1.622538547962904e-09	0.14026251435279846	0.02476842701435089	1.622538547962904e-09	1.622538547962904e-09	0.21123087406158447	-1.3278622645884752e-08	0.011363636702299118	6.912159733474255e-10	0.23242248594760895	-1.3278622645884752e-08	0.006100691854953766	0.29567742347717285	-1.3278622645884752e-08	-1.3278622645884752e-08	1.622538547962904e-09	0.09294700622558594	1.622538547962904e-09	0.06100180745124817	0.01366463303565979	1.622538547962904e-09	0.007563948631286621	0.011995955370366573	0.0061219558119773865	0.030612245202064514	0.00662657618522644	9.073119144886732e-09	-2.4010660126805305e-10	-1.3278622645884752e-08	-1.3278622645884752e-08	-1.3278622645884752e-08	9.999999974752427e-07	0.027936115860939026	0.010625114664435387	0.027522936463356018	0.00787179172039032	9.999999974752427e-07	1.622538547962904e-09	0.006626579910516739	0.14026251435279846	0.010101010091602802	0.09294699132442474	0.14026251435279846	0.29567742347717285	0.21123088896274567	-1.3278622645884752e-08	0.013964534737169743	0.011995954439043999	0.0061219483613967896	0.10661163181066513	1.622538547962904e-09	0.02664196491241455	0.21910257637500763	0.061001840978860855	1.622538547962904e-09	0.013319926336407661	0.0061219483613967896	1.622538547962904e-09	0.10661161690950394	9.999999974752427e-07	-1.3278622645884752e-08	1.622538547962904e-09	1.622538547962904e-09	-2.4010660126805305e-10	1.622538547962904e-09	9.999999974752427e-07	1.622538547962904e-09	0.015181045979261398	1.622538547962904e-09	6.912159733474255e-10	0.010238775983452797	0.007871784269809723	0.006139293313026428	1.622538547962904e-09	1.622538547962904e-09	1.622538547962904e-09	0.36081427335739136	0.07295437157154083	0.008505983278155327	0.2816368341445923	0.009365733712911606	0.026101619005203247	-1.3278622645884752e-08	0.3097529113292694	8.000001798791345e-07	0.07295437157154083	0.3097529113292694	-1.3278622645884752e-08	2.255546860396862e-10	-5.828042048960924e-09	0.22092559933662415	0.024959877133369446	-1.3278622645884752e-08	1.622538547962904e-09	1.622538547962904e-09	-1.3278622645884752e-08	9.999999974752427e-07	0.21155986189842224	0.22092559933662415	2.255546860396862e-10	0.00917431153357029	0.1840570569038391	0.026101604104042053	1.622538547962904e-09	-5.828042048960924e-09	0.22092559933662415	1.622538547962904e-09	-1.3278622645884752e-08	0.008564604446291924	0.2986621558666229	1.622538547962904e-09	9.999999974752427e-07	0.2986621558666229	2.255546860396862e-10	2.255546860396862e-10	1.622538547962904e-09	0.1273503601551056	-5.828042048960924e-09	0.08163265138864517	0.01516491174697876	0.008196720853447914	9.999999974752427e-07	-2.4010660126805305e-10	0.026101619005203247	0.07547169923782349	1.3999997463542968e-06	0.015599853359162807	0.01042632944881916	0.009330726228654385	0.018172089010477066	1.622538547962904e-09	1.622538547962904e-09	0.024959877133369446	0.028257330879569054	9.999999974752427e-07	0.008460652083158493	-1.3278622645884752e-08	9.999999974752427e-07	8.000001798791345e-07	0.14251525700092316	0.009365729987621307	0.1273503601551056	0.14251527190208435	0.2986621558666229	0.2816368341445923	0.00933072715997696	0.05747126415371895	-2.4010660126805305e-10	9.999999974752427e-07	0.14251521229743958	6.000000212225132e-07	0.009365737438201904	0.29009753465652466	0.1273503601551056	0.04308461770415306	-2.4010660126805305e-10	0.009282229468226433	1.622538547962904e-09	0.14251525700092316	9.999999974752427e-07	2.255546860396862e-10	0.027484744787216187	0.017241379246115685	0.009325018152594566	-5.828042048960924e-09	-1.3278622645884752e-08	0.015599831938743591	0.02495986968278885	-2.4010660126805305e-10	9.999999974752427e-07	-1.3278622645884752e-08	0.008460652083158493	0.011090751737356186	1.622538547962904e-09	9.999999974752427e-07	0.016819393262267113
26	-15547.466796875	-1	9	57	76	75	26	89	10	62	48	0	26	84	41	29	91	66	5	0	11	24	14	68	37	85	21	0	0	50	22	3	66	33	67	21	43	7	69	12	0	65	50	77	73	24	43	79	5	42	1	78	57	69	21	34	56	0	70	42	76	31	43	49	25	4	73	63	36	3	21	1	46	80	82	49	14	33	40	77	33	47	9	66	48	69	78	85	57	13	11	50	56	7	32	19	59	7	0	26	47	0.5437127351760864	0.08644906431436539	0.010285336524248123	0.4145510792732239	0.012830331921577454	0.010498285293579102	0.010526316240429878	0.4251323938369751	9.999999974752427e-07	0.08644905686378479	0.4415539801120758	0.0655471533536911	9.999999974752427e-07	9.999999974752427e-07	0.4095746874809265	9.999999974752427e-07	0.005317971110343933	1.622538547962904e-09	1.622538547962904e-09	9.999999974752427e-07	0.02298850566148758	0.39674437046051025	0.4095746576786041	9.999999974752427e-07	0.03314200043678284	0.2897196114063263	0.07604541629552841	1.622538547962904e-09	9.999999974752427e-07	0.4095746576786041	0.0049764662981033325	1.622538547962904e-09	1.622538547962904e-09	0.4145510196685791	0.03333333507180214	-1.3278622645884752e-08	0.42513248324394226	9.999999974752427e-07	9.999999974752427e-07	1.622538547962904e-09	0.22580645978450775	0.012048192322254181	0.1361638456583023	-1.3278622645884752e-08	9.999999974752427e-07	-1.3278622645884752e-08	1.622538547962904e-09	0.010498294606804848	0.1361638605594635	0.030567780137062073	0.02411612868309021	1.622538547962904e-09	0.008196720853447914	0.010869565419852734	9.999999974752427e-07	0.010526316240429878	0.026113301515579224	0.019338728860020638	-2.4010660126805305e-10	-1.3278622645884752e-08	1.622538547962904e-09	-1.3278622645884752e-08	0.030567795038223267	0.2705919146537781	9.999999974752427e-07	0.26527389883995056	0.2705919146537781	0.4251324534416199	0.40957462787628174	0.030927833169698715	0.05588129162788391	1.622538547962904e-09	0.0104982890188694	0.2652738690376282	-1.3278622645884752e-08	0.012830331921577454	0.4145510792732239	0.22250455617904663	0.08634074777364731	1.622538547962904e-09	0.01049829088151455	1.622538547962904e-09	0.26527389883995056	0.036036036908626556	0.009900989942252636	0.062224678695201874	0.029082641005516052	0.009053405374288559	9.999999974752427e-07	0.012195121496915817	9.999999974752427e-07	0.008547008968889713	-1.3278622645884752e-08	1.622538547962904e-09	9.999999974752427e-07	-1.3278622645884752e-08	-1.3278622645884752e-08	1.622538547962904e-09	1.622538547962904e-09	1.622538547962904e-09	0.4231007397174835	0.04496558755636215	0.010405869223177433	0.2722354531288147	0.010044899769127369	0.021052632480859756	9.999999974752427e-07	0.31625208258628845	0.018691588193178177	0.05226296931505203	0.31625211238861084	0.01785714365541935	0.010989011265337467	1.622538547962904e-09	0.2722354531288147	9.999999974752427e-07	1.622538547962904e-09	0.019417475908994675	1.622538547962904e-09	9.999999974752427e-07	6.666664376098197e-07	0.2291666716337204	0.2722354531288147	9.999999974752427e-07	1.3333333299669903e-06	0.1819043606519699	0.09699182957410812	1.622538547962904e-09	0.0078512541949749	0.2722354531288147	1.622538547962904e-09	1.622538547962904e-09	0.010638297535479069	0.31625205278396606	9.999999974752427e-07	-7.275957614183426e-12	0.31625205278396606	0.010526316240429878	0.009009009227156639	1.622538547962904e-09	0.10256187617778778	1.622538547962904e-09	0.0606570690870285	0.008510754443705082	6.666664376098197e-07	-7.275957614183426e-12	9.999999974752427e-07	1.3999997463542968e-06	0.05226297304034233	0.034559715539216995	0.022432174533605576	2.255546860396862e-10	9.999999974752427e-07	9.999999974752427e-07	9.999999974752427e-07	0.008264463394880295	0.009856700897216797	0.010405868291854858	0.008394084870815277	1.622538547962904e-09	1.622538547962904e-09	0.008510754443705082	0.034559715539216995	0.18190431594848633	0.010044899769127369	0.11764705926179886	0.18190434575080872	0.31625205278396606	0.2722354531288147	0.042105261236429214	0.010405870154500008	9.999999974752427e-07	8.000001798791345e-07	0.18190434575080872	1.622538547962904e-09	0.010044898837804794	0.2722354531288147	0.10256189107894897	0.04190482199192047	9.999999974752427e-07	8.000001798791345e-07	0.00729738175868988	0.18190434575080872	1.622538547962904e-09	0.016949152573943138	0.01947261206805706	9.999999974752427e-07	2.255546860396862e-10	1.622538547962904e-09	0.011627906933426857	0.014580924063920975	9.999999974752427e-07	1.622538547962904e-09	9.999999974752427e-07	9.999999974752427e-07	1.622538547962904e-09	1.622538547962904e-09	1.622538547962904e-09	9.999999974752427e-07	6.000000212225132e-07	0.449466347694397	0.08000115305185318	9.999999974752427e-07	0.3330483138561249	-1.3278622645884752e-08	0.03483249247074127	9.999999974752427e-07	0.3862634003162384	0.009220771491527557	0.08756303787231445	0.3862634003162384	0.013322075828909874	-1.3278622645884752e-08	9.999999974752427e-07	0.2947915494441986	9.999999974752427e-07	0.029411764815449715	9.999999974752427e-07	-1.3278622645884752e-08	0.008118405938148499	0.010526316240429878	0.2947915494441986	0.2947915196418762	-1.3278622645884752e-08	0.01075268816202879	0.2947915196418762	0.04815457761287689	-1.3278622645884752e-08	0.02777777798473835	0.2947915494441986	0.019186578691005707	9.999999974752427e-07	0.008000478148460388	0.38626328110694885	-1.3278622645884752e-08	1.622538547962904e-09	0.38626331090927124	-1.3278622645884752e-08	-1.3278622645884752e-08	-1.3278622645884752e-08	0.1528805047273636	9.999999974752427e-07	0.08756301552057266	0.009048528037965298	9.999999974752427e-07	1.622538547962904e-09	0.009130999445915222	0.02860131859779358	0.08756303787231445	0.009220770560204983	0.04123711213469505	9.999999974752427e-07	-1.3278622645884752e-08	-1.3278622645884752e-08	-1.3278622645884752e-08	0.008003748953342438	0.015048369765281677	0.029999999329447746	1.622538547962904e-09	0.00909090880304575	9.999999974752427e-07	0.009048528969287872	0.009220771491527557	0.2947915196418762	-1.3278622645884752e-08	0.15288051962852478	0.2499999850988388	0.38626331090927124	0.31386175751686096	-1.3278622645884752e-08	0.032608695328235626	0.009130991995334625	9.999999974752427e-07	0.16192904114723206	-2.4010660126805305e-10	-1.3278622645884752e-08	0.36913180351257324	0.1528804898262024	0.06531748175621033	0.009130991995334625	0.028601333498954773	0.00756189227104187	0.16814157366752625	1.622538547962904e-09	-1.3278622645884752e-08	0.021052632480859756	0.009900989942252636	0.027272727340459824	9.999999974752427e-07	0.005203679203987122	0.008620689623057842	0.007044576108455658	-1.3278622645884752e-08	0.008000478148460388	0.008118405938148499	9.999999974752427e-07	-1.3278622645884752e-08	-1.3278622645884752e-08	1.622538547962904e-09	1.622538547962904e-09	0.4417252540588379	0.024390242993831635	9.999999974752427e-07	0.30527326464653015	0.010416666977107525	0.014637134969234467	9.999999974752427e-07	0.3760969042778015	9.999999974752427e-07	0.04878048598766327	0.3760969042778015	0.05099133402109146	9.999999974752427e-07	0.008882244117558002	0.30527329444885254	1.622538547962904e-09	1.622538547962904e-09	1.622538547962904e-09	1.622538547962904e-09	0.030414409935474396	0.012048192322254181	0.29318323731422424	0.30527329444885254	9.999999974752427e-07	0.017391303554177284	0.2670987844467163	0.06562839448451996	1.622538547962904e-09	0.010416666977107525	0.30527329444885254	1.622538547962904e-09	1.622538547962904e-09	1.622538547962904e-09	0.30527329444885254	1.622538547962904e-09	0.010526316240429878	0.3760969042778015	9.999999974752427e-07	9.999999974752427e-07	1.622538547962904e-09	0.14387741684913635	0.025641024112701416	0.07431011646986008	0.032608695328235626	9.999999974752427e-07	0.009615384973585606	1.622538547962904e-09	0.01463712751865387	0.07431010156869888	0.010309278033673763	0.04452749714255333	0.009433962404727936	9.999999974752427e-07	1.622538547962904e-09	1.622538547962904e-09	1.622538547962904e-09	1.622538547962904e-09	0.009569531306624413	1.622538547962904e-09	1.622538547962904e-09	1.622538547962904e-09	0.01123595517128706	9.999999974752427e-07	0.20471768081188202	9.999999974752427e-07	0.14387744665145874	0.2047176957130432	0.3052733242511749	0.30527329444885254	0.026084452867507935	0.009569531306624413	1.622538547962904e-09	0.010101010091602802	0.204717755317688	0.010204081423580647	0.010989011265337467	0.30527329444885254	0.14387741684913635	0.06956726312637329	1.622538547962904e-09	0.01463712751865387	9.999999974752427e-07	0.20471777021884918	0.009803921915590763	9.999999974752427e-07	0.02503982186317444	9.999999974752427e-07	9.999999974752427e-07	0.008882243186235428	0.020576931536197662	9.999999974752427e-07	1.622538547962904e-09	1.622538547962904e-09	1.622538547962904e-09	9.999999974752427e-07	1.622538547962904e-09	1.622538547962904e-09	1.622538547962904e-09	1.622538547962904e-09	1.622538547962904e-09	0.3537144362926483	0.026411600410938263	4.2857209336943924e-07	0.20192477107048035	1.622538547962904e-09	0.027027027681469917	-7.275957614183426e-12	0.28152182698249817	1.622538547962904e-09	0.026411622762680054	0.2815217971801758	0.010256588459014893	9.999999974752427e-07	1.622538547962904e-09	0.20192477107048035	9.999999974752427e-07	1.622538547962904e-09	9.999999974752427e-07	1.622538547962904e-09	0.010256589390337467	1.622538547962904e-09	0.20192474126815796	0.20192478597164154	1.622538547962904e-09	1.622538547962904e-09	0.16246558725833893	0.05873370170593262	1.622538547962904e-09	0.027633339166641235	0.20192477107048035	-1.3278622645884752e-08	1.622538547962904e-09	-1.3278622645884752e-08	0.20192483067512512	0.008206691592931747	9.999999974752427e-07	0.2740027904510498	1.622538547962904e-09	9.999999974752427e-07	1.622538547962904e-09	0.05703481286764145	1.622538547962904e-09	0.02641153335571289	0.03179077059030533	1.622538547962904e-09	9.999999974752427e-07	-1.3278622645884752e-08	0.009401541203260422	0.026411622762680054	0.009916093200445175	0.027633339166641235	4.2857209336943924e-07	1.622538547962904e-09	0.013445600867271423	0.008206691592931747	9.999999974752427e-07	0.013458997011184692	1.2857158253609668e-06	-1.3278622645884752e-08	-1.3278622645884752e-08	1.622538547962904e-09	9.999999974752427e-07	1.622538547962904e-09	0.16246557235717773	1.622538547962904e-09	0.05703481659293175	0.10570608824491501	0.2626262605190277	0.20192477107048035	0.01780684106051922	1.2857121873821598e-06	-1.3278622645884752e-08	9.999999974752427e-07	0.08882559835910797	0.009916089475154877	1.622538547962904e-09	0.20192478597164154	0.05404491350054741	0.027633339166641235	-1.3278622645884752e-08	0.009401543065905571	1.622538547962904e-09	0.1057060956954956	-1.3278622645884752e-08	0.017806850373744965	1.622538547962904e-09	1.622538547962904e-09	4.2857209336943924e-07	1.622538547962904e-09	-7.275957614183426e-12	1.622538547962904e-09	9.999999974752427e-07	1.622538547962904e-09	-1.3278622645884752e-08	9.999999974752427e-07	-1.3278622645884752e-08	0.007519088685512543	1.622538547962904e-09	9.999999974752427e-07	2.255546860396862e-10	0.5330700874328613	0.005072489380836487	5.000001692678779e-07	0.3791336119174957	0.015137098729610443	0.045717909932136536	9.999999974752427e-07	0.47317153215408325	1.622538547962904e-09	0.08930285274982452	0.47317153215408325	0.014180630445480347	0.010177051648497581	9.999999974752427e-07	0.283880352973938	-1.3278622645884752e-08	1.622538547962904e-09	0.009429076686501503	-1.3278622645884752e-08	0.007485575973987579	9.999999974752427e-07	0.2687433063983917	0.3461630940437317	0.011049933731555939	0.012431889772415161	0.21618443727493286	0.05989854037761688	-1.3278622645884752e-08	1.622538547962904e-09	0.2838802933692932	0.030927835032343864	0.04472166299819946	-1.3278622645884752e-08	0.39345017075538635	1.622538547962904e-09	-1.3278622645884752e-08	0.39345014095306396	0.011049933731555939	0.010177051648497581	-1.3278622645884752e-08	0.16346153616905212	0.04000958055257797	0.08930287510156631	-1.3278622645884752e-08	0.010416666977107525	-1.3278622645884752e-08	0.014316469430923462	0.036288827657699585	0.08930285274982452	1.622538547962904e-09	0.0478060245513916	5.000001692678779e-07	0.028037382289767265	1.622538547962904e-09	1.622538547962904e-09	-1.3278622645884752e-08	-1.3278622645884752e-08	1.5000005078036338e-06	1.622538547962904e-09	-1.3278622645884752e-08	9.999999974752427e-07	-1.3278622645884752e-08	1.622538547962904e-09	0.21618443727493286	0.015137098729610443	0.171462744474411	0.21618443727493286	0.39345014095306396	0.3461630940437317	0.05255882441997528	0.005072489380836487	9.999999974752427e-07	0.02286946028470993	0.1714627593755722	1.622538547962904e-09	0.01513710618019104	0.37913358211517334	0.1495407670736313	0.06023794412612915	0.014316461980342865	0.02286946028470993	0.008695651777088642	0.1714627593755722	1.622538547962904e-09	0.010177051648497581	0.012431896291673183	1.622538547962904e-09	5.000001692678779e-07	9.999999974752427e-07	0.0066950321197509766	0.007796458899974823	-1.3278622645884752e-08	0.030927835032343864	-1.3278622645884752e-08	0.007485579699277878	-1.3278622645884752e-08	0.02777777798473835	-1.3278622645884752e-08	1.622538547962904e-09	0.008695651777088642	0.36692187190055847	0.04854368790984154	5.000001692678779e-07	0.19233903288841248	1.622538547962904e-09	0.021178647875785828	0.019078664481639862	0.26595741510391235	9.999999974752427e-07	0.0752153992652893	0.298444002866745	0.019078657031059265	9.999999974752427e-07	0.010416666977107525	0.19233903288841248	0.010324249044060707	0.007624365389347076	1.622538547962904e-09	1.622538547962904e-09	1.622538547962904e-09	9.999999974752427e-07	0.19233901798725128	0.19233904778957367	1.622538547962904e-09	0.026356376707553864	0.16347560286521912	0.04025731980800629	1.622538547962904e-09	1.622538547962904e-09	0.19233901798725128	1.622538547962904e-09	0.015332028269767761	0.0117647061124444	0.24910278618335724	0.01778506115078926	-1.3278622645884752e-08	0.24910277128219604	1.622538547962904e-09	9.999999974752427e-07	1.622538547962904e-09	0.1170303225517273	0.015458554029464722	0.0752154290676117	-1.3278622645884752e-08	0.00909090880304575	-1.3278622645884752e-08	0.009573204442858696	0.021178659051656723	0.0752154216170311	0.018691588193178177	0.015458546578884125	5.000001692678779e-07	0.005539216101169586	1.622538547962904e-09	0.01778506115078926	9.999999974752427e-07	0.028220444917678833	1.5000005078036338e-06	1.622538547962904e-09	9.999999974752427e-07	9.999999974752427e-07	-1.3278622645884752e-08	9.999999974752427e-07	0.16347560286521912	1.622538547962904e-09	0.14051920175552368	0.16347560286521912	0.24910280108451843	0.19233901798725128	0.011078406125307083	0.010101010091602802	0.009573204442858696	0.009177438914775848	0.14051921665668488	0.008695651777088642	1.622538547962904e-09	0.2222222089767456	0.11703035235404968	0.04181492328643799	0.011904762126505375	0.0091774370521307	0.010869565419852734	0.14051920175552368	-1.3278622645884752e-08	0.005539216101169586	0.026356376707553864	1.622538547962904e-09	5.000001692678779e-07	0.009999999776482582	0.01907866634428501	1.622538547962904e-09	0.010324249044060707	9.999999974752427e-07	9.999999974752427e-07	1.622538547962904e-09	9.999999974752427e-07	9.999999974752427e-07	1.622538547962904e-09	1.622538547962904e-09	0.01200120896100998	0.43699371814727783	0.05826278030872345	9.999999974752427e-07	0.2679571807384491	9.999999974752427e-07	0.049002572894096375	1.622538547962904e-09	0.37830492854118347	0.009493403136730194	0.06596280634403229	0.37830492854118347	1.622538547962904e-09	9.999999974752427e-07	0.01123595517128706	0.2679571509361267	-2.4010660126805305e-10	1.622538547962904e-09	-1.3278622645884752e-08	1.622538547962904e-09	1.622538547962904e-09	6.666664376098197e-07	0.2545320391654968	0.2679571509361267	0.010989011265337467	1.3333333299669903e-06	0.20756608247756958	0.049002546817064285	1.622538547962904e-09	0.005720056593418121	0.2679571509361267	1.622538547962904e-09	0.01575428992509842	0.010256901383399963	0.3783048391342163	0.01601792871952057	-2.4010660126805305e-10	0.3783048093318939	0.019911106675863266	9.999999974752427e-07	1.622538547962904e-09	0.1568257212638855	0.013005435466766357	0.11561180651187897	0.01815195381641388	6.666664376098197e-07	0.01815195381641388	0.010526316240429878	0.049002498388290405	0.06741572916507721	0.03269492834806442	0.018725495785474777	0.00909090880304575	-2.4010660126805305e-10	1.622538547962904e-09	0.00917431153357029	0.00968625582754612	0.00968625396490097	0.025567827746272087	9.999999974752427e-07	0.043478261679410934	0.01575428992509842	-2.4010660126805305e-10	0.009493403136730194	0.20756609737873077	9.999999974752427e-07	0.15682576596736908	0.20756609737873077	0.3783048391342163	0.2679571211338043	0.030948013067245483	0.025567827746272087	9.999999974752427e-07	9.999999974752427e-07	0.17497771978378296	0.009708737954497337	0.00909090880304575	0.31831997632980347	0.1568257361650467	0.04121395945549011	0.04972793161869049	0.010204081423580647	0.007700018584728241	0.19181180000305176	9.999999974752427e-07	0.011036910116672516	0.022488445043563843	0.016806723549962044	9.999999974752427e-07	0.009615384973585606	1.622538547962904e-09	1.622538547962904e-09	-2.4010660126805305e-10	1.622538547962904e-09	9.999999974752427e-07	1.622538547962904e-09	0.009803921915590763	1.622538547962904e-09	1.622538547962904e-09	1.622538547962904e-09	9.999999974752427e-07	0.3545212745666504	0.02059110254049301	0.010625112801790237	0.21123084425926208	0.02664199471473694	0.006121929734945297	9.999999974752427e-07	0.3018167018890381	0.006626579910516739	0.02059112675487995	0.3018167018890381	0.018646523356437683	-1.3278622645884752e-08	1.622538547962904e-09	0.1669045239686966	0.015181045979261398	9.999999974752427e-07	1.622538547962904e-09	1.622538547962904e-09	0.010238776914775372	1.622538547962904e-09	0.14026254415512085	0.2112308144569397	-1.3278622645884752e-08	1.622538547962904e-09	0.14026251435279846	0.024768434464931488	1.622538547962904e-09	1.622538547962904e-09	0.2112308144569397	-1.3278622645884752e-08	0.011363636702299118	6.912159733474255e-10	0.23242251574993134	-1.3278622645884752e-08	0.006100691854953766	0.29567742347717285	-1.3278622645884752e-08	-1.3278622645884752e-08	1.622538547962904e-09	0.09294700622558594	1.622538547962904e-09	0.06100180745124817	0.01366463303565979	1.622538547962904e-09	0.007563948631286621	0.011995955370366573	0.006121940910816193	0.030612245202064514	0.00662657618522644	9.073119144886732e-09	-2.4010660126805305e-10	-1.3278622645884752e-08	-1.3278622645884752e-08	-1.3278622645884752e-08	9.999999974752427e-07	0.02793613076210022	0.010625114664435387	0.027522936463356018	0.007871739566326141	9.999999974752427e-07	1.622538547962904e-09	0.006626579910516739	0.14026251435279846	0.010101010091602802	0.09294699132442474	0.14026251435279846	0.29567742347717285	0.21123076975345612	-1.3278622645884752e-08	0.013964534737169743	0.011995954439043999	0.0061219558119773865	0.10661163181066513	1.622538547962904e-09	0.02664199471473694	0.2191026210784912	0.061001840978860855	1.622538547962904e-09	0.013319892808794975	0.0061219558119773865	1.622538547962904e-09	0.10661161690950394	9.999999974752427e-07	-1.3278622645884752e-08	1.622538547962904e-09	1.622538547962904e-09	-2.4010660126805305e-10	1.622538547962904e-09	9.999999974752427e-07	1.622538547962904e-09	0.015181045979261398	1.622538547962904e-09	6.912159733474255e-10	0.010238775983452797	0.007871739566326141	0.006139293313026428	1.622538547962904e-09	1.622538547962904e-09	1.622538547962904e-09	0.36081433296203613	0.07295437157154083	0.008505983278155327	0.2816368341445923	0.009365733712911606	0.026101604104042053	-1.3278622645884752e-08	0.309752881526947	8.000001798791345e-07	0.07295437157154083	0.3097529113292694	-1.3278622645884752e-08	2.255546860396862e-10	-5.828042048960924e-09	0.22092559933662415	0.024959877133369446	-1.3278622645884752e-08	1.622538547962904e-09	1.622538547962904e-09	-1.3278622645884752e-08	9.999999974752427e-07	0.21155986189842224	0.22092559933662415	2.255546860396862e-10	0.00917431153357029	0.1840570569038391	0.026101619005203247	1.622538547962904e-09	-5.828042048960924e-09	0.22092559933662415	1.622538547962904e-09	-1.3278622645884752e-08	0.008564604446291924	0.29866212606430054	1.622538547962904e-09	9.999999974752427e-07	0.2986621558666229	2.255546860396862e-10	2.255546860396862e-10	1.622538547962904e-09	0.1273503601551056	-5.828042048960924e-09	0.08163265138864517	0.01516491174697876	0.008196720853447914	9.999999974752427e-07	-2.4010660126805305e-10	0.02610161155462265	0.07547169923782349	1.3999997463542968e-06	0.015599853359162807	0.01042632944881916	0.009330726228654385	0.018172089010477066	1.622538547962904e-09	1.622538547962904e-09	0.024959877133369446	0.028257330879569054	9.999999974752427e-07	0.008460663259029388	-1.3278622645884752e-08	9.999999974752427e-07	8.000001798791345e-07	0.14251525700092316	0.009365729987621307	0.1273503601551056	0.14251527190208435	0.29866212606430054	0.2816368341445923	0.00933072715997696	0.05747126415371895	-2.4010660126805305e-10	9.999999974752427e-07	0.14251521229743958	6.000000212225132e-07	0.009365737438201904	0.29009750485420227	0.1273503601551056	0.04308461770415306	-2.4010660126805305e-10	0.009282229468226433	1.622538547962904e-09	0.14251525700092316	9.999999974752427e-07	2.255546860396862e-10	0.027484744787216187	0.017241379246115685	0.009325018152594566	-5.828042048960924e-09	-1.3278622645884752e-08	0.015599831938743591	0.02495986968278885	-2.4010660126805305e-10	9.999999974752427e-07	-1.3278622645884752e-08	0.008460666984319687	0.01109074242413044	1.622538547962904e-09	-1.3278622645884752e-08	0.016819389536976814
27	-15547.466796875	-1	9	57	76	75	26	89	10	62	48	0	26	84	41	29	91	66	5	0	11	24	14	68	37	85	21	0	0	50	22	3	66	33	67	21	43	7	69	12	0	65	50	77	73	24	43	79	5	42	1	78	57	69	21	34	56	0	70	42	76	31	43	49	25	4	73	63	36	3	21	1	46	80	82	49	14	33	40	77	33	47	9	66	48	69	78	85	57	13	11	50	56	7	32	19	59	7	0	27	47	0.5437127351760864	0.08644906431436539	0.010285336524248123	0.4145510792732239	0.012830331921577454	0.010498285293579102	0.010526316240429878	0.4251323938369751	9.999999974752427e-07	0.08644905686378479	0.44155392050743103	0.06554713845252991	9.999999974752427e-07	9.999999974752427e-07	0.4095746874809265	9.999999974752427e-07	0.005317971110343933	1.622538547962904e-09	1.622538547962904e-09	9.999999974752427e-07	0.02298850566148758	0.39674437046051025	0.4095746576786041	9.999999974752427e-07	0.03314200043678284	0.2897196114063263	0.07604541629552841	1.622538547962904e-09	9.999999974752427e-07	0.4095746576786041	0.0049764662981033325	1.622538547962904e-09	1.622538547962904e-09	0.4145510196685791	0.03333333507180214	-1.3278622645884752e-08	0.42513248324394226	9.999999974752427e-07	9.999999974752427e-07	1.622538547962904e-09	0.22580645978450775	0.012048192322254181	0.1361638456583023	-1.3278622645884752e-08	9.999999974752427e-07	-1.3278622645884752e-08	1.622538547962904e-09	0.01049828715622425	0.1361638605594635	0.030567780137062073	0.02411612868309021	1.622538547962904e-09	0.008196720853447914	0.010869565419852734	9.999999974752427e-07	0.010526316240429878	0.02611328661441803	0.019338728860020638	-2.4010660126805305e-10	-1.3278622645884752e-08	1.622538547962904e-09	-1.3278622645884752e-08	0.030567795038223267	0.2705919146537781	9.999999974752427e-07	0.26527389883995056	0.2705919146537781	0.4251324534416199	0.40957462787628174	0.030927833169698715	0.05588129162788391	1.622538547962904e-09	0.0104982890188694	0.2652738690376282	-1.3278622645884752e-08	0.012830331921577454	0.4145510792732239	0.22250455617904663	0.08634074777364731	1.622538547962904e-09	0.01049828715622425	1.622538547962904e-09	0.26527389883995056	0.036036036908626556	0.009900989942252636	0.062224678695201874	0.029082641005516052	0.009053405374288559	9.999999974752427e-07	0.012195121496915817	9.999999974752427e-07	0.008547008968889713	-1.3278622645884752e-08	1.622538547962904e-09	9.999999974752427e-07	-1.3278622645884752e-08	-1.3278622645884752e-08	1.622538547962904e-09	1.622538547962904e-09	1.622538547962904e-09	0.42310068011283875	0.04496558755636215	0.010405869223177433	0.2722354531288147	0.010044899769127369	0.021052632480859756	9.999999974752427e-07	0.31625205278396606	0.018691588193178177	0.05226296931505203	0.31625205278396606	0.01785714365541935	0.010989011265337467	1.622538547962904e-09	0.2722354531288147	9.999999974752427e-07	1.622538547962904e-09	0.019417475908994675	1.622538547962904e-09	9.999999974752427e-07	6.666664376098197e-07	0.2291666716337204	0.2722354531288147	9.999999974752427e-07	1.3333333299669903e-06	0.1819043606519699	0.09699182957410812	1.622538547962904e-09	0.0078512541949749	0.2722354531288147	1.622538547962904e-09	1.622538547962904e-09	0.010638297535479069	0.31625205278396606	9.999999974752427e-07	-7.275957614183426e-12	0.31625205278396606	0.010526316240429878	0.009009009227156639	1.622538547962904e-09	0.10256187617778778	1.622538547962904e-09	0.0606570690870285	0.008510754443705082	6.666664376098197e-07	-7.275957614183426e-12	9.999999974752427e-07	1.3999997463542968e-06	0.05226297304034233	0.034559715539216995	0.022432174533605576	2.255546860396862e-10	9.999999974752427e-07	9.999999974752427e-07	9.999999974752427e-07	0.008264463394880295	0.0098566934466362	0.010405868291854858	0.008394084870815277	1.622538547962904e-09	1.622538547962904e-09	0.008510754443705082	0.034559715539216995	0.18190431594848633	0.010044899769127369	0.11764705926179886	0.18190434575080872	0.31625205278396606	0.2722354531288147	0.042105261236429214	0.010405870154500008	9.999999974752427e-07	8.000001798791345e-07	0.18190434575080872	1.622538547962904e-09	0.010044898837804794	0.2722354531288147	0.10256189107894897	0.04190482199192047	9.999999974752427e-07	8.000001798791345e-07	0.00729738175868988	0.18190434575080872	1.622538547962904e-09	0.016949152573943138	0.01947261206805706	9.999999974752427e-07	2.255546860396862e-10	1.622538547962904e-09	0.011627906933426857	0.014580924063920975	9.999999974752427e-07	1.622538547962904e-09	9.999999974752427e-07	9.999999974752427e-07	1.622538547962904e-09	1.622538547962904e-09	1.622538547962904e-09	1.622538547962904e-09	6.000000212225132e-07	0.449466347694397	0.08000115305185318	9.999999974752427e-07	0.3330483138561249	-1.3278622645884752e-08	0.03483249247074127	9.999999974752427e-07	0.38626334071159363	0.009220771491527557	0.08756303787231445	0.38626331090927124	0.013322077691555023	-1.3278622645884752e-08	9.999999974752427e-07	0.2947915494441986	9.999999974752427e-07	0.029411764815449715	9.999999974752427e-07	-1.3278622645884752e-08	0.008118398487567902	0.010526316240429878	0.2947915494441986	0.2947915196418762	-1.3278622645884752e-08	0.01075268816202879	0.2947915196418762	0.0481545627117157	-1.3278622645884752e-08	0.02777777798473835	0.2947915494441986	0.019186578691005707	9.999999974752427e-07	0.008000500500202179	0.38626328110694885	-1.3278622645884752e-08	1.622538547962904e-09	0.38626328110694885	-1.3278622645884752e-08	-1.3278622645884752e-08	-1.3278622645884752e-08	0.1528805047273636	9.999999974752427e-07	0.08756301552057266	0.009048528037965298	9.999999974752427e-07	1.622538547962904e-09	0.009131014347076416	0.02860131859779358	0.08756303787231445	0.009220770560204983	0.04123711213469505	9.999999974752427e-07	-1.3278622645884752e-08	-1.3278622645884752e-08	-1.3278622645884752e-08	0.008003734052181244	0.01504833996295929	0.029999999329447746	1.622538547962904e-09	0.00909090880304575	9.999999974752427e-07	0.009048528969287872	0.009220771491527557	0.2947915196418762	-1.3278622645884752e-08	0.15288051962852478	0.2499999850988388	0.38626334071159363	0.31386175751686096	-1.3278622645884752e-08	0.032608695328235626	0.009131021797657013	9.999999974752427e-07	0.16192904114723206	-2.4010660126805305e-10	-1.3278622645884752e-08	0.36913183331489563	0.1528804898262024	0.06531748175621033	0.009130991995334625	0.028601333498954773	0.00756189227104187	0.16814157366752625	1.622538547962904e-09	-1.3278622645884752e-08	0.021052632480859756	0.009900989942252636	0.027272727340459824	9.999999974752427e-07	0.005203664302825928	0.008620689623057842	0.007044576108455658	-1.3278622645884752e-08	0.008000493049621582	0.008118398487567902	9.999999974752427e-07	-1.3278622645884752e-08	-1.3278622645884752e-08	-1.3278622645884752e-08	1.622538547962904e-09	0.4417252838611603	0.024390242993831635	9.999999974752427e-07	0.30527326464653015	0.010416666977107525	0.014637120068073273	9.999999974752427e-07	0.3760969042778015	9.999999974752427e-07	0.04878048598766327	0.3760969340801239	0.05099129676818848	9.999999974752427e-07	0.008882244117558002	0.30527329444885254	1.622538547962904e-09	1.622538547962904e-09	1.622538547962904e-09	1.622538547962904e-09	0.03041437268257141	0.012048192322254181	0.29318323731422424	0.30527329444885254	9.999999974752427e-07	0.017391303554177284	0.2670987844467163	0.06562843918800354	1.622538547962904e-09	0.010416666977107525	0.30527329444885254	1.622538547962904e-09	1.622538547962904e-09	1.622538547962904e-09	0.30527329444885254	1.622538547962904e-09	0.010526316240429878	0.3760969042778015	9.999999974752427e-07	9.999999974752427e-07	1.622538547962904e-09	0.14387741684913635	0.025641024112701416	0.07431011646986008	0.032608695328235626	9.999999974752427e-07	0.009615384973585606	1.622538547962904e-09	0.014637105166912079	0.07431010156869888	0.010309278033673763	0.04452749714255333	0.009433962404727936	9.999999974752427e-07	1.622538547962904e-09	1.622538547962904e-09	1.622538547962904e-09	1.622538547962904e-09	0.009569531306624413	1.622538547962904e-09	1.622538547962904e-09	1.622538547962904e-09	0.01123595517128706	9.999999974752427e-07	0.20471768081188202	9.999999974752427e-07	0.14387744665145874	0.2047176957130432	0.3052733242511749	0.30527329444885254	0.026084452867507935	0.009569531306624413	1.622538547962904e-09	0.010101010091602802	0.204717755317688	0.010204081423580647	0.010989011265337467	0.30527329444885254	0.14387741684913635	0.06956726312637329	1.622538547962904e-09	0.014637112617492676	9.999999974752427e-07	0.20471777021884918	0.009803921915590763	9.999999974752427e-07	0.02503982186317444	9.999999974752427e-07	9.999999974752427e-07	0.008882243186235428	0.02057690918445587	9.999999974752427e-07	1.622538547962904e-09	1.622538547962904e-09	1.622538547962904e-09	9.999999974752427e-07	1.622538547962904e-09	1.622538547962904e-09	1.622538547962904e-09	1.622538547962904e-09	1.622538547962904e-09	0.3537144660949707	0.026411600410938263	4.2857209336943924e-07	0.20192477107048035	1.622538547962904e-09	0.027027027681469917	-7.275957614183426e-12	0.28152182698249817	1.622538547962904e-09	0.026411622762680054	0.2815217971801758	0.010256588459014893	9.999999974752427e-07	1.622538547962904e-09	0.20192477107048035	9.999999974752427e-07	1.622538547962904e-09	9.999999974752427e-07	1.622538547962904e-09	0.010256589390337467	1.622538547962904e-09	0.20192474126815796	0.20192478597164154	1.622538547962904e-09	1.622538547962904e-09	0.16246558725833893	0.05873367190361023	1.622538547962904e-09	0.027633339166641235	0.20192477107048035	-1.3278622645884752e-08	1.622538547962904e-09	-1.3278622645884752e-08	0.20192483067512512	0.008206691592931747	9.999999974752427e-07	0.2740027904510498	1.622538547962904e-09	9.999999974752427e-07	1.622538547962904e-09	0.05703481286764145	1.622538547962904e-09	0.02641153335571289	0.03179077059030533	1.622538547962904e-09	9.999999974752427e-07	-1.3278622645884752e-08	0.009401541203260422	0.026411622762680054	0.009916093200445175	0.027633339166641235	4.2857209336943924e-07	1.622538547962904e-09	0.013445600867271423	0.008206691592931747	9.999999974752427e-07	0.013458967208862305	1.2857158253609668e-06	-1.3278622645884752e-08	-1.3278622645884752e-08	1.622538547962904e-09	9.999999974752427e-07	1.622538547962904e-09	0.16246557235717773	1.622538547962904e-09	0.05703481659293175	0.10570608824491501	0.2626262605190277	0.20192477107048035	0.01780684106051922	1.2857121873821598e-06	-1.3278622645884752e-08	9.999999974752427e-07	0.08882559835910797	0.009916089475154877	1.622538547962904e-09	0.20192478597164154	0.05404491350054741	0.027633339166641235	-1.3278622645884752e-08	0.009401543065905571	1.622538547962904e-09	0.1057060956954956	-1.3278622645884752e-08	0.017806850373744965	1.622538547962904e-09	1.622538547962904e-09	4.2857209336943924e-07	1.622538547962904e-09	-7.275957614183426e-12	1.622538547962904e-09	9.999999974752427e-07	1.622538547962904e-09	-1.3278622645884752e-08	9.999999974752427e-07	-1.3278622645884752e-08	0.007519088685512543	1.622538547962904e-09	1.622538547962904e-09	2.255546860396862e-10	0.5330700874328613	0.005072489380836487	5.000001692678779e-07	0.3791336119174957	0.015137098729610443	0.04571790248155594	9.999999974752427e-07	0.47317150235176086	1.622538547962904e-09	0.08930285274982452	0.47317150235176086	0.014180630445480347	0.010177051648497581	9.999999974752427e-07	0.283880352973938	-1.3278622645884752e-08	1.622538547962904e-09	0.009429072961211205	-1.3278622645884752e-08	0.007485575973987579	9.999999974752427e-07	0.2687433063983917	0.3461630940437317	0.011049933731555939	0.012431889772415161	0.21618443727493286	0.05989854037761688	-1.3278622645884752e-08	1.622538547962904e-09	0.2838802933692932	0.030927835032343864	0.04472166299819946	-1.3278622645884752e-08	0.39345017075538635	1.622538547962904e-09	-1.3278622645884752e-08	0.39345014095306396	0.011049933731555939	0.010177051648497581	-1.3278622645884752e-08	0.16346153616905212	0.04000958055257797	0.08930287510156631	-1.3278622645884752e-08	0.010416666977107525	-1.3278622645884752e-08	0.014316469430923462	0.03628883510828018	0.08930285274982452	1.622538547962904e-09	0.0478060245513916	5.000001692678779e-07	0.028037382289767265	1.622538547962904e-09	1.622538547962904e-09	-1.3278622645884752e-08	-1.3278622645884752e-08	1.5000005078036338e-06	1.622538547962904e-09	-1.3278622645884752e-08	9.999999974752427e-07	-1.3278622645884752e-08	1.622538547962904e-09	0.21618443727493286	0.015137098729610443	0.171462744474411	0.21618443727493286	0.39345014095306396	0.3461630940437317	0.05255882441997528	0.005072489380836487	9.999999974752427e-07	0.02286946028470993	0.1714627593755722	1.622538547962904e-09	0.01513710618019104	0.37913358211517334	0.1495407670736313	0.06023794412612915	0.014316461980342865	0.02286946028470993	0.008695651777088642	0.1714627593755722	1.622538547962904e-09	0.010177051648497581	0.012431896291673183	1.622538547962904e-09	5.000001692678779e-07	9.999999974752427e-07	0.0066950321197509766	0.007796458899974823	-1.3278622645884752e-08	0.030927835032343864	-1.3278622645884752e-08	0.007485579699277878	-1.3278622645884752e-08	0.02777777798473835	-1.3278622645884752e-08	-1.3278622645884752e-08	0.008695651777088642	0.3669218122959137	0.04854368790984154	5.000001692678779e-07	0.19233903288841248	1.622538547962904e-09	0.021178647875785828	0.01907866820693016	0.26595741510391235	9.999999974752427e-07	0.0752153992652893	0.2984440326690674	0.019078657031059265	9.999999974752427e-07	0.010416666977107525	0.19233903288841248	0.010324249044060707	0.007624365389347076	1.622538547962904e-09	1.622538547962904e-09	1.622538547962904e-09	9.999999974752427e-07	0.19233901798725128	0.19233904778957367	1.622538547962904e-09	0.026356376707553864	0.16347560286521912	0.04025731980800629	1.622538547962904e-09	1.622538547962904e-09	0.19233901798725128	1.622538547962904e-09	0.015332028269767761	0.0117647061124444	0.24910278618335724	0.01778506115078926	-1.3278622645884752e-08	0.24910277128219604	1.622538547962904e-09	9.999999974752427e-07	1.622538547962904e-09	0.1170303225517273	0.015458554029464722	0.0752154290676117	-1.3278622645884752e-08	0.00909090880304575	-1.3278622645884752e-08	0.009573204442858696	0.021178655326366425	0.0752154216170311	0.018691588193178177	0.015458546578884125	5.000001692678779e-07	0.005539216101169586	1.622538547962904e-09	0.01778506115078926	9.999999974752427e-07	0.02822045236825943	1.5000005078036338e-06	1.622538547962904e-09	9.999999974752427e-07	9.999999974752427e-07	-1.3278622645884752e-08	9.999999974752427e-07	0.16347560286521912	1.622538547962904e-09	0.14051920175552368	0.16347560286521912	0.24910280108451843	0.19233901798725128	0.011078406125307083	0.010101010091602802	0.009573204442858696	0.009177438914775848	0.14051921665668488	0.008695651777088642	1.622538547962904e-09	0.2222222089767456	0.11703035235404968	0.04181492328643799	0.011904762126505375	0.009177440777420998	0.010869565419852734	0.14051920175552368	-1.3278622645884752e-08	0.005539216101169586	0.026356376707553864	1.622538547962904e-09	5.000001692678779e-07	0.009999999776482582	0.01907866634428501	1.622538547962904e-09	0.010324249044060707	9.999999974752427e-07	9.999999974752427e-07	1.622538547962904e-09	9.999999974752427e-07	9.999999974752427e-07	1.622538547962904e-09	1.622538547962904e-09	0.012001212686300278	0.4369935989379883	0.05826278030872345	9.999999974752427e-07	0.2679571807384491	9.999999974752427e-07	0.04900255799293518	1.622538547962904e-09	0.3783048689365387	0.009493403136730194	0.06596280634403229	0.3783048391342163	1.622538547962904e-09	9.999999974752427e-07	0.01123595517128706	0.2679571509361267	-2.4010660126805305e-10	1.622538547962904e-09	-1.3278622645884752e-08	1.622538547962904e-09	1.622538547962904e-09	6.666664376098197e-07	0.2545320391654968	0.2679571509361267	0.010989011265337467	1.3333333299669903e-06	0.20756608247756958	0.04900256544351578	1.622538547962904e-09	0.005720056593418121	0.2679571509361267	1.622538547962904e-09	0.01575428992509842	0.010256932117044926	0.3783048391342163	0.01601792871952057	-2.4010660126805305e-10	0.3783048391342163	0.019911106675863266	9.999999974752427e-07	1.622538547962904e-09	0.1568257212638855	0.013005435466766357	0.11561180651187897	0.01815195381641388	6.666664376098197e-07	0.01815195381641388	0.010526316240429878	0.04900252819061279	0.06741572916507721	0.03269492834806442	0.018725495785474777	0.00909090880304575	-2.4010660126805305e-10	1.622538547962904e-09	0.00917431153357029	0.009686270728707314	0.009686268866062164	0.025567827746272087	9.999999974752427e-07	0.043478261679410934	0.01575428992509842	-2.4010660126805305e-10	0.009493403136730194	0.20756609737873077	9.999999974752427e-07	0.15682576596736908	0.20756609737873077	0.3783048391342163	0.2679571211338043	0.030948013067245483	0.025567827746272087	9.999999974752427e-07	9.999999974752427e-07	0.17497771978378296	0.009708737954497337	0.00909090880304575	0.31832000613212585	0.1568257361650467	0.04121395945549011	0.04972796142101288	0.010204081423580647	0.007700018584728241	0.19181180000305176	9.999999974752427e-07	0.011036910116672516	0.022488445043563843	0.016806723549962044	9.999999974752427e-07	0.009615384973585606	1.622538547962904e-09	1.622538547962904e-09	-2.4010660126805305e-10	1.622538547962904e-09	9.999999974752427e-07	1.622538547962904e-09	0.009803921915590763	1.622538547962904e-09	1.622538547962904e-09	1.622538547962904e-09	9.999999974752427e-07	0.3545212745666504	0.02059110254049301	0.010625112801790237	0.21123084425926208	0.02664199471473694	0.006121944636106491	9.999999974752427e-07	0.3018167018890381	0.006626579910516739	0.02059112675487995	0.3018167018890381	0.018646493554115295	-1.3278622645884752e-08	1.622538547962904e-09	0.1669045239686966	0.015181045979261398	9.999999974752427e-07	1.622538547962904e-09	1.622538547962904e-09	0.010238776914775372	1.622538547962904e-09	0.14026254415512085	0.2112308144569397	-1.3278622645884752e-08	1.622538547962904e-09	0.14026251435279846	0.024768434464931488	1.622538547962904e-09	1.622538547962904e-09	0.2112308144569397	-1.3278622645884752e-08	0.011363636702299118	6.912159733474255e-10	0.23242251574993134	-1.3278622645884752e-08	0.006100691854953766	0.29567742347717285	-1.3278622645884752e-08	-1.3278622645884752e-08	1.622538547962904e-09	0.09294700622558594	1.622538547962904e-09	0.06100180745124817	0.01366463303565979	1.622538547962904e-09	0.007563948631286621	0.011995955370366573	0.006121933460235596	0.030612245202064514	0.00662657618522644	9.073119144886732e-09	-2.4010660126805305e-10	-1.3278622645884752e-08	-1.3278622645884752e-08	-1.3278622645884752e-08	9.999999974752427e-07	0.027936100959777832	0.010625114664435387	0.027522936463356018	0.007871739566326141	9.999999974752427e-07	1.622538547962904e-09	0.006626579910516739	0.14026251435279846	0.010101010091602802	0.09294699132442474	0.14026251435279846	0.29567742347717285	0.21123076975345612	-1.3278622645884752e-08	0.013964534737169743	0.011995954439043999	0.0061219483613967896	0.10661163181066513	1.622538547962904e-09	0.02664199471473694	0.2191026210784912	0.061001840978860855	1.622538547962904e-09	0.013319892808794975	0.006121940910816193	1.622538547962904e-09	0.10661161690950394	9.999999974752427e-07	-1.3278622645884752e-08	1.622538547962904e-09	1.622538547962904e-09	-2.4010660126805305e-10	1.622538547962904e-09	9.999999974752427e-07	1.622538547962904e-09	0.015181045979261398	1.622538547962904e-09	6.912159733474255e-10	0.010238775983452797	0.007871739566326141	0.006139293313026428	1.622538547962904e-09	1.622538547962904e-09	1.622538547962904e-09	0.3608143925666809	0.07295437157154083	0.008505983278155327	0.2816368341445923	0.009365733712911606	0.026101574301719666	-1.3278622645884752e-08	0.309752881526947	8.000001798791345e-07	0.07295437157154083	0.309752881526947	-1.3278622645884752e-08	2.255546860396862e-10	-5.828042048960924e-09	0.22092559933662415	0.02495981752872467	-1.3278622645884752e-08	1.622538547962904e-09	1.622538547962904e-09	-1.3278622645884752e-08	9.999999974752427e-07	0.21155986189842224	0.22092559933662415	2.255546860396862e-10	0.00917431153357029	0.1840570569038391	0.02610155940055847	1.622538547962904e-09	-5.828042048960924e-09	0.22092559933662415	1.622538547962904e-09	-1.3278622645884752e-08	0.008564628660678864	0.29866212606430054	1.622538547962904e-09	9.999999974752427e-07	0.2986621558666229	2.255546860396862e-10	2.255546860396862e-10	1.622538547962904e-09	0.1273503601551056	-5.828042048960924e-09	0.08163265138864517	0.01516491174697876	0.008196720853447914	9.999999974752427e-07	-2.4010660126805305e-10	0.02610158920288086	0.07547169923782349	1.3999997463542968e-06	0.015599853359162807	0.01042632944881916	0.009330726228654385	0.018172089010477066	1.622538547962904e-09	1.622538547962904e-09	0.02495981752872467	0.028257330879569054	9.999999974752427e-07	0.008460663259029388	-1.3278622645884752e-08	9.999999974752427e-07	8.000001798791345e-07	0.14251525700092316	0.009365729987621307	0.1273503601551056	0.14251527190208435	0.29866212606430054	0.2816368341445923	0.00933072715997696	0.05747126415371895	-2.4010660126805305e-10	9.999999974752427e-07	0.14251521229743958	6.000000212225132e-07	0.009365737438201904	0.29009753465652466	0.1273503601551056	0.04308461770415306	-2.4010660126805305e-10	0.009282207116484642	1.622538547962904e-09	0.14251525700092316	9.999999974752427e-07	2.255546860396862e-10	0.027484744787216187	0.017241379246115685	0.009325018152594566	-5.828042048960924e-09	-1.3278622645884752e-08	0.015599831938743591	0.024959824979305267	-2.4010660126805305e-10	9.999999974752427e-07	-1.3278622645884752e-08	0.00846065953373909	0.011090729385614395	1.622538547962904e-09	1.622538547962904e-09	0.01681937463581562
28	-15547.466796875	-1	9	57	76	75	26	89	10	62	48	0	26	84	41	29	91	66	5	0	11	24	14	68	37	85	21	0	0	50	22	3	66	33	67	21	43	7	69	12	0	65	50	77	73	24	43	79	5	42	1	78	57	69	21	34	56	0	70	42	76	31	43	49	25	4	73	63	36	3	21	1	46	80	82	49	14	33	40	77	33	47	9	66	48	69	78	85	57	13	11	50	56	7	32	19	59	7	0	28	47	0.5437127947807312	0.08644906431436539	0.010285336524248123	0.4145510792732239	0.012830331921577454	0.010498285293579102	0.010526316240429878	0.4251323938369751	9.999999974752427e-07	0.08644905686378479	0.44155386090278625	0.06554710865020752	9.999999974752427e-07	9.999999974752427e-07	0.4095746874809265	9.999999974752427e-07	0.005317971110343933	1.622538547962904e-09	1.622538547962904e-09	9.999999974752427e-07	0.02298850566148758	0.39674437046051025	0.4095746576786041	9.999999974752427e-07	0.03314200043678284	0.2897196114063263	0.07604538649320602	1.622538547962904e-09	9.999999974752427e-07	0.4095746576786041	0.0049764662981033325	1.622538547962904e-09	1.622538547962904e-09	0.4145510196685791	0.03333333507180214	-1.3278622645884752e-08	0.42513248324394226	9.999999974752427e-07	9.999999974752427e-07	1.622538547962904e-09	0.22580645978450775	0.012048192322254181	0.1361638456583023	-1.3278622645884752e-08	9.999999974752427e-07	-1.3278622645884752e-08	1.622538547962904e-09	0.010498279705643654	0.1361638605594635	0.030567780137062073	0.02411612868309021	1.622538547962904e-09	0.008196720853447914	0.010869565419852734	9.999999974752427e-07	0.010526316240429878	0.026113219559192657	0.019338728860020638	-2.4010660126805305e-10	-1.3278622645884752e-08	1.622538547962904e-09	-1.3278622645884752e-08	0.030567795038223267	0.2705919146537781	9.999999974752427e-07	0.26527389883995056	0.2705919146537781	0.4251324534416199	0.40957462787628174	0.030927833169698715	0.05588129162788391	1.622538547962904e-09	0.010498277842998505	0.2652738690376282	-1.3278622645884752e-08	0.012830331921577454	0.4145510792732239	0.22250455617904663	0.08634074777364731	1.622538547962904e-09	0.010498279705643654	1.622538547962904e-09	0.26527389883995056	0.036036036908626556	0.009900989942252636	0.062224678695201874	0.029082641005516052	0.009053405374288559	9.999999974752427e-07	0.012195121496915817	9.999999974752427e-07	0.008547008968889713	-1.3278622645884752e-08	1.622538547962904e-09	9.999999974752427e-07	-1.3278622645884752e-08	-1.3278622645884752e-08	1.622538547962904e-09	9.999999974752427e-07	1.622538547962904e-09	0.4231007397174835	0.04496558755636215	0.010405869223177433	0.2722354531288147	0.010044899769127369	0.021052632480859756	9.999999974752427e-07	0.31625208258628845	0.018691588193178177	0.05226296931505203	0.31625211238861084	0.01785714365541935	0.010989011265337467	1.622538547962904e-09	0.2722354531288147	9.999999974752427e-07	1.622538547962904e-09	0.019417475908994675	1.622538547962904e-09	9.999999974752427e-07	6.666664376098197e-07	0.2291666716337204	0.2722354531288147	9.999999974752427e-07	1.3333333299669903e-06	0.1819043606519699	0.09699182957410812	1.622538547962904e-09	0.0078512541949749	0.2722354531288147	1.622538547962904e-09	1.622538547962904e-09	0.010638297535479069	0.31625205278396606	9.999999974752427e-07	-7.275957614183426e-12	0.31625205278396606	0.010526316240429878	0.009009009227156639	1.622538547962904e-09	0.10256187617778778	1.622538547962904e-09	0.0606570690870285	0.008510754443705082	6.666664376098197e-07	-7.275957614183426e-12	9.999999974752427e-07	1.3999997463542968e-06	0.05226297304034233	0.034559715539216995	0.022432174533605576	2.255546860396862e-10	9.999999974752427e-07	9.999999974752427e-07	9.999999974752427e-07	0.008264463394880295	0.009856700897216797	0.010405868291854858	0.008394084870815277	1.622538547962904e-09	1.622538547962904e-09	0.008510754443705082	0.034559715539216995	0.18190431594848633	0.010044899769127369	0.11764705926179886	0.18190434575080872	0.31625205278396606	0.2722354531288147	0.042105261236429214	0.010405870154500008	9.999999974752427e-07	8.000001798791345e-07	0.18190434575080872	1.622538547962904e-09	0.010044898837804794	0.2722354531288147	0.10256189107894897	0.04190482199192047	9.999999974752427e-07	8.000001798791345e-07	0.00729738175868988	0.18190434575080872	1.622538547962904e-09	0.016949152573943138	0.01947261206805706	9.999999974752427e-07	2.255546860396862e-10	1.622538547962904e-09	0.011627906933426857	0.014580924063920975	9.999999974752427e-07	1.622538547962904e-09	9.999999974752427e-07	9.999999974752427e-07	1.622538547962904e-09	1.622538547962904e-09	1.622538547962904e-09	9.999999974752427e-07	6.000000212225132e-07	0.4494662880897522	0.08000115305185318	9.999999974752427e-07	0.3330483138561249	-1.3278622645884752e-08	0.03483249247074127	9.999999974752427e-07	0.386263370513916	0.009220771491527557	0.08756303787231445	0.38626334071159363	0.013322077691555023	-1.3278622645884752e-08	9.999999974752427e-07	0.2947915494441986	9.999999974752427e-07	0.029411764815449715	9.999999974752427e-07	-1.3278622645884752e-08	0.008118398487567902	0.010526316240429878	0.2947915494441986	0.2947915196418762	-1.3278622645884752e-08	0.01075268816202879	0.2947915196418762	0.04815460741519928	-1.3278622645884752e-08	0.02777777798473835	0.2947915494441986	0.019186578691005707	9.999999974752427e-07	0.008000463247299194	0.38626325130462646	-1.3278622645884752e-08	1.622538547962904e-09	0.38626331090927124	-1.3278622645884752e-08	-1.3278622645884752e-08	-1.3278622645884752e-08	0.1528805047273636	9.999999974752427e-07	0.08756301552057266	0.009048528037965298	9.999999974752427e-07	1.622538547962904e-09	0.009130984544754028	0.02860131859779358	0.08756303787231445	0.009220770560204983	0.04123711213469505	9.999999974752427e-07	-1.3278622645884752e-08	-1.3278622645884752e-08	-1.3278622645884752e-08	0.008003763854503632	0.015048369765281677	0.029999999329447746	1.622538547962904e-09	0.00909090880304575	9.999999974752427e-07	0.009048528969287872	0.009220771491527557	0.2947915196418762	-1.3278622645884752e-08	0.15288051962852478	0.2499999850988388	0.38626334071159363	0.31386175751686096	-1.3278622645884752e-08	0.032608695328235626	0.009130991995334625	9.999999974752427e-07	0.16192904114723206	-2.4010660126805305e-10	-1.3278622645884752e-08	0.36913180351257324	0.1528804898262024	0.06531748175621033	0.009130977094173431	0.028601333498954773	0.00756189227104187	0.16814157366752625	1.622538547962904e-09	-1.3278622645884752e-08	0.021052632480859756	0.009900989942252636	0.027272727340459824	9.999999974752427e-07	0.005203664302825928	0.008620689623057842	0.007044591009616852	-1.3278622645884752e-08	0.008000463247299194	0.008118398487567902	9.999999974752427e-07	-1.3278622645884752e-08	-1.3278622645884752e-08	9.999999974752427e-07	1.622538547962904e-09	0.4417252242565155	0.024390242993831635	9.999999974752427e-07	0.30527326464653015	0.010416666977107525	0.014637134969234467	9.999999974752427e-07	0.3760969042778015	9.999999974752427e-07	0.04878048598766327	0.3760969042778015	0.05099133402109146	9.999999974752427e-07	0.008882244117558002	0.30527329444885254	1.622538547962904e-09	1.622538547962904e-09	1.622538547962904e-09	1.622538547962904e-09	0.030414395034313202	0.012048192322254181	0.29318323731422424	0.30527329444885254	9.999999974752427e-07	0.017391303554177284	0.2670987844467163	0.06562843918800354	1.622538547962904e-09	0.010416666977107525	0.30527329444885254	1.622538547962904e-09	1.622538547962904e-09	1.622538547962904e-09	0.30527329444885254	1.622538547962904e-09	0.010526316240429878	0.3760969042778015	9.999999974752427e-07	9.999999974752427e-07	1.622538547962904e-09	0.14387741684913635	0.025641024112701416	0.07431011646986008	0.032608695328235626	9.999999974752427e-07	0.009615384973585606	1.622538547962904e-09	0.014637134969234467	0.07431010156869888	0.010309278033673763	0.04452749714255333	0.009433962404727936	9.999999974752427e-07	1.622538547962904e-09	1.622538547962904e-09	1.622538547962904e-09	1.622538547962904e-09	0.009569531306624413	1.622538547962904e-09	1.622538547962904e-09	1.622538547962904e-09	0.01123595517128706	9.999999974752427e-07	0.20471768081188202	9.999999974752427e-07	0.14387744665145874	0.2047176957130432	0.3052733242511749	0.30527329444885254	0.026084452867507935	0.009569531306624413	1.622538547962904e-09	0.010101010091602802	0.204717755317688	0.010204081423580647	0.010989011265337467	0.30527329444885254	0.14387741684913635	0.06956726312637329	1.622538547962904e-09	0.01463712751865387	9.999999974752427e-07	0.20471777021884918	0.009803921915590763	9.999999974752427e-07	0.02503982186317444	9.999999974752427e-07	9.999999974752427e-07	0.008882243186235428	0.020576931536197662	9.999999974752427e-07	1.622538547962904e-09	1.622538547962904e-09	1.622538547962904e-09	9.999999974752427e-07	1.622538547962904e-09	1.622538547962904e-09	1.622538547962904e-09	9.999999974752427e-07	1.622538547962904e-09	0.3537144362926483	0.026411600410938263	4.2857209336943924e-07	0.20192477107048035	1.622538547962904e-09	0.027027027681469917	-7.275957614183426e-12	0.28152182698249817	1.622538547962904e-09	0.026411622762680054	0.2815217971801758	0.010256588459014893	9.999999974752427e-07	1.622538547962904e-09	0.20192477107048035	9.999999974752427e-07	1.622538547962904e-09	9.999999974752427e-07	1.622538547962904e-09	0.010256589390337467	1.622538547962904e-09	0.20192474126815796	0.20192478597164154	1.622538547962904e-09	1.622538547962904e-09	0.16246558725833893	0.05873368680477142	1.622538547962904e-09	0.027633339166641235	0.20192477107048035	-1.3278622645884752e-08	1.622538547962904e-09	-1.3278622645884752e-08	0.20192483067512512	0.008206691592931747	9.999999974752427e-07	0.2740027904510498	1.622538547962904e-09	9.999999974752427e-07	1.622538547962904e-09	0.05703481286764145	1.622538547962904e-09	0.02641153335571289	0.03179077059030533	1.622538547962904e-09	9.999999974752427e-07	-1.3278622645884752e-08	0.009401541203260422	0.026411622762680054	0.009916093200445175	0.027633339166641235	4.2857209336943924e-07	1.622538547962904e-09	0.013445600867271423	0.008206691592931747	9.999999974752427e-07	0.013458997011184692	1.2857158253609668e-06	-1.3278622645884752e-08	-1.3278622645884752e-08	1.622538547962904e-09	9.999999974752427e-07	1.622538547962904e-09	0.16246557235717773	1.622538547962904e-09	0.05703481659293175	0.10570608824491501	0.2626262605190277	0.20192477107048035	0.01780684106051922	1.2857121873821598e-06	-1.3278622645884752e-08	9.999999974752427e-07	0.08882559835910797	0.009916089475154877	1.622538547962904e-09	0.20192478597164154	0.05404491350054741	0.027633339166641235	-1.3278622645884752e-08	0.009401543065905571	1.622538547962904e-09	0.1057060956954956	-1.3278622645884752e-08	0.017806850373744965	1.622538547962904e-09	1.622538547962904e-09	4.2857209336943924e-07	1.622538547962904e-09	-7.275957614183426e-12	1.622538547962904e-09	9.999999974752427e-07	1.622538547962904e-09	-1.3278622645884752e-08	9.999999974752427e-07	-1.3278622645884752e-08	0.007519088685512543	1.622538547962904e-09	9.999999974752427e-07	2.255546860396862e-10	0.5330700874328613	0.005072489380836487	5.000001692678779e-07	0.3791336119174957	0.015137091279029846	0.04571787267923355	9.999999974752427e-07	0.4731714725494385	1.622538547962904e-09	0.08930285274982452	0.4731714725494385	0.014180600643157959	0.010177051648497581	9.999999974752427e-07	0.2838803231716156	-1.3278622645884752e-08	1.622538547962904e-09	0.00942906178534031	-1.3278622645884752e-08	0.007485568523406982	9.999999974752427e-07	0.26874327659606934	0.3461630642414093	0.011049933731555939	0.012431904673576355	0.21618442237377167	0.05989852547645569	-1.3278622645884752e-08	1.622538547962904e-09	0.2838802933692932	0.030927835032343864	0.04472164809703827	-1.3278622645884752e-08	0.3934500813484192	1.622538547962904e-09	-1.3278622645884752e-08	0.3934501111507416	0.011049933731555939	0.010177051648497581	-1.3278622645884752e-08	0.16346153616905212	0.040009576827287674	0.08930287510156631	-1.3278622645884752e-08	0.010416666977107525	-1.3278622645884752e-08	0.014316469430923462	0.03628882020711899	0.08930286765098572	1.622538547962904e-09	0.047806039452552795	5.000001692678779e-07	0.028037382289767265	1.622538547962904e-09	1.622538547962904e-09	-1.3278622645884752e-08	-1.3278622645884752e-08	1.5000005078036338e-06	1.622538547962904e-09	-1.3278622645884752e-08	9.999999974752427e-07	-1.3278622645884752e-08	1.622538547962904e-09	0.21618442237377167	0.015137091279029846	0.171462744474411	0.21618443727493286	0.3934501111507416	0.3461630642414093	0.05255880951881409	0.005072489380836487	9.999999974752427e-07	0.02286946028470993	0.1714627593755722	1.622538547962904e-09	0.015137076377868652	0.37913358211517334	0.1495407521724701	0.06023796275258064	0.014316476881504059	0.02286946028470993	0.008695651777088642	0.1714627593755722	1.622538547962904e-09	0.010177051648497581	0.012431896291673183	1.622538547962904e-09	5.000001692678779e-07	9.999999974752427e-07	0.006695017218589783	0.0077964551746845245	-1.3278622645884752e-08	0.030927835032343864	-1.3278622645884752e-08	0.007485572248697281	-1.3278622645884752e-08	0.02777777798473835	-1.3278622645884752e-08	1.622538547962904e-09	0.008695651777088642	0.3669218420982361	0.04854368790984154	5.000001692678779e-07	0.19233903288841248	1.622538547962904e-09	0.021178677678108215	0.01907866820693016	0.26595741510391235	9.999999974752427e-07	0.07521536946296692	0.2984440326690674	0.01907867193222046	9.999999974752427e-07	0.010416666977107525	0.19233903288841248	0.010324249044060707	0.007624365389347076	1.622538547962904e-09	1.622538547962904e-09	1.622538547962904e-09	9.999999974752427e-07	0.19233901798725128	0.19233904778957367	1.622538547962904e-09	0.026356376707553864	0.16347560286521912	0.04025731980800629	1.622538547962904e-09	1.622538547962904e-09	0.19233901798725128	1.622538547962904e-09	0.015332028269767761	0.0117647061124444	0.24910278618335724	0.01778506115078926	-1.3278622645884752e-08	0.24910277128219604	1.622538547962904e-09	9.999999974752427e-07	1.622538547962904e-09	0.11703035235404968	0.015458554029464722	0.0752154290676117	-1.3278622645884752e-08	0.00909090880304575	-1.3278622645884752e-08	0.009573204442858696	0.02117867022752762	0.0752154216170311	0.018691588193178177	0.015458539128303528	5.000001692678779e-07	0.005539216101169586	1.622538547962904e-09	0.01778506115078926	9.999999974752427e-07	0.02822047472000122	1.5000005078036338e-06	1.622538547962904e-09	9.999999974752427e-07	9.999999974752427e-07	-1.3278622645884752e-08	9.999999974752427e-07	0.16347560286521912	1.622538547962904e-09	0.14051920175552368	0.16347560286521912	0.24910280108451843	0.19233901798725128	0.011078406125307083	0.010101010091602802	0.009573204442858696	0.009177442640066147	0.14051921665668488	0.008695651777088642	1.622538547962904e-09	0.2222222089767456	0.11703035235404968	0.04181492328643799	0.011904762126505375	0.009177440777420998	0.010869565419852734	0.14051920175552368	-1.3278622645884752e-08	0.005539216101169586	0.026356376707553864	1.622538547962904e-09	5.000001692678779e-07	0.009999999776482582	0.01907867006957531	1.622538547962904e-09	0.010324249044060707	9.999999974752427e-07	9.999999974752427e-07	1.622538547962904e-09	9.999999974752427e-07	9.999999974752427e-07	1.622538547962904e-09	1.622538547962904e-09	0.012001216411590576	0.43699371814727783	0.05826278030872345	9.999999974752427e-07	0.2679571807384491	9.999999974752427e-07	0.04900254309177399	1.622538547962904e-09	0.3783048689365387	0.009493403136730194	0.06596280634403229	0.3783048391342163	1.622538547962904e-09	9.999999974752427e-07	0.01123595517128706	0.2679571509361267	-2.4010660126805305e-10	1.622538547962904e-09	-1.3278622645884752e-08	1.622538547962904e-09	1.622538547962904e-09	6.666664376098197e-07	0.2545320391654968	0.2679571509361267	0.010989011265337467	1.3333333299669903e-06	0.20756608247756958	0.04900255426764488	1.622538547962904e-09	0.005720056593418121	0.2679571509361267	1.622538547962904e-09	0.01575428992509842	0.010256931185722351	0.3783048391342163	0.01601792871952057	-2.4010660126805305e-10	0.3783048689365387	0.019911106675863266	9.999999974752427e-07	1.622538547962904e-09	0.1568257212638855	0.013005435466766357	0.11561180651187897	0.01815195381641388	6.666664376098197e-07	0.01815195381641388	0.010526316240429878	0.04900252819061279	0.06741572916507721	0.03269492834806442	0.018725495785474777	0.00909090880304575	-2.4010660126805305e-10	1.622538547962904e-09	0.00917431153357029	0.009686267003417015	0.009686268866062164	0.025567827746272087	9.999999974752427e-07	0.043478261679410934	0.01575428992509842	-2.4010660126805305e-10	0.009493403136730194	0.20756609737873077	9.999999974752427e-07	0.15682576596736908	0.20756609737873077	0.3783048689365387	0.2679571211338043	0.030948013067245483	0.025567827746272087	9.999999974752427e-07	9.999999974752427e-07	0.17497771978378296	0.009708737954497337	0.00909090880304575	0.31832000613212585	0.1568257361650467	0.04121395945549011	0.04972795397043228	0.010204081423580647	0.007700018584728241	0.19181180000305176	9.999999974752427e-07	0.011036910116672516	0.022488445043563843	0.016806723549962044	9.999999974752427e-07	0.009615384973585606	1.622538547962904e-09	1.622538547962904e-09	-2.4010660126805305e-10	1.622538547962904e-09	9.999999974752427e-07	1.622538547962904e-09	0.009803921915590763	1.622538547962904e-09	1.622538547962904e-09	9.999999974752427e-07	9.999999974752427e-07	0.3545213043689728	0.02059110254049301	0.010625112801790237	0.21123084425926208	0.02664199471473694	0.0061219222843647	9.999999974752427e-07	0.3018166422843933	0.006626579910516739	0.02059112675487995	0.3018166720867157	0.01864650845527649	-1.3278622645884752e-08	1.622538547962904e-09	0.1669045239686966	0.015181045979261398	9.999999974752427e-07	1.622538547962904e-09	1.622538547962904e-09	0.010238776914775372	1.622538547962904e-09	0.14026254415512085	0.2112308144569397	-1.3278622645884752e-08	1.622538547962904e-09	0.14026251435279846	0.024768419563770294	1.622538547962904e-09	1.622538547962904e-09	0.2112308144569397	-1.3278622645884752e-08	0.011363636702299118	6.912159733474255e-10	0.23242251574993134	-1.3278622645884752e-08	0.006100691854953766	0.29567739367485046	-1.3278622645884752e-08	-1.3278622645884752e-08	1.622538547962904e-09	0.09294700622558594	1.622538547962904e-09	0.06100182980298996	0.01366463303565979	1.622538547962904e-09	0.007563948631286621	0.011995955370366573	0.0061219483613967896	0.030612245202064514	0.00662657618522644	1.622538547962904e-09	-2.4010660126805305e-10	-1.3278622645884752e-08	-1.3278622645884752e-08	-1.3278622645884752e-08	9.999999974752427e-07	0.027936100959777832	0.010625114664435387	0.027522936463356018	0.007871739566326141	9.999999974752427e-07	1.622538547962904e-09	0.006626579910516739	0.14026251435279846	0.010101010091602802	0.09294699132442474	0.14026251435279846	0.29567742347717285	0.21123076975345612	-1.3278622645884752e-08	0.013964534737169743	0.011995954439043999	0.0061219483613967896	0.10661163181066513	1.622538547962904e-09	0.02664199471473694	0.2191026210784912	0.06100182607769966	1.622538547962904e-09	0.013319892808794975	0.0061219483613967896	1.622538547962904e-09	0.10661161690950394	9.999999974752427e-07	-1.3278622645884752e-08	1.622538547962904e-09	1.622538547962904e-09	-2.4010660126805305e-10	1.622538547962904e-09	9.999999974752427e-07	1.622538547962904e-09	0.015181045979261398	1.622538547962904e-09	6.912159733474255e-10	0.010238775983452797	0.007871739566326141	0.006139293313026428	1.622538547962904e-09	1.622538547962904e-09	1.622538547962904e-09	0.36081427335739136	0.07295437157154083	0.008505983278155327	0.2816368341445923	0.009365733712911606	0.026101619005203247	-1.3278622645884752e-08	0.3097529113292694	8.000001798791345e-07	0.07295437157154083	0.3097529113292694	-1.3278622645884752e-08	2.255546860396862e-10	-5.828042048960924e-09	0.22092559933662415	0.024959877133369446	-1.3278622645884752e-08	1.622538547962904e-09	1.622538547962904e-09	-1.3278622645884752e-08	9.999999974752427e-07	0.21155986189842224	0.22092559933662415	2.255546860396862e-10	0.00917431153357029	0.1840570569038391	0.026101604104042053	1.622538547962904e-09	-5.828042048960924e-09	0.22092559933662415	1.622538547962904e-09	-1.3278622645884752e-08	0.008564604446291924	0.2986621558666229	1.622538547962904e-09	9.999999974752427e-07	0.2986621558666229	2.255546860396862e-10	2.255546860396862e-10	1.622538547962904e-09	0.1273503601551056	-5.828042048960924e-09	0.08163265138864517	0.01516491174697876	0.008196720853447914	9.999999974752427e-07	-2.4010660126805305e-10	0.026101619005203247	0.07547169923782349	1.3999997463542968e-06	0.015599860809743404	0.01042632944881916	0.009330726228654385	0.018172089010477066	1.622538547962904e-09	1.622538547962904e-09	0.024959877133369446	0.028257330879569054	9.999999974752427e-07	0.008460652083158493	-1.3278622645884752e-08	9.999999974752427e-07	8.000001798791345e-07	0.14251525700092316	0.009365729987621307	0.1273503601551056	0.14251527190208435	0.2986621558666229	0.2816368341445923	0.00933072715997696	0.05747126415371895	-2.4010660126805305e-10	9.999999974752427e-07	0.14251521229743958	6.000000212225132e-07	0.009365737438201904	0.29009753465652466	0.1273503601551056	0.04308458790183067	-2.4010660126805305e-10	0.009282229468226433	1.622538547962904e-09	0.14251525700092316	9.999999974752427e-07	2.255546860396862e-10	0.02748478204011917	0.017241379246115685	0.009325018152594566	-5.828042048960924e-09	-1.3278622645884752e-08	0.015599861741065979	0.02495986968278885	-2.4010660126805305e-10	9.999999974752427e-07	-1.3278622645884752e-08	0.008460652083158493	0.011090751737356186	1.622538547962904e-09	-5.828042048960924e-09	0.016819393262267113
29	-15547.466796875	-1	9	57	76	75	26	89	10	62	48	0	26	84	41	29	91	66	5	0	11	24	14	68	37	85	21	0	0	50	22	3	66	33	67	21	43	7	69	12	0	65	50	77	73	24	43	79	5	42	1	78	57	69	21	34	56	0	70	42	76	31	43	49	25	4	73	63	36	3	21	1	46	80	82	49	14	33	40	77	33	47	9	66	48	69	78	85	57	13	11	50	56	7	32	19	59	7	0	29	47	0.5437127351760864	0.08644906431436539	0.010285336524248123	0.4145510494709015	0.012830331921577454	0.010498270392417908	0.010526316240429878	0.4251324236392975	9.999999974752427e-07	0.08644905686378479	0.44155386090278625	0.06554709374904633	9.999999974752427e-07	9.999999974752427e-07	0.4095746874809265	9.999999974752427e-07	0.005317971110343933	1.622538547962904e-09	1.622538547962904e-09	9.999999974752427e-07	0.02298850566148758	0.39674434065818787	0.4095746576786041	9.999999974752427e-07	0.03314200043678284	0.2897196114063263	0.07604538649320602	1.622538547962904e-09	9.999999974752427e-07	0.40957462787628174	0.004976451396942139	1.622538547962904e-09	1.622538547962904e-09	0.4145510196685791	0.03333333507180214	-1.3278622645884752e-08	0.42513248324394226	9.999999974752427e-07	9.999999974752427e-07	1.622538547962904e-09	0.22580645978450775	0.012048192322254181	0.1361638456583023	-1.3278622645884752e-08	9.999999974752427e-07	-1.3278622645884752e-08	1.622538547962904e-09	0.010498279705643654	0.1361638605594635	0.030567780137062073	0.02411612868309021	1.622538547962904e-09	0.008196720853447914	0.010869565419852734	9.999999974752427e-07	0.010526316240429878	0.026113204658031464	0.019338728860020638	-2.4010660126805305e-10	-1.3278622645884752e-08	1.622538547962904e-09	-1.3278622645884752e-08	0.030567795038223267	0.2705919146537781	9.999999974752427e-07	0.26527389883995056	0.2705919146537781	0.4251324534416199	0.40957462787628174	0.030927833169698715	0.05588129162788391	1.622538547962904e-09	0.010498274117708206	0.2652738690376282	-1.3278622645884752e-08	0.012830331921577454	0.4145510792732239	0.22250455617904663	0.08634074777364731	1.622538547962904e-09	0.010498272255063057	1.622538547962904e-09	0.26527389883995056	0.036036036908626556	0.009900989942252636	0.062224678695201874	0.029082641005516052	0.009053405374288559	9.999999974752427e-07	0.012195121496915817	9.999999974752427e-07	0.008547008968889713	-1.3278622645884752e-08	1.622538547962904e-09	9.999999974752427e-07	-1.3278622645884752e-08	-1.3278622645884752e-08	1.622538547962904e-09	1.622538547962904e-09	1.622538547962904e-09	0.4231007397174835	0.04496558755636215	0.010405869223177433	0.2722355127334595	0.010044899769127369	0.021052632480859756	9.999999974752427e-07	0.31625208258628845	0.018691588193178177	0.05226296931505203	0.31625211238861084	0.01785714365541935	0.010989011265337467	1.622538547962904e-09	0.2722354829311371	9.999999974752427e-07	1.622538547962904e-09	0.019417475908994675	1.622538547962904e-09	9.999999974752427e-07	6.666664376098197e-07	0.2291666716337204	0.2722354829311371	9.999999974752427e-07	1.3333333299669903e-06	0.1819043606519699	0.09699182957410812	1.622538547962904e-09	0.0078512541949749	0.2722354531288147	1.622538547962904e-09	1.622538547962904e-09	0.010638297535479069	0.31625205278396606	9.999999974752427e-07	-7.275957614183426e-12	0.31625205278396606	0.010526316240429878	0.009009009227156639	1.622538547962904e-09	0.10256187617778778	1.622538547962904e-09	0.0606570690870285	0.008510754443705082	6.666664376098197e-07	-7.275957614183426e-12	9.999999974752427e-07	1.3999997463542968e-06	0.05226297304034233	0.034559715539216995	0.022432174533605576	2.255546860396862e-10	9.999999974752427e-07	9.999999974752427e-07	9.999999974752427e-07	0.008264463394880295	0.009856700897216797	0.010405868291854858	0.008394084870815277	1.622538547962904e-09	1.622538547962904e-09	0.008510754443705082	0.034559715539216995	0.18190431594848633	0.010044899769127369	0.11764705926179886	0.18190434575080872	0.31625205278396606	0.2722354829311371	0.042105261236429214	0.010405870154500008	9.999999974752427e-07	8.000001798791345e-07	0.18190434575080872	1.622538547962904e-09	0.010044898837804794	0.2722354829311371	0.10256189107894897	0.04190482199192047	9.999999974752427e-07	8.000001798791345e-07	0.00729738175868988	0.18190434575080872	1.622538547962904e-09	0.016949152573943138	0.01947261206805706	9.999999974752427e-07	2.255546860396862e-10	1.622538547962904e-09	0.011627906933426857	0.014580924063920975	9.999999974752427e-07	1.622538547962904e-09	9.999999974752427e-07	9.999999974752427e-07	1.622538547962904e-09	1.622538547962904e-09	1.622538547962904e-09	1.622538547962904e-09	6.000000212225132e-07	0.4494662880897522	0.08000115305185318	9.999999974752427e-07	0.3330483138561249	-1.3278622645884752e-08	0.03483249247074127	9.999999974752427e-07	0.386263370513916	0.009220771491527557	0.08756303787231445	0.38626334071159363	0.013322077691555023	-1.3278622645884752e-08	9.999999974752427e-07	0.294791579246521	9.999999974752427e-07	0.029411764815449715	9.999999974752427e-07	-1.3278622645884752e-08	0.008118398487567902	0.010526316240429878	0.2947915196418762	0.294791579246521	-1.3278622645884752e-08	0.01075268816202879	0.2947915196418762	0.04815460741519928	-1.3278622645884752e-08	0.02777777798473835	0.294791579246521	0.019186578691005707	9.999999974752427e-07	0.008000463247299194	0.38626325130462646	-1.3278622645884752e-08	1.622538547962904e-09	0.38626331090927124	-1.3278622645884752e-08	-1.3278622645884752e-08	-1.3278622645884752e-08	0.1528805047273636	9.999999974752427e-07	0.08756301552057266	0.009048528037965298	9.999999974752427e-07	1.622538547962904e-09	0.009130984544754028	0.02860131859779358	0.08756303787231445	0.009220770560204983	0.04123711213469505	9.999999974752427e-07	-1.3278622645884752e-08	-1.3278622645884752e-08	-1.3278622645884752e-08	0.008003763854503632	0.015048369765281677	0.029999999329447746	1.622538547962904e-09	0.00909090880304575	9.999999974752427e-07	0.009048528969287872	0.009220771491527557	0.2947915196418762	-1.3278622645884752e-08	0.15288051962852478	0.2499999850988388	0.38626334071159363	0.31386175751686096	-1.3278622645884752e-08	0.032608695328235626	0.009130991995334625	9.999999974752427e-07	0.16192904114723206	-2.4010660126805305e-10	-1.3278622645884752e-08	0.36913180351257324	0.1528804898262024	0.06531748175621033	0.009130977094173431	0.028601333498954773	0.00756189227104187	0.16814157366752625	1.622538547962904e-09	-1.3278622645884752e-08	0.021052632480859756	0.009900989942252636	0.027272727340459824	9.999999974752427e-07	0.005203664302825928	0.008620689623057842	0.007044591009616852	-1.3278622645884752e-08	0.008000463247299194	0.008118398487567902	9.999999974752427e-07	-1.3278622645884752e-08	-1.3278622645884752e-08	1.622538547962904e-09	1.622538547962904e-09	0.4417252242565155	0.024390242993831635	9.999999974752427e-07	0.30527329444885254	0.010416666977107525	0.014637134969234467	9.999999974752427e-07	0.3760969042778015	9.999999974752427e-07	0.04878048598766327	0.3760969042778015	0.05099133402109146	9.999999974752427e-07	0.008882244117558002	0.3052733242511749	1.622538547962904e-09	1.622538547962904e-09	1.622538547962904e-09	1.622538547962904e-09	0.030414395034313202	0.012048192322254181	0.29318323731422424	0.30527329444885254	9.999999974752427e-07	0.017391303554177284	0.2670987844467163	0.06562843918800354	1.622538547962904e-09	0.010416666977107525	0.30527329444885254	1.622538547962904e-09	1.622538547962904e-09	1.622538547962904e-09	0.30527329444885254	1.622538547962904e-09	0.010526316240429878	0.3760969042778015	9.999999974752427e-07	9.999999974752427e-07	1.622538547962904e-09	0.14387741684913635	0.025641024112701416	0.07431011646986008	0.032608695328235626	9.999999974752427e-07	0.009615384973585606	1.622538547962904e-09	0.014637134969234467	0.07431010156869888	0.010309278033673763	0.04452749714255333	0.009433962404727936	9.999999974752427e-07	1.622538547962904e-09	1.622538547962904e-09	1.622538547962904e-09	1.622538547962904e-09	0.009569531306624413	1.622538547962904e-09	1.622538547962904e-09	1.622538547962904e-09	0.01123595517128706	9.999999974752427e-07	0.20471768081188202	9.999999974752427e-07	0.14387744665145874	0.2047176957130432	0.30527329444885254	0.30527329444885254	0.026084452867507935	0.009569531306624413	1.622538547962904e-09	0.010101010091602802	0.204717755317688	0.010204081423580647	0.010989011265337467	0.30527326464653015	0.14387741684913635	0.06956726312637329	1.622538547962904e-09	0.01463712751865387	9.999999974752427e-07	0.20471777021884918	0.009803921915590763	9.999999974752427e-07	0.02503982186317444	9.999999974752427e-07	9.999999974752427e-07	0.008882243186235428	0.020576931536197662	9.999999974752427e-07	1.622538547962904e-09	1.622538547962904e-09	1.622538547962904e-09	9.999999974752427e-07	1.622538547962904e-09	1.622538547962904e-09	1.622538547962904e-09	1.622538547962904e-09	1.622538547962904e-09	0.3537144362926483	0.026411600410938263	4.2857209336943924e-07	0.20192480087280273	1.622538547962904e-09	0.027027027681469917	-7.275957614183426e-12	0.28152185678482056	1.622538547962904e-09	0.026411622762680054	0.28152185678482056	0.010256588459014893	9.999999974752427e-07	1.622538547962904e-09	0.20192481577396393	9.999999974752427e-07	1.622538547962904e-09	9.999999974752427e-07	1.622538547962904e-09	0.010256589390337467	1.622538547962904e-09	0.20192478597164154	0.20192480087280273	1.622538547962904e-09	1.622538547962904e-09	0.16246555745601654	0.05873368680477142	1.622538547962904e-09	0.027633339166641235	0.20192480087280273	-1.3278622645884752e-08	1.622538547962904e-09	-1.3278622645884752e-08	0.20192477107048035	0.008206676691770554	9.999999974752427e-07	0.2740027904510498	1.622538547962904e-09	9.999999974752427e-07	1.622538547962904e-09	0.05703481286764145	1.622538547962904e-09	0.02641153335571289	0.03179077059030533	1.622538547962904e-09	9.999999974752427e-07	-1.3278622645884752e-08	0.009401541203260422	0.026411622762680054	0.009916093200445175	0.027633339166641235	4.2857209336943924e-07	1.622538547962904e-09	0.013445571064949036	0.008206678554415703	9.999999974752427e-07	0.013458997011184692	1.2857158253609668e-06	-1.3278622645884752e-08	-1.3278622645884752e-08	1.622538547962904e-09	9.999999974752427e-07	1.622538547962904e-09	0.16246557235717773	1.622538547962904e-09	0.05703481659293175	0.10570608824491501	0.2626262903213501	0.20192481577396393	0.017806826159358025	1.2857121873821598e-06	-1.3278622645884752e-08	9.999999974752427e-07	0.08882559835910797	0.009916089475154877	1.622538547962904e-09	0.20192478597164154	0.05404491350054741	0.027633339166641235	-1.3278622645884752e-08	0.009401543065905571	1.622538547962904e-09	0.1057060956954956	-1.3278622645884752e-08	0.017806842923164368	1.622538547962904e-09	1.622538547962904e-09	4.2857209336943924e-07	1.622538547962904e-09	-7.275957614183426e-12	1.622538547962904e-09	9.999999974752427e-07	1.622538547962904e-09	-1.3278622645884752e-08	9.999999974752427e-07	-1.3278622645884752e-08	0.007519088685512543	1.622538547962904e-09	-1.3278622645884752e-08	2.255546860396862e-10	0.5330700874328613	0.005072489380836487	5.000001692678779e-07	0.3791336715221405	0.015137098729610443	0.04571791738271713	9.999999974752427e-07	0.47317153215408325	1.622538547962904e-09	0.08930285274982452	0.47317153215408325	0.014180630445480347	0.010177051648497581	9.999999974752427e-07	0.2838802933692932	-1.3278622645884752e-08	1.622538547962904e-09	0.00942908227443695	-1.3278622645884752e-08	0.007485590875148773	9.999999974752427e-07	0.26874327659606934	0.3461630940437317	0.011049933731555939	0.012431889772415161	0.21618439257144928	0.05989854037761688	-1.3278622645884752e-08	1.622538547962904e-09	0.2838802933692932	0.030927835032343864	0.044721707701683044	-1.3278622645884752e-08	0.39345017075538635	1.622538547962904e-09	-1.3278622645884752e-08	0.39345014095306396	0.011049933731555939	0.010177051648497581	-1.3278622645884752e-08	0.16346153616905212	0.04000958055257797	0.08930287510156631	-1.3278622645884752e-08	0.010416666977107525	-1.3278622645884752e-08	0.014316514134407043	0.03628883510828018	0.08930285274982452	1.622538547962904e-09	0.0478060245513916	5.000001692678779e-07	0.028037382289767265	1.622538547962904e-09	1.622538547962904e-09	-1.3278622645884752e-08	-1.3278622645884752e-08	1.5000005078036338e-06	1.622538547962904e-09	-1.3278622645884752e-08	9.999999974752427e-07	-1.3278622645884752e-08	1.622538547962904e-09	0.21618442237377167	0.015137098729610443	0.171462744474411	0.21618443727493286	0.39345017075538635	0.3461630940437317	0.05255885422229767	0.005072489380836487	9.999999974752427e-07	0.02286946028470993	0.1714627593755722	1.622538547962904e-09	0.015137098729610443	0.3791336119174957	0.1495407670736313	0.06023794412612915	0.014316491782665253	0.02286946028470993	0.008695651777088642	0.1714627891778946	1.622538547962904e-09	0.010177051648497581	0.012431896291673183	1.622538547962904e-09	5.000001692678779e-07	9.999999974752427e-07	0.00669504702091217	0.007796458899974823	-1.3278622645884752e-08	0.030927835032343864	-1.3278622645884752e-08	0.007485587149858475	-1.3278622645884752e-08	0.02777777798473835	-1.3278622645884752e-08	1.622538547962904e-09	0.008695651777088642	0.36692187190055847	0.04854368790984154	5.000001692678779e-07	0.19233903288841248	1.622538547962904e-09	0.02117866277694702	0.019078675657510757	0.26595741510391235	9.999999974752427e-07	0.0752153992652893	0.298444002866745	0.01907867193222046	9.999999974752427e-07	0.010416666977107525	0.19233901798725128	0.010324249044060707	0.007624365389347076	1.622538547962904e-09	1.622538547962904e-09	1.622538547962904e-09	9.999999974752427e-07	0.1923390030860901	0.19233903288841248	1.622538547962904e-09	0.026356376707553864	0.16347558796405792	0.0402572900056839	1.622538547962904e-09	1.622538547962904e-09	0.1923390030860901	1.622538547962904e-09	0.015332028269767761	0.0117647061124444	0.24910277128219604	0.01778506115078926	-1.3278622645884752e-08	0.24910275638103485	1.622538547962904e-09	9.999999974752427e-07	1.622538547962904e-09	0.1170303225517273	0.015458554029464722	0.0752154290676117	-1.3278622645884752e-08	0.00909090880304575	-1.3278622645884752e-08	0.009573204442858696	0.021178677678108215	0.0752154216170311	0.018691588193178177	0.015458546578884125	5.000001692678779e-07	0.005539208650588989	1.622538547962904e-09	0.01778506115078926	9.999999974752427e-07	0.02822045236825943	1.5000005078036338e-06	1.622538547962904e-09	9.999999974752427e-07	9.999999974752427e-07	-1.3278622645884752e-08	9.999999974752427e-07	0.16347555816173553	1.622538547962904e-09	0.14051920175552368	0.16347557306289673	0.24910278618335724	0.1923390030860901	0.011078409850597382	0.010101010091602802	0.009573204442858696	0.009177442640066147	0.1405191868543625	0.008695651777088642	1.622538547962904e-09	0.2222221940755844	0.11703035235404968	0.04181492328643799	0.011904762126505375	0.009177440777420998	0.010869565419852734	0.14051923155784607	-1.3278622645884752e-08	0.005539208650588989	0.026356376707553864	1.622538547962904e-09	5.000001692678779e-07	0.009999999776482582	0.019078677520155907	1.622538547962904e-09	0.010324249044060707	9.999999974752427e-07	9.999999974752427e-07	1.622538547962904e-09	9.999999974752427e-07	9.999999974752427e-07	1.622538547962904e-09	-1.3278622645884752e-08	0.012001216411590576	0.43699371814727783	0.05826278030872345	9.999999974752427e-07	0.2679571211338043	9.999999974752427e-07	0.04900254309177399	1.622538547962904e-09	0.3783048689365387	0.009493403136730194	0.06596280634403229	0.3783048391342163	1.622538547962904e-09	9.999999974752427e-07	0.01123595517128706	0.2679571807384491	-2.4010660126805305e-10	1.622538547962904e-09	-1.3278622645884752e-08	1.622538547962904e-09	1.622538547962904e-09	6.666664376098197e-07	0.2545320391654968	0.2679571509361267	0.010989011265337467	1.3333333299669903e-06	0.20756608247756958	0.04900255426764488	1.622538547962904e-09	0.005720056593418121	0.2679571211338043	1.622538547962904e-09	0.01575428992509842	0.010256931185722351	0.3783048391342163	0.01601792871952057	-2.4010660126805305e-10	0.3783048689365387	0.019911106675863266	9.999999974752427e-07	1.622538547962904e-09	0.1568257212638855	0.013005435466766357	0.11561180651187897	0.01815195381641388	6.666664376098197e-07	0.01815195381641388	0.010526316240429878	0.04900252819061279	0.06741572916507721	0.03269492834806442	0.018725495785474777	0.00909090880304575	-2.4010660126805305e-10	1.622538547962904e-09	0.00917431153357029	0.009686267003417015	0.009686268866062164	0.025567827746272087	9.999999974752427e-07	0.043478261679410934	0.01575428992509842	-2.4010660126805305e-10	0.009493403136730194	0.20756609737873077	9.999999974752427e-07	0.15682576596736908	0.20756609737873077	0.3783048689365387	0.2679571211338043	0.030948013067245483	0.025567827746272087	9.999999974752427e-07	9.999999974752427e-07	0.17497771978378296	0.009708737954497337	0.00909090880304575	0.31832000613212585	0.1568257361650467	0.04121395945549011	0.04972795397043228	0.010204081423580647	0.007700018584728241	0.19181180000305176	9.999999974752427e-07	0.011036910116672516	0.022488445043563843	0.016806723549962044	9.999999974752427e-07	0.009615384973585606	1.622538547962904e-09	1.622538547962904e-09	-2.4010660126805305e-10	1.622538547962904e-09	9.999999974752427e-07	1.622538547962904e-09	0.009803921915590763	1.622538547962904e-09	1.622538547962904e-09	1.622538547962904e-09	9.999999974752427e-07	0.3545213043689728	0.02059110254049301	0.010625112801790237	0.21123084425926208	0.02664199471473694	0.0061219222843647	9.999999974752427e-07	0.3018166422843933	0.006626579910516739	0.02059112675487995	0.3018166720867157	0.01864650845527649	-1.3278622645884752e-08	1.622538547962904e-09	0.1669045239686966	0.015181045979261398	9.999999974752427e-07	1.622538547962904e-09	1.622538547962904e-09	0.010238776914775372	1.622538547962904e-09	0.14026254415512085	0.2112308144569397	-1.3278622645884752e-08	1.622538547962904e-09	0.14026251435279846	0.024768419563770294	1.622538547962904e-09	1.622538547962904e-09	0.2112308144569397	-1.3278622645884752e-08	0.011363636702299118	6.912159733474255e-10	0.23242251574993134	-1.3278622645884752e-08	0.006100691854953766	0.29567739367485046	-1.3278622645884752e-08	-1.3278622645884752e-08	1.622538547962904e-09	0.09294700622558594	1.622538547962904e-09	0.06100180745124817	0.01366463303565979	1.622538547962904e-09	0.007563948631286621	0.011995955370366573	0.0061219483613967896	0.030612245202064514	0.00662657618522644	9.073119144886732e-09	-2.4010660126805305e-10	-1.3278622645884752e-08	-1.3278622645884752e-08	-1.3278622645884752e-08	9.999999974752427e-07	0.027936100959777832	0.010625114664435387	0.027522936463356018	0.007871739566326141	9.999999974752427e-07	1.622538547962904e-09	0.006626579910516739	0.14026251435279846	0.010101010091602802	0.09294699132442474	0.14026251435279846	0.29567742347717285	0.21123076975345612	-1.3278622645884752e-08	0.013964534737169743	0.011995954439043999	0.0061219483613967896	0.10661163181066513	1.622538547962904e-09	0.02664199471473694	0.2191026210784912	0.061001840978860855	1.622538547962904e-09	0.013319892808794975	0.0061219483613967896	1.622538547962904e-09	0.10661161690950394	9.999999974752427e-07	-1.3278622645884752e-08	1.622538547962904e-09	1.622538547962904e-09	-2.4010660126805305e-10	1.622538547962904e-09	9.999999974752427e-07	1.622538547962904e-09	0.015181045979261398	1.622538547962904e-09	6.912159733474255e-10	0.010238775983452797	0.007871739566326141	0.006139293313026428	1.622538547962904e-09	9.999999974752427e-07	1.622538547962904e-09	0.3608144521713257	0.07295437157154083	0.008505983278155327	0.2816368341445923	0.009365741163492203	0.02610155940055847	-1.3278622645884752e-08	0.30975285172462463	8.000001798791345e-07	0.07295437157154083	0.309752881526947	-1.3278622645884752e-08	2.255546860396862e-10	-5.828042048960924e-09	0.22092559933662415	0.024959802627563477	-1.3278622645884752e-08	1.622538547962904e-09	1.622538547962904e-09	-1.3278622645884752e-08	9.999999974752427e-07	0.21155989170074463	0.22092561423778534	2.255546860396862e-10	0.00917431153357029	0.1840570569038391	0.02610155940055847	1.622538547962904e-09	-5.828042048960924e-09	0.22092561423778534	1.622538547962904e-09	-1.3278622645884752e-08	0.008564569056034088	0.2986621558666229	1.622538547962904e-09	9.999999974752427e-07	0.2986621856689453	2.255546860396862e-10	2.255546860396862e-10	1.622538547962904e-09	0.1273503601551056	-5.828042048960924e-09	0.08163265138864517	0.01516491174697876	0.008196720853447914	9.999999974752427e-07	-2.4010660126805305e-10	0.02610156685113907	0.07547169923782349	1.3999997463542968e-06	0.015599853359162807	0.01042632944881916	0.009330734610557556	0.01817210018634796	1.622538547962904e-09	1.622538547962904e-09	0.02495981752872467	0.028257330879569054	9.999999974752427e-07	0.008460640907287598	-1.3278622645884752e-08	9.999999974752427e-07	8.000001798791345e-07	0.14251525700092316	0.009365737438201904	0.1273503601551056	0.14251527190208435	0.2986621558666229	0.2816368341445923	0.009330734610557556	0.05747126415371895	-2.4010660126805305e-10	9.999999974752427e-07	0.14251521229743958	6.000000212225132e-07	0.009365737438201904	0.29009753465652466	0.1273503601551056	0.04308461770415306	-2.4010660126805305e-10	0.009282199665904045	1.622538547962904e-09	0.14251525700092316	9.999999974752427e-07	2.255546860396862e-10	0.027484744787216187	0.017241379246115685	0.009325018152594566	-5.828042048960924e-09	-1.3278622645884752e-08	0.015599831938743591	0.024959810078144073	-2.4010660126805305e-10	9.999999974752427e-07	-1.3278622645884752e-08	0.0084606371819973	0.011090705171227455	1.622538547962904e-09	1.622538547962904e-09	0.016819367185235023
30	-15547.466796875	-1	9	57	76	75	26	89	10	62	48	0	26	84	41	29	91	66	5	0	11	24	14	68	37	85	21	0	0	50	22	3	66	33	67	21	43	7	69	12	0	65	50	77	73	24	43	79	5	42	1	78	57	69	21	34	56	0	70	42	76	31	43	49	25	4	73	63	36	3	21	1	46	80	82	49	14	33	40	77	33	47	9	66	48	69	78	85	57	13	11	50	56	7	32	19	59	7	0	30	47	0.5437126159667969	0.08644906431436539	0.010285336524248123	0.4145510792732239	0.012830331921577454	0.010498285293579102	0.010526316240429878	0.4251324236392975	9.999999974752427e-07	0.08644905686378479	0.44155392050743103	0.0655471682548523	9.999999974752427e-07	9.999999974752427e-07	0.40957462787628174	9.999999974752427e-07	0.005317971110343933	1.622538547962904e-09	1.622538547962904e-09	9.999999974752427e-07	0.02298850566148758	0.3967443108558655	0.40957462787628174	9.999999974752427e-07	0.03314200043678284	0.2897196114063263	0.0760454460978508	1.622538547962904e-09	9.999999974752427e-07	0.40957462787628174	0.004976391792297363	1.622538547962904e-09	1.622538547962904e-09	0.4145510792732239	0.03333333507180214	-1.3278622645884752e-08	0.4251324236392975	9.999999974752427e-07	9.999999974752427e-07	1.622538547962904e-09	0.22580645978450775	0.012048192322254181	0.1361638456583023	-1.3278622645884752e-08	9.999999974752427e-07	-1.3278622645884752e-08	1.622538547962904e-09	0.010498294606804848	0.1361638605594635	0.030567780137062073	0.02411612868309021	1.622538547962904e-09	0.008196720853447914	0.010869565419852734	9.999999974752427e-07	0.010526316240429878	0.026113338768482208	0.019338728860020638	-2.4010660126805305e-10	-1.3278622645884752e-08	1.622538547962904e-09	-1.3278622645884752e-08	0.030567795038223267	0.2705919146537781	9.999999974752427e-07	0.26527389883995056	0.2705919146537781	0.4251324534416199	0.4095746576786041	0.030927833169698715	0.05588129162788391	1.622538547962904e-09	0.010498292744159698	0.2652738690376282	-1.3278622645884752e-08	0.012830328196287155	0.4145510494709015	0.22250455617904663	0.08634074777364731	1.622538547962904e-09	0.010498294606804848	1.622538547962904e-09	0.26527389883995056	0.036036036908626556	0.009900989942252636	0.062224678695201874	0.029082641005516052	0.009053405374288559	9.999999974752427e-07	0.012195121496915817	9.999999974752427e-07	0.008547008968889713	-1.3278622645884752e-08	1.622538547962904e-09	9.999999974752427e-07	-1.3278622645884752e-08	-1.3278622645884752e-08	1.622538547962904e-09	9.999999974752427e-07	1.622538547962904e-09	0.4231007397174835	0.04496558755636215	0.010405869223177433	0.2722354531288147	0.010044899769127369	0.021052632480859756	9.999999974752427e-07	0.31625208258628845	0.018691588193178177	0.05226296931505203	0.31625211238861084	0.01785714365541935	0.010989011265337467	1.622538547962904e-09	0.2722354531288147	9.999999974752427e-07	1.622538547962904e-09	0.019417475908994675	1.622538547962904e-09	9.999999974752427e-07	6.666664376098197e-07	0.2291666716337204	0.2722354531288147	9.999999974752427e-07	1.3333333299669903e-06	0.1819043606519699	0.09699182957410812	1.622538547962904e-09	0.0078512541949749	0.2722354531288147	1.622538547962904e-09	1.622538547962904e-09	0.010638297535479069	0.31625205278396606	9.999999974752427e-07	-7.275957614183426e-12	0.31625205278396606	0.010526316240429878	0.009009009227156639	1.622538547962904e-09	0.10256187617778778	1.622538547962904e-09	0.0606570690870285	0.008510754443705082	6.666664376098197e-07	-7.275957614183426e-12	9.999999974752427e-07	1.3999997463542968e-06	0.05226297304034233	0.034559715539216995	0.022432174533605576	2.255546860396862e-10	9.999999974752427e-07	9.999999974752427e-07	9.999999974752427e-07	0.008264463394880295	0.009856700897216797	0.010405868291854858	0.008394084870815277	1.622538547962904e-09	1.622538547962904e-09	0.008510754443705082	0.034559715539216995	0.18190431594848633	0.010044899769127369	0.11764705926179886	0.18190434575080872	0.31625205278396606	0.2722354531288147	0.042105261236429214	0.010405870154500008	9.999999974752427e-07	8.000001798791345e-07	0.18190434575080872	1.622538547962904e-09	0.010044898837804794	0.2722354531288147	0.10256189107894897	0.04190482199192047	9.999999974752427e-07	8.000001798791345e-07	0.00729738175868988	0.18190434575080872	1.622538547962904e-09	0.016949152573943138	0.01947261206805706	9.999999974752427e-07	2.255546860396862e-10	1.622538547962904e-09	0.011627906933426857	0.014580924063920975	9.999999974752427e-07	1.622538547962904e-09	9.999999974752427e-07	9.999999974752427e-07	1.622538547962904e-09	1.622538547962904e-09	1.622538547962904e-09	1.622538547962904e-09	6.000000212225132e-07	0.4494662880897522	0.08000115305185318	9.999999974752427e-07	0.3330483138561249	-1.3278622645884752e-08	0.03483249247074127	9.999999974752427e-07	0.386263370513916	0.009220771491527557	0.08756303787231445	0.38626334071159363	0.013322077691555023	-1.3278622645884752e-08	9.999999974752427e-07	0.2947915494441986	9.999999974752427e-07	0.029411764815449715	9.999999974752427e-07	-1.3278622645884752e-08	0.008118398487567902	0.010526316240429878	0.2947915494441986	0.2947915196418762	-1.3278622645884752e-08	0.01075268816202879	0.2947915196418762	0.04815460741519928	-1.3278622645884752e-08	0.02777777798473835	0.2947915494441986	0.019186578691005707	9.999999974752427e-07	0.008000463247299194	0.38626325130462646	-1.3278622645884752e-08	1.622538547962904e-09	0.38626331090927124	-1.3278622645884752e-08	-1.3278622645884752e-08	-1.3278622645884752e-08	0.1528805047273636	9.999999974752427e-07	0.08756301552057266	0.009048528037965298	9.999999974752427e-07	1.622538547962904e-09	0.009130984544754028	0.02860131859779358	0.08756303787231445	0.009220770560204983	0.04123711213469505	9.999999974752427e-07	-1.3278622645884752e-08	-1.3278622645884752e-08	-1.3278622645884752e-08	0.008003763854503632	0.015048369765281677	0.029999999329447746	1.622538547962904e-09	0.00909090880304575	9.999999974752427e-07	0.009048528969287872	0.009220771491527557	0.2947915196418762	-1.3278622645884752e-08	0.15288051962852478	0.2499999850988388	0.38626334071159363	0.31386175751686096	-1.3278622645884752e-08	0.032608695328235626	0.009130991995334625	9.999999974752427e-07	0.16192904114723206	-2.4010660126805305e-10	-1.3278622645884752e-08	0.36913180351257324	0.1528804898262024	0.06531748175621033	0.009130977094173431	0.028601333498954773	0.00756189227104187	0.16814157366752625	1.622538547962904e-09	-1.3278622645884752e-08	0.021052632480859756	0.009900989942252636	0.027272727340459824	9.999999974752427e-07	0.005203664302825928	0.008620689623057842	0.007044591009616852	-1.3278622645884752e-08	0.008000463247299194	0.008118398487567902	9.999999974752427e-07	-1.3278622645884752e-08	-1.3278622645884752e-08	9.999999974752427e-07	1.622538547962904e-09	0.4417252242565155	0.024390242993831635	9.999999974752427e-07	0.30527329444885254	0.010416666977107525	0.014637134969234467	9.999999974752427e-07	0.3760969042778015	9.999999974752427e-07	0.04878048598766327	0.3760969042778015	0.05099133402109146	9.999999974752427e-07	0.008882244117558002	0.30527329444885254	1.622538547962904e-09	1.622538547962904e-09	1.622538547962904e-09	1.622538547962904e-09	0.030414395034313202	0.012048192322254181	0.29318323731422424	0.30527329444885254	9.999999974752427e-07	0.017391303554177284	0.2670987844467163	0.06562843918800354	1.622538547962904e-09	0.010416666977107525	0.30527329444885254	1.622538547962904e-09	1.622538547962904e-09	1.622538547962904e-09	0.30527329444885254	1.622538547962904e-09	0.010526316240429878	0.3760969042778015	9.999999974752427e-07	9.999999974752427e-07	1.622538547962904e-09	0.14387741684913635	0.025641024112701416	0.07431011646986008	0.032608695328235626	9.999999974752427e-07	0.009615384973585606	1.622538547962904e-09	0.014637134969234467	0.07431010156869888	0.010309278033673763	0.04452749714255333	0.009433962404727936	9.999999974752427e-07	1.622538547962904e-09	1.622538547962904e-09	1.622538547962904e-09	1.622538547962904e-09	0.009569531306624413	1.622538547962904e-09	1.622538547962904e-09	1.622538547962904e-09	0.01123595517128706	9.999999974752427e-07	0.20471768081188202	9.999999974752427e-07	0.14387744665145874	0.2047176957130432	0.3052733242511749	0.30527326464653015	0.026084452867507935	0.009569531306624413	1.622538547962904e-09	0.010101010091602802	0.204717755317688	0.010204081423580647	0.010989011265337467	0.30527329444885254	0.14387741684913635	0.06956726312637329	1.622538547962904e-09	0.01463712751865387	9.999999974752427e-07	0.20471777021884918	0.009803921915590763	9.999999974752427e-07	0.02503982186317444	9.999999974752427e-07	9.999999974752427e-07	0.008882243186235428	0.020576931536197662	9.999999974752427e-07	1.622538547962904e-09	1.622538547962904e-09	1.622538547962904e-09	9.999999974752427e-07	1.622538547962904e-09	1.622538547962904e-09	1.622538547962904e-09	1.622538547962904e-09	1.622538547962904e-09	0.3537144362926483	0.026411600410938263	4.2857209336943924e-07	0.20192478597164154	1.622538547962904e-09	0.027027027681469917	-7.275957614183426e-12	0.28152188658714294	1.622538547962904e-09	0.026411622762680054	0.28152182698249817	0.010256588459014893	9.999999974752427e-07	1.622538547962904e-09	0.20192480087280273	9.999999974752427e-07	1.622538547962904e-09	9.999999974752427e-07	1.622538547962904e-09	0.010256589390337467	1.622538547962904e-09	0.20192478597164154	0.20192481577396393	1.622538547962904e-09	1.622538547962904e-09	0.16246557235717773	0.05873368680477142	1.622538547962904e-09	0.027633339166641235	0.20192478597164154	-1.3278622645884752e-08	1.622538547962904e-09	-1.3278622645884752e-08	0.20192477107048035	0.00820666179060936	9.999999974752427e-07	0.2740028202533722	1.622538547962904e-09	9.999999974752427e-07	1.622538547962904e-09	0.05703481286764145	1.622538547962904e-09	0.02641153335571289	0.03179077059030533	1.622538547962904e-09	9.999999974752427e-07	-1.3278622645884752e-08	0.009401541203260422	0.026411622762680054	0.009916093200445175	0.027633339166641235	4.2857209336943924e-07	1.622538547962904e-09	0.013445533812046051	0.008206663653254509	9.999999974752427e-07	0.013458997011184692	1.2857158253609668e-06	-1.3278622645884752e-08	-1.3278622645884752e-08	1.622538547962904e-09	9.999999974752427e-07	1.622538547962904e-09	0.16246557235717773	1.622538547962904e-09	0.05703481659293175	0.10570608824491501	0.2626262903213501	0.20192481577396393	0.01780681312084198	1.2857121873821598e-06	-1.3278622645884752e-08	9.999999974752427e-07	0.08882559835910797	0.009916089475154877	1.622538547962904e-09	0.20192478597164154	0.05404491350054741	0.027633339166641235	-1.3278622645884752e-08	0.009401543065905571	1.622538547962904e-09	0.1057060956954956	-1.3278622645884752e-08	0.017806820571422577	1.622538547962904e-09	1.622538547962904e-09	4.2857209336943924e-07	1.622538547962904e-09	-7.275957614183426e-12	1.622538547962904e-09	9.999999974752427e-07	1.622538547962904e-09	-1.3278622645884752e-08	9.999999974752427e-07	-1.3278622645884752e-08	0.007519073784351349	1.622538547962904e-09	-1.3278622645884752e-08	2.255546860396862e-10	0.5330701470375061	0.005072489380836487	5.000001692678779e-07	0.3791336119174957	0.015137098729610443	0.04571789503097534	9.999999974752427e-07	0.47317150235176086	1.622538547962904e-09	0.08930285274982452	0.47317150235176086	0.014180606231093407	0.010177051648497581	9.999999974752427e-07	0.283880352973938	-1.3278622645884752e-08	1.622538547962904e-09	0.009429067373275757	-1.3278622645884752e-08	0.007485583424568176	9.999999974752427e-07	0.2687433063983917	0.3461630940437317	0.011049933731555939	0.012431889772415161	0.21618443727493286	0.059898555278778076	-1.3278622645884752e-08	1.622538547962904e-09	0.2838802933692932	0.030927835032343864	0.04472166299819946	-1.3278622645884752e-08	0.39345017075538635	1.622538547962904e-09	-1.3278622645884752e-08	0.39345014095306396	0.011049933731555939	0.010177051648497581	-1.3278622645884752e-08	0.16346153616905212	0.04000958055257797	0.08930287510156631	-1.3278622645884752e-08	0.010416666977107525	-1.3278622645884752e-08	0.014316469430923462	0.036288827657699585	0.08930285274982452	1.622538547962904e-09	0.0478060245513916	5.000001692678779e-07	0.028037382289767265	1.622538547962904e-09	1.622538547962904e-09	-1.3278622645884752e-08	-1.3278622645884752e-08	1.5000005078036338e-06	1.622538547962904e-09	-1.3278622645884752e-08	9.999999974752427e-07	-1.3278622645884752e-08	1.622538547962904e-09	0.21618443727493286	0.015137098729610443	0.171462744474411	0.21618443727493286	0.39345014095306396	0.3461630940437317	0.05255882441997528	0.005072489380836487	9.999999974752427e-07	0.02286946028470993	0.1714627593755722	1.622538547962904e-09	0.01513710618019104	0.37913358211517334	0.1495407670736313	0.06023794412612915	0.014316461980342865	0.02286946028470993	0.008695651777088642	0.1714627593755722	1.622538547962904e-09	0.010177051648497581	0.012431896291673183	1.622538547962904e-09	5.000001692678779e-07	9.999999974752427e-07	0.0066950395703315735	0.007796458899974823	-1.3278622645884752e-08	0.030927835032343864	-1.3278622645884752e-08	0.007485583424568176	-1.3278622645884752e-08	0.02777777798473835	-1.3278622645884752e-08	9.999999974752427e-07	0.008695651777088642	0.36692187190055847	0.04854368790984154	5.000001692678779e-07	0.19233903288841248	1.622538547962904e-09	0.021178677678108215	0.019078679382801056	0.26595747470855713	9.999999974752427e-07	0.0752153992652893	0.29844412207603455	0.019078686833381653	9.999999974752427e-07	0.010416666977107525	0.19233909249305725	0.010324249044060707	0.00762438029050827	1.622538547962904e-09	1.622538547962904e-09	1.622538547962904e-09	9.999999974752427e-07	0.19233903288841248	0.19233906269073486	1.622538547962904e-09	0.026356376707553864	0.1634756177663803	0.04025733470916748	1.622538547962904e-09	1.622538547962904e-09	0.19233909249305725	1.622538547962904e-09	0.015332043170928955	0.0117647061124444	0.24910281598567963	0.017785068601369858	-1.3278622645884752e-08	0.24910280108451843	1.622538547962904e-09	9.999999974752427e-07	1.622538547962904e-09	0.1170303225517273	0.015458554029464722	0.0752154290676117	-1.3278622645884752e-08	0.00909090880304575	-1.3278622645884752e-08	0.009573204442858696	0.02117866650223732	0.0752154216170311	0.018691588193178177	0.015458546578884125	5.000001692678779e-07	0.005539216101169586	1.622538547962904e-09	0.017785068601369858	9.999999974752427e-07	0.02822050452232361	1.5000005078036338e-06	1.622538547962904e-09	9.999999974752427e-07	9.999999974752427e-07	-1.3278622645884752e-08	9.999999974752427e-07	0.16347557306289673	1.622538547962904e-09	0.14051923155784607	0.16347560286521912	0.24910281598567963	0.19233901798725128	0.011078424751758575	0.010101010091602802	0.009573204442858696	0.009177446365356445	0.14051921665668488	0.008695651777088642	1.622538547962904e-09	0.222222238779068	0.11703035235404968	0.04181492328643799	0.011904762126505375	0.009177446365356445	0.010869565419852734	0.1405191868543625	-1.3278622645884752e-08	0.005539216101169586	0.026356376707553864	1.622538547962904e-09	5.000001692678779e-07	0.009999999776482582	0.019078677520155907	1.622538547962904e-09	0.010324249044060707	9.999999974752427e-07	9.999999974752427e-07	1.622538547962904e-09	9.999999974752427e-07	9.999999974752427e-07	1.622538547962904e-09	1.622538547962904e-09	0.012001227587461472	0.43699371814727783	0.05826278030872345	9.999999974752427e-07	0.2679571211338043	9.999999974752427e-07	0.04900254309177399	1.622538547962904e-09	0.3783048689365387	0.009493403136730194	0.06596280634403229	0.3783048391342163	1.622538547962904e-09	9.999999974752427e-07	0.01123595517128706	0.2679571211338043	-2.4010660126805305e-10	1.622538547962904e-09	-1.3278622645884752e-08	1.622538547962904e-09	1.622538547962904e-09	6.666664376098197e-07	0.2545320391654968	0.2679571509361267	0.010989011265337467	1.3333333299669903e-06	0.20756608247756958	0.04900255426764488	1.622538547962904e-09	0.005720056593418121	0.2679571211338043	1.622538547962904e-09	0.01575428992509842	0.010256931185722351	0.3783048391342163	0.01601792871952057	-2.4010660126805305e-10	0.3783048689365387	0.019911106675863266	9.999999974752427e-07	1.622538547962904e-09	0.1568257212638855	0.013005435466766357	0.11561180651187897	0.01815195381641388	6.666664376098197e-07	0.01815195381641388	0.010526316240429878	0.04900252819061279	0.06741572916507721	0.03269492834806442	0.018725495785474777	0.00909090880304575	-2.4010660126805305e-10	1.622538547962904e-09	0.00917431153357029	0.009686267003417015	0.009686268866062164	0.025567827746272087	9.999999974752427e-07	0.043478261679410934	0.01575428992509842	-2.4010660126805305e-10	0.009493403136730194	0.20756609737873077	9.999999974752427e-07	0.15682576596736908	0.20756609737873077	0.3783048689365387	0.2679571211338043	0.030948013067245483	0.025567827746272087	9.999999974752427e-07	9.999999974752427e-07	0.17497771978378296	0.009708737954497337	0.00909090880304575	0.31832000613212585	0.1568257361650467	0.04121395945549011	0.04972795397043228	0.010204081423580647	0.007700018584728241	0.19181180000305176	9.999999974752427e-07	0.011036910116672516	0.022488445043563843	0.016806723549962044	9.999999974752427e-07	0.009615384973585606	1.622538547962904e-09	1.622538547962904e-09	-2.4010660126805305e-10	1.622538547962904e-09	9.999999974752427e-07	1.622538547962904e-09	0.009803921915590763	1.622538547962904e-09	1.622538547962904e-09	1.622538547962904e-09	9.999999974752427e-07	0.35452133417129517	0.02059110254049301	0.010625112801790237	0.21123075485229492	0.02664199471473694	0.006121918559074402	9.999999974752427e-07	0.3018167018890381	0.006626579910516739	0.02059112675487995	0.3018167018890381	0.01864650845527649	-1.3278622645884752e-08	1.622538547962904e-09	0.1669045239686966	0.015181045979261398	9.999999974752427e-07	1.622538547962904e-09	1.622538547962904e-09	0.010238776914775372	1.622538547962904e-09	0.14026254415512085	0.2112308144569397	-1.3278622645884752e-08	1.622538547962904e-09	0.14026251435279846	0.02476842701435089	1.622538547962904e-09	1.622538547962904e-09	0.2112308144569397	-1.3278622645884752e-08	0.011363636702299118	6.912159733474255e-10	0.23242250084877014	-1.3278622645884752e-08	0.006100691854953766	0.29567742347717285	-1.3278622645884752e-08	-1.3278622645884752e-08	1.622538547962904e-09	0.09294700622558594	1.622538547962904e-09	0.06100180745124817	0.01366463303565979	1.622538547962904e-09	0.007563948631286621	0.011995955370366573	0.0061219483613967896	0.030612245202064514	0.00662657618522644	9.073119144886732e-09	-2.4010660126805305e-10	-1.3278622645884752e-08	-1.3278622645884752e-08	-1.3278622645884752e-08	9.999999974752427e-07	0.027936086058616638	0.010625114664435387	0.027522936463356018	0.007871761918067932	9.999999974752427e-07	1.622538547962904e-09	0.006626579910516739	0.14026251435279846	0.010101010091602802	0.09294699132442474	0.14026251435279846	0.29567742347717285	0.21123084425926208	-1.3278622645884752e-08	0.013964534737169743	0.011995954439043999	0.0061219483613967896	0.10661163181066513	1.622538547962904e-09	0.02664199471473694	0.21910260617733002	0.061001840978860855	1.622538547962904e-09	0.01331990398466587	0.0061219558119773865	1.622538547962904e-09	0.10661161690950394	9.999999974752427e-07	-1.3278622645884752e-08	1.622538547962904e-09	1.622538547962904e-09	-2.4010660126805305e-10	1.622538547962904e-09	9.999999974752427e-07	1.622538547962904e-09	0.015181045979261398	1.622538547962904e-09	6.912159733474255e-10	0.010238775983452797	0.007871761918067932	0.006139293313026428	1.622538547962904e-09	-1.3278622645884752e-08	1.622538547962904e-09	0.36081433296203613	0.07295437157154083	0.008505983278155327	0.2816368341445923	0.009365733712911606	0.026101574301719666	-1.3278622645884752e-08	0.30975285172462463	8.000001798791345e-07	0.07295437157154083	0.30975285172462463	-1.3278622645884752e-08	2.255546860396862e-10	-5.828042048960924e-09	0.22092559933662415	0.024959832429885864	-1.3278622645884752e-08	1.622538547962904e-09	1.622538547962904e-09	-1.3278622645884752e-08	9.999999974752427e-07	0.21155986189842224	0.22092559933662415	2.255546860396862e-10	0.00917431153357029	0.1840570569038391	0.02610158920288086	1.622538547962904e-09	-5.828042048960924e-09	0.22092559933662415	1.622538547962904e-09	-1.3278622645884752e-08	0.008564593270421028	0.29866209626197815	1.622538547962904e-09	9.999999974752427e-07	0.29866209626197815	2.255546860396862e-10	2.255546860396862e-10	1.622538547962904e-09	0.1273503601551056	-5.828042048960924e-09	0.08163265138864517	0.01516491174697876	0.008196720853447914	9.999999974752427e-07	-2.4010660126805305e-10	0.026101581752300262	0.07547169923782349	1.3999997463542968e-06	0.015599853359162807	0.01042632944881916	0.009330726228654385	0.018172089010477066	1.622538547962904e-09	1.622538547962904e-09	0.02495981752872467	0.028257330879569054	9.999999974752427e-07	0.008460655808448792	-1.3278622645884752e-08	9.999999974752427e-07	8.000001798791345e-07	0.14251525700092316	0.009365729987621307	0.1273503601551056	0.14251527190208435	0.29866209626197815	0.2816368043422699	0.00933072715997696	0.05747126415371895	-2.4010660126805305e-10	9.999999974752427e-07	0.14251521229743958	6.000000212225132e-07	0.009365737438201904	0.2900974750518799	0.1273503601551056	0.04308461770415306	-2.4010660126805305e-10	0.009282208979129791	1.622538547962904e-09	0.14251525700092316	9.999999974752427e-07	2.255546860396862e-10	0.027484744787216187	0.017241379246115685	0.009325018152594566	-5.828042048960924e-09	-1.3278622645884752e-08	0.015599831938743591	0.02495983988046646	-2.4010660126805305e-10	9.999999974752427e-07	-1.3278622645884752e-08	0.008460652083158493	0.011090701445937157	1.622538547962904e-09	1.622538547962904e-09	0.01681937277317047
31	-15547.466796875	-1	9	57	76	75	26	89	10	62	48	0	26	84	41	29	91	66	5	0	11	24	14	68	37	85	21	0	0	50	22	3	66	33	67	21	43	7	69	12	0	65	50	77	73	24	43	79	5	42	1	78	57	69	21	34	56	0	70	42	76	31	43	49	25	4	73	63	36	3	21	1	46	80	82	49	14	33	40	77	33	47	9	66	48	69	78	85	57	13	11	50	56	7	32	19	59	7	0	31	47	0.5437127947807312	0.08644906431436539	0.010285336524248123	0.41455113887786865	0.01283031702041626	0.010498285293579102	0.010526316240429878	0.4251324236392975	9.999999974752427e-07	0.08644905686378479	0.44155392050743103	0.0655471533536911	9.999999974752427e-07	9.999999974752427e-07	0.4095746874809265	9.999999974752427e-07	0.005317941308021545	1.622538547962904e-09	1.622538547962904e-09	9.999999974752427e-07	0.02298850566148758	0.39674440026283264	0.4095747172832489	9.999999974752427e-07	0.03314200043678284	0.28971967101097107	0.07604540139436722	1.622538547962904e-09	9.999999974752427e-07	0.4095746874809265	0.004976421594619751	1.622538547962904e-09	1.622538547962904e-09	0.41455113887786865	0.03333333507180214	-1.3278622645884752e-08	0.42513251304626465	9.999999974752427e-07	9.999999974752427e-07	1.622538547962904e-09	0.22580645978450775	0.012048192322254181	0.1361638456583023	-1.3278622645884752e-08	9.999999974752427e-07	-1.3278622645884752e-08	1.622538547962904e-09	0.01049829088151455	0.1361638605594635	0.030567780137062073	0.02411612868309021	1.622538547962904e-09	0.008196720853447914	0.010869565419852734	9.999999974752427e-07	0.010526316240429878	0.02611328661441803	0.019338728860020638	-2.4010660126805305e-10	-1.3278622645884752e-08	1.622538547962904e-09	-1.3278622645884752e-08	0.030567795038223267	0.27059197425842285	9.999999974752427e-07	0.26527389883995056	0.27059200406074524	0.42513248324394226	0.4095747172832489	0.030927833169698715	0.05588129162788391	1.622538547962904e-09	0.010498292744159698	0.2652738690376282	-1.3278622645884752e-08	0.01283031702041626	0.41455113887786865	0.22250455617904663	0.08634074777364731	1.622538547962904e-09	0.010498294606804848	1.622538547962904e-09	0.26527392864227295	0.036036036908626556	0.009900989942252636	0.062224678695201874	0.029082641005516052	0.009053405374288559	9.999999974752427e-07	0.012195121496915817	9.999999974752427e-07	0.008547008968889713	-1.3278622645884752e-08	1.622538547962904e-09	9.999999974752427e-07	-1.3278622645884752e-08	-1.3278622645884752e-08	1.622538547962904e-09	1.622538547962904e-09	1.622538547962904e-09	0.42310065031051636	0.04496558755636215	0.010405869223177433	0.2722354829311371	0.010044899769127369	0.021052632480859756	9.999999974752427e-07	0.31625205278396606	0.018691588193178177	0.05226296931505203	0.31625208258628845	0.01785714365541935	0.010989011265337467	1.622538547962904e-09	0.2722354531288147	9.999999974752427e-07	1.622538547962904e-09	0.019417475908994675	1.622538547962904e-09	9.999999974752427e-07	6.666664376098197e-07	0.2291666716337204	0.2722354531288147	9.999999974752427e-07	1.3333333299669903e-06	0.18190431594848633	0.09699181467294693	1.622538547962904e-09	0.0078512541949749	0.2722354531288147	1.622538547962904e-09	1.622538547962904e-09	0.010638297535479069	0.31625205278396606	9.999999974752427e-07	-7.275957614183426e-12	0.31625205278396606	0.010526316240429878	0.009009009227156639	1.622538547962904e-09	0.10256187617778778	1.622538547962904e-09	0.0606570690870285	0.008510754443705082	6.666664376098197e-07	-7.275957614183426e-12	9.999999974752427e-07	1.3999997463542968e-06	0.05226297304034233	0.034559715539216995	0.022432174533605576	2.255546860396862e-10	9.999999974752427e-07	9.999999974752427e-07	9.999999974752427e-07	0.008264463394880295	0.009856685996055603	0.010405868291854858	0.008394084870815277	1.622538547962904e-09	1.622538547962904e-09	0.008510754443705082	0.034559715539216995	0.18190431594848633	0.010044899769127369	0.11764705926179886	0.18190433084964752	0.31625205278396606	0.2722354531288147	0.042105261236429214	0.010405870154500008	9.999999974752427e-07	8.000001798791345e-07	0.1819043755531311	1.622538547962904e-09	0.010044898837804794	0.2722354531288147	0.10256189107894897	0.04190482199192047	9.999999974752427e-07	8.000001798791345e-07	0.00729738175868988	0.1819043606519699	1.622538547962904e-09	0.016949152573943138	0.01947261206805706	9.999999974752427e-07	2.255546860396862e-10	1.622538547962904e-09	0.011627906933426857	0.014580924063920975	9.999999974752427e-07	1.622538547962904e-09	9.999999974752427e-07	9.999999974752427e-07	1.622538547962904e-09	1.622538547962904e-09	1.622538547962904e-09	1.622538547962904e-09	6.000000212225132e-07	0.449466347694397	0.08000115305185318	9.999999974752427e-07	0.33304834365844727	-1.3278622645884752e-08	0.03483249247074127	9.999999974752427e-07	0.3862634003162384	0.009220771491527557	0.08756303787231445	0.386263370513916	0.013322077691555023	-1.3278622645884752e-08	9.999999974752427e-07	0.294791579246521	9.999999974752427e-07	0.029411764815449715	9.999999974752427e-07	-1.3278622645884752e-08	0.008118398487567902	0.010526316240429878	0.294791579246521	0.2947915494441986	-1.3278622645884752e-08	0.01075268816202879	0.2947915494441986	0.04815460741519928	-1.3278622645884752e-08	0.02777777798473835	0.294791579246521	0.019186578691005707	1.3333333299669903e-06	0.008000463247299194	0.38626328110694885	-1.3278622645884752e-08	1.622538547962904e-09	0.38626334071159363	-1.3278622645884752e-08	-1.3278622645884752e-08	-1.3278622645884752e-08	0.1528805047273636	9.999999974752427e-07	0.08756301552057266	0.009048528037965298	9.999999974752427e-07	1.622538547962904e-09	0.009130984544754028	0.02860131859779358	0.08756303787231445	0.009220770560204983	0.04123711213469505	9.999999974752427e-07	-1.3278622645884752e-08	-1.3278622645884752e-08	-1.3278622645884752e-08	0.008003763854503632	0.015048369765281677	0.029999999329447746	1.622538547962904e-09	0.00909090880304575	6.666664376098197e-07	0.009048528969287872	0.009220771491527557	0.2947915494441986	-1.3278622645884752e-08	0.15288051962852478	0.25	0.386263370513916	0.31386178731918335	-1.3278622645884752e-08	0.032608695328235626	0.009130991995334625	9.999999974752427e-07	0.16192904114723206	-2.4010660126805305e-10	-1.3278622645884752e-08	0.36913183331489563	0.1528804898262024	0.06531748175621033	0.009130977094173431	0.028601333498954773	0.00756189227104187	0.16814157366752625	1.622538547962904e-09	-1.3278622645884752e-08	0.021052632480859756	0.009900989942252636	0.027272727340459824	9.999999974752427e-07	0.005203664302825928	0.008620689623057842	0.007044591009616852	-1.3278622645884752e-08	0.008000463247299194	0.008118398487567902	9.999999974752427e-07	-1.3278622645884752e-08	-1.3278622645884752e-08	6.666664376098197e-07	1.622538547962904e-09	0.4417252838611603	0.024390242993831635	9.999999974752427e-07	0.30527326464653015	0.010416666977107525	0.014637120068073273	9.999999974752427e-07	0.3760969042778015	9.999999974752427e-07	0.04878048598766327	0.3760969042778015	0.050991326570510864	9.999999974752427e-07	0.008882244117558002	0.30527329444885254	1.622538547962904e-09	1.622538547962904e-09	1.622538547962904e-09	1.622538547962904e-09	0.030414380133152008	0.012048192322254181	0.29318323731422424	0.3052733242511749	9.999999974752427e-07	0.017391303554177284	0.2670987844467163	0.06562840938568115	1.622538547962904e-09	0.010416666977107525	0.30527329444885254	1.622538547962904e-09	1.622538547962904e-09	1.622538547962904e-09	0.30527329444885254	1.622538547962904e-09	0.010526316240429878	0.3760969042778015	9.999999974752427e-07	9.999999974752427e-07	1.622538547962904e-09	0.14387741684913635	0.025641024112701416	0.07431011646986008	0.032608695328235626	9.999999974752427e-07	0.009615384973585606	1.622538547962904e-09	0.01463712751865387	0.07431010156869888	0.010309278033673763	0.04452749714255333	0.009433962404727936	9.999999974752427e-07	1.622538547962904e-09	1.622538547962904e-09	1.622538547962904e-09	1.622538547962904e-09	0.009569531306624413	1.622538547962904e-09	1.622538547962904e-09	1.622538547962904e-09	0.01123595517128706	9.999999974752427e-07	0.2047177404165268	9.999999974752427e-07	0.14387744665145874	0.204717755317688	0.3052733242511749	0.30527329444885254	0.026084452867507935	0.009569531306624413	1.622538547962904e-09	0.010101010091602802	0.2047177255153656	0.010204081423580647	0.010989011265337467	0.30527329444885254	0.14387741684913635	0.06956726312637329	1.622538547962904e-09	0.01463712751865387	9.999999974752427e-07	0.2047176957130432	0.009803921915590763	9.999999974752427e-07	0.02503982186317444	9.999999974752427e-07	9.999999974752427e-07	0.008882243186235428	0.02057691663503647	9.999999974752427e-07	1.622538547962904e-09	1.622538547962904e-09	1.622538547962904e-09	9.999999974752427e-07	1.622538547962904e-09	1.622538547962904e-09	1.622538547962904e-09	1.622538547962904e-09	1.622538547962904e-09	0.3537144362926483	0.026411600410938263	4.2857209336943924e-07	0.20192477107048035	1.622538547962904e-09	0.027027027681469917	-7.275957614183426e-12	0.28152182698249817	1.622538547962904e-09	0.026411622762680054	0.2815217971801758	0.010256588459014893	9.999999974752427e-07	1.622538547962904e-09	0.20192477107048035	9.999999974752427e-07	1.622538547962904e-09	9.999999974752427e-07	1.622538547962904e-09	0.010256589390337467	1.622538547962904e-09	0.20192474126815796	0.20192478597164154	1.622538547962904e-09	1.622538547962904e-09	0.16246558725833893	0.05873368680477142	1.622538547962904e-09	0.027633339166641235	0.20192477107048035	-1.3278622645884752e-08	1.622538547962904e-09	-1.3278622645884752e-08	0.20192483067512512	0.008206691592931747	9.999999974752427e-07	0.2740027904510498	1.622538547962904e-09	9.999999974752427e-07	1.622538547962904e-09	0.05703481286764145	1.622538547962904e-09	0.02641153335571289	0.03179077059030533	1.622538547962904e-09	9.999999974752427e-07	-1.3278622645884752e-08	0.009401541203260422	0.026411622762680054	0.009916093200445175	0.027633339166641235	4.2857209336943924e-07	1.622538547962904e-09	0.013445600867271423	0.008206691592931747	9.999999974752427e-07	0.013458997011184692	1.2857158253609668e-06	-1.3278622645884752e-08	-1.3278622645884752e-08	1.622538547962904e-09	9.999999974752427e-07	1.622538547962904e-09	0.16246557235717773	1.622538547962904e-09	0.05703481659293175	0.1057061031460762	0.2626262605190277	0.20192477107048035	0.01780684106051922	1.2857121873821598e-06	-1.3278622645884752e-08	9.999999974752427e-07	0.08882559835910797	0.009916089475154877	1.622538547962904e-09	0.20192478597164154	0.05404491350054741	0.027633339166641235	-1.3278622645884752e-08	0.009401543065905571	1.622538547962904e-09	0.1057060956954956	-1.3278622645884752e-08	0.017806850373744965	1.622538547962904e-09	1.622538547962904e-09	4.2857209336943924e-07	1.622538547962904e-09	-7.275957614183426e-12	1.622538547962904e-09	9.999999974752427e-07	1.622538547962904e-09	-1.3278622645884752e-08	9.999999974752427e-07	-1.3278622645884752e-08	0.007519088685512543	1.622538547962904e-09	1.622538547962904e-09	2.255546860396862e-10	0.5330701470375061	0.005072489380836487	5.000001692678779e-07	0.3791336119174957	0.015137098729610443	0.04571789503097534	9.999999974752427e-07	0.47317150235176086	1.622538547962904e-09	0.08930285274982452	0.47317150235176086	0.014180606231093407	0.010177051648497581	9.999999974752427e-07	0.283880352973938	-1.3278622645884752e-08	1.622538547962904e-09	0.009429067373275757	-1.3278622645884752e-08	0.007485583424568176	9.999999974752427e-07	0.2687433063983917	0.3461630940437317	0.011049933731555939	0.012431889772415161	0.21618443727493286	0.059898555278778076	-1.3278622645884752e-08	1.622538547962904e-09	0.2838802933692932	0.030927835032343864	0.04472166299819946	-1.3278622645884752e-08	0.39345017075538635	1.622538547962904e-09	-1.3278622645884752e-08	0.39345014095306396	0.011049933731555939	0.010177051648497581	-1.3278622645884752e-08	0.16346153616905212	0.04000958055257797	0.08930287510156631	-1.3278622645884752e-08	0.010416666977107525	-1.3278622645884752e-08	0.014316469430923462	0.036288827657699585	0.08930285274982452	1.622538547962904e-09	0.0478060245513916	5.000001692678779e-07	0.028037382289767265	1.622538547962904e-09	1.622538547962904e-09	-1.3278622645884752e-08	-1.3278622645884752e-08	1.5000005078036338e-06	1.622538547962904e-09	-1.3278622645884752e-08	9.999999974752427e-07	-1.3278622645884752e-08	1.622538547962904e-09	0.21618443727493286	0.015137098729610443	0.171462744474411	0.21618443727493286	0.39345014095306396	0.3461630940437317	0.05255882441997528	0.005072489380836487	9.999999974752427e-07	0.02286946028470993	0.1714627593755722	1.622538547962904e-09	0.01513710618019104	0.37913358211517334	0.1495407670736313	0.06023794412612915	0.014316461980342865	0.02286946028470993	0.008695651777088642	0.1714627593755722	1.622538547962904e-09	0.010177051648497581	0.012431896291673183	1.622538547962904e-09	5.000001692678779e-07	9.999999974752427e-07	0.0066950395703315735	0.007796458899974823	-1.3278622645884752e-08	0.030927835032343864	-1.3278622645884752e-08	0.007485583424568176	-1.3278622645884752e-08	0.02777777798473835	-1.3278622645884752e-08	9.999999974752427e-07	0.008695651777088642	0.3669218420982361	0.04854368790984154	5.000001692678779e-07	0.19233903288841248	1.622538547962904e-09	0.021178677678108215	0.01907866820693016	0.26595741510391235	9.999999974752427e-07	0.0752153992652893	0.2984440326690674	0.01907867193222046	9.999999974752427e-07	0.010416666977107525	0.19233903288841248	0.010324249044060707	0.007624365389347076	1.622538547962904e-09	1.622538547962904e-09	1.622538547962904e-09	9.999999974752427e-07	0.19233901798725128	0.19233904778957367	1.622538547962904e-09	0.026356376707553864	0.16347560286521912	0.04025731980800629	1.622538547962904e-09	1.622538547962904e-09	0.19233901798725128	1.622538547962904e-09	0.015332028269767761	0.0117647061124444	0.24910278618335724	0.01778506115078926	-1.3278622645884752e-08	0.24910277128219604	1.622538547962904e-09	9.999999974752427e-07	1.622538547962904e-09	0.1170303225517273	0.015458554029464722	0.0752154290676117	-1.3278622645884752e-08	0.00909090880304575	-1.3278622645884752e-08	0.009573204442858696	0.02117867022752762	0.0752154216170311	0.018691588193178177	0.015458546578884125	5.000001692678779e-07	0.005539216101169586	1.622538547962904e-09	0.01778506115078926	9.999999974752427e-07	0.02822047472000122	1.5000005078036338e-06	1.622538547962904e-09	9.999999974752427e-07	9.999999974752427e-07	-1.3278622645884752e-08	9.999999974752427e-07	0.16347560286521912	1.622538547962904e-09	0.14051920175552368	0.16347560286521912	0.24910280108451843	0.19233901798725128	0.011078406125307083	0.010101010091602802	0.009573204442858696	0.009177442640066147	0.14051921665668488	0.008695651777088642	1.622538547962904e-09	0.2222222089767456	0.11703035235404968	0.04181492328643799	0.011904762126505375	0.009177440777420998	0.010869565419852734	0.14051920175552368	-1.3278622645884752e-08	0.005539216101169586	0.026356376707553864	1.622538547962904e-09	5.000001692678779e-07	0.009999999776482582	0.01907867006957531	1.622538547962904e-09	0.010324249044060707	9.999999974752427e-07	9.999999974752427e-07	1.622538547962904e-09	9.999999974752427e-07	9.999999974752427e-07	1.622538547962904e-09	9.999999974752427e-07	0.012001216411590576	0.43699365854263306	0.05826278030872345	9.999999974752427e-07	0.2679571509361267	9.999999974752427e-07	0.04900255799293518	1.622538547962904e-09	0.3783048987388611	0.009493403136730194	0.06596280634403229	0.3783048689365387	1.622538547962904e-09	9.999999974752427e-07	0.01123595517128706	0.2679571211338043	-2.4010660126805305e-10	1.622538547962904e-09	-1.3278622645884752e-08	1.622538547962904e-09	1.622538547962904e-09	6.666664376098197e-07	0.25453197956085205	0.2679571211338043	0.010989011265337467	1.3333333299669903e-06	0.2075660675764084	0.0490025170147419	1.622538547962904e-09	0.005720056593418121	0.2679571211338043	1.622538547962904e-09	0.015754275023937225	0.010256916284561157	0.3783048093318939	0.016017936170101166	-2.4010660126805305e-10	0.37830477952957153	0.019911106675863266	9.999999974752427e-07	1.622538547962904e-09	0.1568257212638855	0.013005435466766357	0.11561180651187897	0.01815195381641388	6.666664376098197e-07	0.01815195381641388	0.010526316240429878	0.04900252819061279	0.06741572916507721	0.03269492834806442	0.018725495785474777	0.00909090880304575	-2.4010660126805305e-10	1.622538547962904e-09	0.00917431153357029	0.009686248376965523	0.009686246514320374	0.025567827746272087	9.999999974752427e-07	0.043478261679410934	0.015754276886582375	-2.4010660126805305e-10	0.009493403136730194	0.20756609737873077	9.999999974752427e-07	0.15682576596736908	0.20756608247756958	0.3783048093318939	0.2679571211338043	0.030948013067245483	0.025567827746272087	9.999999974752427e-07	9.999999974752427e-07	0.17497771978378296	0.009708737954497337	0.00909090880304575	0.3183199465274811	0.1568257361650467	0.04121395945549011	0.049727946519851685	0.010204081423580647	0.007700018584728241	0.19181178510189056	9.999999974752427e-07	0.011036910116672516	0.022488445043563843	0.016806723549962044	9.999999974752427e-07	0.009615384973585606	1.622538547962904e-09	1.622538547962904e-09	-2.4010660126805305e-10	1.622538547962904e-09	9.999999974752427e-07	1.622538547962904e-09	0.009803921915590763	1.622538547962904e-09	1.622538547962904e-09	-2.4010660126805305e-10	9.999999974752427e-07	0.3545213043689728	0.02059110254049301	0.010625112801790237	0.21123084425926208	0.02664199471473694	0.0061219222843647	9.999999974752427e-07	0.3018166422843933	0.006626579910516739	0.02059112675487995	0.3018166720867157	0.01864650845527649	-1.3278622645884752e-08	1.622538547962904e-09	0.1669045239686966	0.015181045979261398	9.999999974752427e-07	1.622538547962904e-09	1.622538547962904e-09	0.010238776914775372	1.622538547962904e-09	0.14026254415512085	0.2112308144569397	-1.3278622645884752e-08	1.622538547962904e-09	0.14026251435279846	0.024768419563770294	1.622538547962904e-09	1.622538547962904e-09	0.2112308144569397	-1.3278622645884752e-08	0.011363636702299118	6.912159733474255e-10	0.23242251574993134	-1.3278622645884752e-08	0.006100691854953766	0.29567739367485046	-1.3278622645884752e-08	-1.3278622645884752e-08	1.622538547962904e-09	0.09294700622558594	1.622538547962904e-09	0.06100180745124817	0.01366463303565979	1.622538547962904e-09	0.007563948631286621	0.011995955370366573	0.0061219483613967896	0.030612245202064514	0.00662657618522644	9.073119144886732e-09	-2.4010660126805305e-10	-1.3278622645884752e-08	-1.3278622645884752e-08	-1.3278622645884752e-08	9.999999974752427e-07	0.027936100959777832	0.010625114664435387	0.027522936463356018	0.007871739566326141	9.999999974752427e-07	1.622538547962904e-09	0.006626579910516739	0.14026251435279846	0.010101010091602802	0.09294699132442474	0.14026251435279846	0.29567742347717285	0.21123076975345612	-1.3278622645884752e-08	0.013964534737169743	0.011995954439043999	0.0061219483613967896	0.10661163181066513	1.622538547962904e-09	0.02664199471473694	0.2191026210784912	0.061001840978860855	1.622538547962904e-09	0.013319892808794975	0.0061219483613967896	1.622538547962904e-09	0.10661161690950394	9.999999974752427e-07	-1.3278622645884752e-08	1.622538547962904e-09	1.622538547962904e-09	-2.4010660126805305e-10	1.622538547962904e-09	9.999999974752427e-07	1.622538547962904e-09	0.015181045979261398	1.622538547962904e-09	6.912159733474255e-10	0.010238775983452797	0.007871739566326141	0.006139293313026428	1.622538547962904e-09	9.999999974752427e-07	1.622538547962904e-09	0.3608143925666809	0.07295437157154083	0.008505983278155327	0.2816368341445923	0.009365741163492203	0.026101574301719666	-1.3278622645884752e-08	0.30975285172462463	8.000001798791345e-07	0.07295437157154083	0.30975285172462463	-1.3278622645884752e-08	2.255546860396862e-10	-5.828042048960924e-09	0.22092558443546295	0.024959832429885864	-1.3278622645884752e-08	1.622538547962904e-09	1.622538547962904e-09	-1.3278622645884752e-08	9.999999974752427e-07	0.21155987679958344	0.22092562913894653	2.255546860396862e-10	0.00917431153357029	0.1840570569038391	0.026101592928171158	1.622538547962904e-09	-5.828042048960924e-09	0.22092562913894653	1.622538547962904e-09	-1.3278622645884752e-08	0.008564595133066177	0.2986621558666229	1.622538547962904e-09	9.999999974752427e-07	0.2986621558666229	2.255546860396862e-10	2.255546860396862e-10	1.622538547962904e-09	0.1273503601551056	-5.828042048960924e-09	0.08163265138864517	0.015164881944656372	0.008196720853447914	9.999999974752427e-07	-2.4010660126805305e-10	0.026101581752300262	0.07547169923782349	1.3999997463542968e-06	0.015599853359162807	0.01042632944881916	0.009330729022622108	0.018172092735767365	1.622538547962904e-09	1.622538547962904e-09	0.02495981752872467	0.028257330879569054	9.999999974752427e-07	0.008460648357868195	-1.3278622645884752e-08	9.999999974752427e-07	8.000001798791345e-07	0.14251525700092316	0.009365737438201904	0.12735037505626678	0.14251528680324554	0.29866212606430054	0.2816368341445923	0.009330730885267258	0.05747126415371895	-2.4010660126805305e-10	9.999999974752427e-07	0.14251521229743958	6.000000212225132e-07	0.009365737438201904	0.29009753465652466	0.1273503601551056	0.04308461770415306	-2.4010660126805305e-10	0.009282208979129791	1.622538547962904e-09	0.14251525700092316	9.999999974752427e-07	2.255546860396862e-10	0.027484744787216187	0.017241379246115685	0.009325018152594566	-5.828042048960924e-09	-1.3278622645884752e-08	0.015599831938743591	0.02495983988046646	-2.4010660126805305e-10	9.999999974752427e-07	-1.3278622645884752e-08	0.008460648357868195	0.0110907182097435	1.622538547962904e-09	-1.3278622645884752e-08	0.01681937277317047
32	-15547.466796875	-1	9	57	76	75	26	89	10	62	48	0	26	84	41	29	91	66	5	0	11	24	14	68	37	85	21	0	0	50	22	3	66	33	67	21	43	7	69	12	0	65	50	77	73	24	43	79	5	42	1	78	57	69	21	34	56	0	70	42	76	31	43	49	25	4	73	63	36	3	21	1	46	80	82	49	14	33	40	77	33	47	9	66	48	69	78	85	57	13	11	50	56	7	32	19	59	7	0	32	47	0.5437126159667969	0.08644906431436539	0.010285336524248123	0.4145510792732239	0.012830331921577454	0.010498285293579102	0.010526316240429878	0.42513248324394226	9.999999974752427e-07	0.08644905686378479	0.44155392050743103	0.0655471682548523	9.999999974752427e-07	9.999999974752427e-07	0.40957462787628174	9.999999974752427e-07	0.005317971110343933	1.622538547962904e-09	1.622538547962904e-09	9.999999974752427e-07	0.02298850566148758	0.39674437046051025	0.4095746576786041	9.999999974752427e-07	0.03314200043678284	0.2897196114063263	0.0760454460978508	1.622538547962904e-09	9.999999974752427e-07	0.4095746576786041	0.004976436495780945	1.622538547962904e-09	1.622538547962904e-09	0.4145510196685791	0.03333333507180214	-1.3278622645884752e-08	0.4251323640346527	9.999999974752427e-07	9.999999974752427e-07	1.622538547962904e-09	0.22580645978450775	0.012048192322254181	0.1361638456583023	-1.3278622645884752e-08	9.999999974752427e-07	-1.3278622645884752e-08	1.622538547962904e-09	0.010498294606804848	0.1361638605594635	0.030567780137062073	0.02411612868309021	1.622538547962904e-09	0.008196720853447914	0.010869565419852734	9.999999974752427e-07	0.010526316240429878	0.026113338768482208	0.019338728860020638	-2.4010660126805305e-10	-1.3278622645884752e-08	1.622538547962904e-09	-1.3278622645884752e-08	0.030567795038223267	0.2705919146537781	9.999999974752427e-07	0.26527389883995056	0.2705919146537781	0.4251323640346527	0.40957462787628174	0.030927833169698715	0.05588129162788391	1.622538547962904e-09	0.010498292744159698	0.2652738690376282	-1.3278622645884752e-08	0.012830331921577454	0.4145510792732239	0.22250455617904663	0.08634074777364731	1.622538547962904e-09	0.010498294606804848	1.622538547962904e-09	0.26527389883995056	0.036036036908626556	0.009900989942252636	0.062224678695201874	0.029082641005516052	0.009053405374288559	9.999999974752427e-07	0.012195121496915817	9.999999974752427e-07	0.008547008968889713	-1.3278622645884752e-08	1.622538547962904e-09	9.999999974752427e-07	-1.3278622645884752e-08	-1.3278622645884752e-08	1.622538547962904e-09	1.622538547962904e-09	1.622538547962904e-09	0.4231007397174835	0.04496558755636215	0.010405869223177433	0.2722354531288147	0.010044899769127369	0.021052632480859756	9.999999974752427e-07	0.31625208258628845	0.018691588193178177	0.05226296931505203	0.31625211238861084	0.01785714365541935	0.010989011265337467	1.622538547962904e-09	0.2722354531288147	9.999999974752427e-07	1.622538547962904e-09	0.019417475908994675	1.622538547962904e-09	9.999999974752427e-07	6.666664376098197e-07	0.2291666716337204	0.2722354531288147	9.999999974752427e-07	1.3333333299669903e-06	0.1819043606519699	0.09699182957410812	1.622538547962904e-09	0.0078512541949749	0.2722354531288147	1.622538547962904e-09	1.622538547962904e-09	0.010638297535479069	0.31625205278396606	9.999999974752427e-07	-7.275957614183426e-12	0.31625205278396606	0.010526316240429878	0.009009009227156639	1.622538547962904e-09	0.10256187617778778	1.622538547962904e-09	0.0606570690870285	0.008510754443705082	6.666664376098197e-07	-7.275957614183426e-12	9.999999974752427e-07	1.3999997463542968e-06	0.05226297304034233	0.034559715539216995	0.022432174533605576	2.255546860396862e-10	9.999999974752427e-07	9.999999974752427e-07	9.999999974752427e-07	0.008264463394880295	0.009856700897216797	0.010405868291854858	0.008394084870815277	1.622538547962904e-09	1.622538547962904e-09	0.008510754443705082	0.034559715539216995	0.18190431594848633	0.010044899769127369	0.11764705926179886	0.18190434575080872	0.31625205278396606	0.2722354531288147	0.042105261236429214	0.010405870154500008	9.999999974752427e-07	8.000001798791345e-07	0.18190434575080872	1.622538547962904e-09	0.010044898837804794	0.2722354531288147	0.10256189107894897	0.04190482199192047	9.999999974752427e-07	8.000001798791345e-07	0.00729738175868988	0.18190434575080872	1.622538547962904e-09	0.016949152573943138	0.01947261206805706	9.999999974752427e-07	2.255546860396862e-10	1.622538547962904e-09	0.011627906933426857	0.014580924063920975	9.999999974752427e-07	1.622538547962904e-09	9.999999974752427e-07	9.999999974752427e-07	1.622538547962904e-09	1.622538547962904e-09	1.622538547962904e-09	9.999999974752427e-07	6.000000212225132e-07	0.44946640729904175	0.08000115305185318	9.999999974752427e-07	0.3330483138561249	-1.3278622645884752e-08	0.03483249247074127	9.999999974752427e-07	0.3862634301185608	0.009220771491527557	0.08756303787231445	0.3862634003162384	0.01332206092774868	-1.3278622645884752e-08	9.999999974752427e-07	0.2947915494441986	9.999999974752427e-07	0.029411764815449715	9.999999974752427e-07	-1.3278622645884752e-08	0.008118398487567902	0.010526316240429878	0.2947915494441986	0.2947915196418762	-1.3278622645884752e-08	0.01075268816202879	0.2947915196418762	0.048154547810554504	-1.3278622645884752e-08	0.02777777798473835	0.2947915494441986	0.019186578691005707	9.999999974752427e-07	0.008000478148460388	0.38626331090927124	-1.3278622645884752e-08	1.622538547962904e-09	0.38626334071159363	-1.3278622645884752e-08	-1.3278622645884752e-08	-1.3278622645884752e-08	0.1528805047273636	9.999999974752427e-07	0.08756301552057266	0.009048528037965298	9.999999974752427e-07	1.622538547962904e-09	0.009130999445915222	0.02860131859779358	0.08756303787231445	0.009220770560204983	0.04123711213469505	9.999999974752427e-07	-1.3278622645884752e-08	-1.3278622645884752e-08	-1.3278622645884752e-08	0.008003734052181244	0.015048310160636902	0.029999999329447746	1.622538547962904e-09	0.00909090880304575	9.999999974752427e-07	0.009048528969287872	0.009220771491527557	0.2947915196418762	-1.3278622645884752e-08	0.15288051962852478	0.2499999850988388	0.38626334071159363	0.31386175751686096	-1.3278622645884752e-08	0.032608695328235626	0.009131006896495819	9.999999974752427e-07	0.16192904114723206	-2.4010660126805305e-10	-1.3278622645884752e-08	0.369131863117218	0.1528804898262024	0.06531748175621033	0.009130977094173431	0.028601333498954773	0.00756189227104187	0.16814157366752625	1.622538547962904e-09	-1.3278622645884752e-08	0.021052632480859756	0.009900989942252636	0.027272727340459824	9.999999974752427e-07	0.005203664302825928	0.008620689623057842	0.007044576108455658	-1.3278622645884752e-08	0.008000478148460388	0.008118398487567902	9.999999974752427e-07	-1.3278622645884752e-08	-1.3278622645884752e-08	1.622538547962904e-09	1.622538547962904e-09	0.4417252242565155	0.024390242993831635	9.999999974752427e-07	0.30527329444885254	0.010416666977107525	0.014637134969234467	9.999999974752427e-07	0.3760969042778015	9.999999974752427e-07	0.04878048598766327	0.3760969042778015	0.05099133402109146	9.999999974752427e-07	0.008882244117558002	0.30527329444885254	1.622538547962904e-09	1.622538547962904e-09	1.622538547962904e-09	1.622538547962904e-09	0.030414395034313202	0.012048192322254181	0.29318323731422424	0.30527329444885254	9.999999974752427e-07	0.017391303554177284	0.2670987844467163	0.06562843918800354	1.622538547962904e-09	0.010416666977107525	0.30527329444885254	1.622538547962904e-09	1.622538547962904e-09	1.622538547962904e-09	0.3052733540534973	1.622538547962904e-09	0.010526316240429878	0.3760969042778015	9.999999974752427e-07	9.999999974752427e-07	1.622538547962904e-09	0.14387741684913635	0.025641024112701416	0.07431011646986008	0.032608695328235626	9.999999974752427e-07	0.009615384973585606	1.622538547962904e-09	0.014637134969234467	0.07431010156869888	0.010309278033673763	0.04452749714255333	0.009433962404727936	9.999999974752427e-07	1.622538547962904e-09	1.622538547962904e-09	1.622538547962904e-09	1.622538547962904e-09	0.009569531306624413	1.622538547962904e-09	1.622538547962904e-09	1.622538547962904e-09	0.01123595517128706	9.999999974752427e-07	0.20471768081188202	9.999999974752427e-07	0.14387744665145874	0.2047176957130432	0.3052733540534973	0.30527326464653015	0.026084452867507935	0.009569531306624413	1.622538547962904e-09	0.010101010091602802	0.204717755317688	0.010204081423580647	0.010989011265337467	0.30527326464653015	0.14387741684913635	0.06956726312637329	1.622538547962904e-09	0.01463712751865387	9.999999974752427e-07	0.20471777021884918	0.009803921915590763	9.999999974752427e-07	0.02503982186317444	9.999999974752427e-07	9.999999974752427e-07	0.008882243186235428	0.020576931536197662	9.999999974752427e-07	1.622538547962904e-09	1.622538547962904e-09	1.622538547962904e-09	9.999999974752427e-07	1.622538547962904e-09	1.622538547962904e-09	1.622538547962904e-09	1.622538547962904e-09	1.622538547962904e-09	0.35371437668800354	0.026411600410938263	4.2857209336943924e-07	0.20192478597164154	1.622538547962904e-09	0.027027027681469917	-7.275957614183426e-12	0.2815217971801758	1.622538547962904e-09	0.026411622762680054	0.2815217673778534	0.010256588459014893	9.999999974752427e-07	1.622538547962904e-09	0.20192481577396393	9.999999974752427e-07	1.622538547962904e-09	9.999999974752427e-07	1.622538547962904e-09	0.010256589390337467	1.622538547962904e-09	0.20192481577396393	0.2019248604774475	1.622538547962904e-09	1.622538547962904e-09	0.16246560215950012	0.05873368680477142	1.622538547962904e-09	0.027633339166641235	0.20192481577396393	-1.3278622645884752e-08	1.622538547962904e-09	-1.3278622645884752e-08	0.2019246220588684	0.00820668414235115	9.999999974752427e-07	0.27400273084640503	1.622538547962904e-09	9.999999974752427e-07	1.622538547962904e-09	0.05703481286764145	1.622538547962904e-09	0.02641153335571289	0.03179077059030533	1.622538547962904e-09	9.999999974752427e-07	-1.3278622645884752e-08	0.009401541203260422	0.026411622762680054	0.009916093200445175	0.027633339166641235	4.2857209336943924e-07	1.622538547962904e-09	0.01344558596611023	0.00820668414235115	9.999999974752427e-07	0.013458997011184692	1.2857158253609668e-06	-1.3278622645884752e-08	-1.3278622645884752e-08	1.622538547962904e-09	9.999999974752427e-07	1.622538547962904e-09	0.16246560215950012	1.622538547962904e-09	0.05703481659293175	0.10570608824491501	0.2626262307167053	0.20192477107048035	0.01780683360993862	1.2857121873821598e-06	-1.3278622645884752e-08	9.999999974752427e-07	0.08882559835910797	0.009916089475154877	1.622538547962904e-09	0.20192471146583557	0.05404491350054741	0.027633339166641235	-1.3278622645884752e-08	0.009401543065905571	1.622538547962904e-09	0.1057060956954956	-1.3278622645884752e-08	0.017806850373744965	1.622538547962904e-09	1.622538547962904e-09	4.2857209336943924e-07	1.622538547962904e-09	-7.275957614183426e-12	1.622538547962904e-09	9.999999974752427e-07	1.622538547962904e-09	-1.3278622645884752e-08	9.999999974752427e-07	-1.3278622645884752e-08	0.007519073784351349	1.622538547962904e-09	-1.3278622645884752e-08	2.255546860396862e-10	0.5330701470375061	0.005072489380836487	5.000001692678779e-07	0.3791336119174957	0.015137098729610443	0.04571789503097534	9.999999974752427e-07	0.47317150235176086	1.622538547962904e-09	0.08930285274982452	0.47317150235176086	0.014180606231093407	0.010177051648497581	9.999999974752427e-07	0.283880352973938	-1.3278622645884752e-08	1.622538547962904e-09	0.009429067373275757	-1.3278622645884752e-08	0.007485583424568176	9.999999974752427e-07	0.2687433063983917	0.3461630940437317	0.011049933731555939	0.012431889772415161	0.21618443727493286	0.059898555278778076	-1.3278622645884752e-08	1.622538547962904e-09	0.2838802933692932	0.030927835032343864	0.04472166299819946	-1.3278622645884752e-08	0.39345017075538635	1.622538547962904e-09	-1.3278622645884752e-08	0.39345020055770874	0.011049933731555939	0.010177051648497581	-1.3278622645884752e-08	0.16346153616905212	0.04000958055257797	0.08930287510156631	-1.3278622645884752e-08	0.010416666977107525	-1.3278622645884752e-08	0.014316484332084656	0.036288827657699585	0.08930285274982452	1.622538547962904e-09	0.0478060245513916	5.000001692678779e-07	0.028037382289767265	1.622538547962904e-09	1.622538547962904e-09	-1.3278622645884752e-08	-1.3278622645884752e-08	1.5000005078036338e-06	1.622538547962904e-09	-1.3278622645884752e-08	9.999999974752427e-07	-1.3278622645884752e-08	1.622538547962904e-09	0.21618443727493286	0.015137098729610443	0.171462744474411	0.21618443727493286	0.39345014095306396	0.3461630940437317	0.05255882441997528	0.005072489380836487	9.999999974752427e-07	0.02286946028470993	0.1714627593755722	1.622538547962904e-09	0.01513710618019104	0.37913358211517334	0.1495407670736313	0.06023794412612915	0.014316461980342865	0.02286946028470993	0.008695651777088642	0.1714627593755722	1.622538547962904e-09	0.010177051648497581	0.012431896291673183	1.622538547962904e-09	5.000001692678779e-07	9.999999974752427e-07	0.0066950395703315735	0.007796458899974823	-1.3278622645884752e-08	0.030927835032343864	-1.3278622645884752e-08	0.007485583424568176	-1.3278622645884752e-08	0.02777777798473835	-1.3278622645884752e-08	-1.3278622645884752e-08	0.008695651777088642	0.3669218420982361	0.04854368790984154	5.000001692678779e-07	0.19233903288841248	1.622538547962904e-09	0.021178677678108215	0.01907866820693016	0.26595741510391235	9.999999974752427e-07	0.0752153992652893	0.2984440326690674	0.01907867193222046	9.999999974752427e-07	0.010416666977107525	0.19233903288841248	0.010324249044060707	0.007624365389347076	1.622538547962904e-09	1.622538547962904e-09	1.622538547962904e-09	9.999999974752427e-07	0.19233901798725128	0.19233904778957367	1.622538547962904e-09	0.026356376707553864	0.16347560286521912	0.04025731980800629	1.622538547962904e-09	1.622538547962904e-09	0.19233901798725128	1.622538547962904e-09	0.015332028269767761	0.0117647061124444	0.24910278618335724	0.01778506115078926	-1.3278622645884752e-08	0.24910277128219604	1.622538547962904e-09	9.999999974752427e-07	1.622538547962904e-09	0.1170303225517273	0.015458554029464722	0.0752154290676117	-1.3278622645884752e-08	0.00909090880304575	-1.3278622645884752e-08	0.009573204442858696	0.02117867022752762	0.0752154216170311	0.018691588193178177	0.015458546578884125	5.000001692678779e-07	0.005539216101169586	1.622538547962904e-09	0.01778506115078926	9.999999974752427e-07	0.02822047472000122	1.5000005078036338e-06	1.622538547962904e-09	9.999999974752427e-07	9.999999974752427e-07	-1.3278622645884752e-08	9.999999974752427e-07	0.16347560286521912	1.622538547962904e-09	0.14051920175552368	0.16347560286521912	0.24910280108451843	0.19233901798725128	0.011078406125307083	0.010101010091602802	0.009573204442858696	0.009177442640066147	0.14051921665668488	0.008695651777088642	1.622538547962904e-09	0.2222222089767456	0.11703035235404968	0.04181492328643799	0.011904762126505375	0.009177440777420998	0.010869565419852734	0.14051920175552368	-1.3278622645884752e-08	0.005539216101169586	0.026356376707553864	1.622538547962904e-09	5.000001692678779e-07	0.009999999776482582	0.01907867006957531	1.622538547962904e-09	0.010324249044060707	9.999999974752427e-07	9.999999974752427e-07	1.622538547962904e-09	9.999999974752427e-07	9.999999974752427e-07	1.622538547962904e-09	9.999999974752427e-07	0.012001216411590576	0.43699371814727783	0.05826278030872345	9.999999974752427e-07	0.2679571807384491	9.999999974752427e-07	0.04900254309177399	1.622538547962904e-09	0.3783048689365387	0.009493403136730194	0.06596280634403229	0.3783048391342163	1.622538547962904e-09	9.999999974752427e-07	0.01123595517128706	0.2679571509361267	-2.4010660126805305e-10	1.622538547962904e-09	-1.3278622645884752e-08	1.622538547962904e-09	1.622538547962904e-09	6.666664376098197e-07	0.2545320391654968	0.2679571509361267	0.010989011265337467	1.3333333299669903e-06	0.20756608247756958	0.04900255426764488	1.622538547962904e-09	0.005720056593418121	0.2679571509361267	1.622538547962904e-09	0.01575428992509842	0.010256931185722351	0.3783048391342163	0.01601792871952057	-2.4010660126805305e-10	0.3783048689365387	0.019911106675863266	9.999999974752427e-07	1.622538547962904e-09	0.1568257212638855	0.013005435466766357	0.11561180651187897	0.01815195381641388	6.666664376098197e-07	0.01815195381641388	0.010526316240429878	0.04900252819061279	0.06741572916507721	0.03269492834806442	0.018725495785474777	0.00909090880304575	-2.4010660126805305e-10	1.622538547962904e-09	0.00917431153357029	0.009686267003417015	0.009686268866062164	0.025567827746272087	9.999999974752427e-07	0.043478261679410934	0.01575428992509842	-2.4010660126805305e-10	0.009493403136730194	0.20756609737873077	9.999999974752427e-07	0.15682576596736908	0.20756609737873077	0.3783048689365387	0.2679571211338043	0.030948013067245483	0.025567827746272087	9.999999974752427e-07	9.999999974752427e-07	0.17497771978378296	0.009708737954497337	0.00909090880304575	0.31832000613212585	0.1568257361650467	0.04121395945549011	0.04972795397043228	0.010204081423580647	0.007700018584728241	0.19181180000305176	9.999999974752427e-07	0.011036910116672516	0.022488445043563843	0.016806723549962044	9.999999974752427e-07	0.009615384973585606	1.622538547962904e-09	1.622538547962904e-09	-2.4010660126805305e-10	1.622538547962904e-09	9.999999974752427e-07	1.622538547962904e-09	0.009803921915590763	1.622538547962904e-09	1.622538547962904e-09	9.999999974752427e-07	9.999999974752427e-07	0.3545212149620056	0.02059110254049301	0.010625112801790237	0.21123076975345612	0.02664199471473694	0.006121918559074402	9.999999974752427e-07	0.3018167018890381	0.006626579910516739	0.02059112675487995	0.3018167018890381	0.01864653080701828	-1.3278622645884752e-08	1.622538547962904e-09	0.1669045239686966	0.015181045979261398	9.999999974752427e-07	1.622538547962904e-09	1.622538547962904e-09	0.010238776914775372	1.622538547962904e-09	0.14026254415512085	0.21123087406158447	-1.3278622645884752e-08	1.622538547962904e-09	0.14026251435279846	0.024768441915512085	1.622538547962904e-09	1.622538547962904e-09	0.21123087406158447	-1.3278622645884752e-08	0.011363636702299118	6.912159733474255e-10	0.23242244124412537	-1.3278622645884752e-08	0.006100691854953766	0.29567742347717285	-1.3278622645884752e-08	-1.3278622645884752e-08	1.622538547962904e-09	0.09294700622558594	1.622538547962904e-09	0.06100180745124817	0.01366463303565979	1.622538547962904e-09	0.007563948631286621	0.011995955370366573	0.006121963262557983	0.030612245202064514	0.00662657618522644	9.073119144886732e-09	-2.4010660126805305e-10	-1.3278622645884752e-08	-1.3278622645884752e-08	-1.3278622645884752e-08	9.999999974752427e-07	0.027936145663261414	0.010625114664435387	0.027522936463356018	0.007871776819229126	9.999999974752427e-07	1.622538547962904e-09	0.006626579910516739	0.14026251435279846	0.010101010091602802	0.09294699132442474	0.14026251435279846	0.29567742347717285	0.21123085916042328	-1.3278622645884752e-08	0.013964534737169743	0.011995954439043999	0.0061219558119773865	0.10661163181066513	1.622538547962904e-09	0.02664199471473694	0.21910254657268524	0.061001840978860855	1.622538547962904e-09	0.013319924473762512	0.0061219558119773865	1.622538547962904e-09	0.10661161690950394	9.999999974752427e-07	-1.3278622645884752e-08	1.622538547962904e-09	1.622538547962904e-09	-2.4010660126805305e-10	1.622538547962904e-09	9.999999974752427e-07	1.622538547962904e-09	0.015181045979261398	1.622538547962904e-09	6.912159733474255e-10	0.010238775983452797	0.007871776819229126	0.006139293313026428	1.622538547962904e-09	6.912159733474255e-10	1.622538547962904e-09	0.36081427335739136	0.07295437157154083	0.008505983278155327	0.2816368341445923	0.009365733712911606	0.026101619005203247	-1.3278622645884752e-08	0.3097529113292694	8.000001798791345e-07	0.07295437157154083	0.3097529113292694	-1.3278622645884752e-08	2.255546860396862e-10	-5.828042048960924e-09	0.22092559933662415	0.024959877133369446	-1.3278622645884752e-08	1.622538547962904e-09	1.622538547962904e-09	-1.3278622645884752e-08	9.999999974752427e-07	0.21155986189842224	0.22092559933662415	2.255546860396862e-10	0.00917431153357029	0.1840570569038391	0.026101604104042053	1.622538547962904e-09	-5.828042048960924e-09	0.22092559933662415	1.622538547962904e-09	-1.3278622645884752e-08	0.008564604446291924	0.2986621558666229	1.622538547962904e-09	9.999999974752427e-07	0.2986621558666229	2.255546860396862e-10	2.255546860396862e-10	1.622538547962904e-09	0.1273503601551056	-5.828042048960924e-09	0.08163265138864517	0.01516491174697876	0.008196720853447914	9.999999974752427e-07	-2.4010660126805305e-10	0.026101619005203247	0.07547169923782349	1.3999997463542968e-06	0.015599853359162807	0.01042632944881916	0.009330726228654385	0.018172089010477066	1.622538547962904e-09	1.622538547962904e-09	0.024959877133369446	0.028257330879569054	9.999999974752427e-07	0.008460652083158493	-1.3278622645884752e-08	9.999999974752427e-07	8.000001798791345e-07	0.14251525700092316	0.009365729987621307	0.1273503601551056	0.14251527190208435	0.2986621558666229	0.2816368341445923	0.00933072715997696	0.05747126415371895	-2.4010660126805305e-10	9.999999974752427e-07	0.14251521229743958	6.000000212225132e-07	0.009365737438201904	0.29009753465652466	0.1273503601551056	0.04308461770415306	-2.4010660126805305e-10	0.009282229468226433	1.622538547962904e-09	0.14251525700092316	9.999999974752427e-07	2.255546860396862e-10	0.027484744787216187	0.017241379246115685	0.009325018152594566	-5.828042048960924e-09	-1.3278622645884752e-08	0.015599831938743591	0.02495986968278885	-2.4010660126805305e-10	9.999999974752427e-07	-1.3278622645884752e-08	0.008460652083158493	0.011090751737356186	1.622538547962904e-09	9.999999974752427e-07	0.016819393262267113
33	-15547.466796875	-1	9	57	76	75	26	89	10	62	48	0	26	84	41	29	91	66	5	0	11	24	14	68	37	85	21	0	0	50	22	3	66	33	67	21	43	7	69	12	0	65	50	77	73	24	43	79	5	42	1	78	57	69	21	34	56	0	70	42	76	31	43	49	25	4	73	63	36	3	21	1	46	80	82	49	14	33	40	77	33	47	9	66	48	69	78	85	57	13	11	50	56	7	32	19	59	7	0	33	47	0.5437126755714417	0.08644906431436539	0.010285336524248123	0.4145510494709015	0.012830309569835663	0.010498285293579102	0.010526316240429878	0.42513251304626465	9.999999974752427e-07	0.08644905686378479	0.44155392050743103	0.0655471682548523	9.999999974752427e-07	9.999999974752427e-07	0.40957462787628174	9.999999974752427e-07	0.005317971110343933	1.622538547962904e-09	1.622538547962904e-09	9.999999974752427e-07	0.02298850566148758	0.3967443108558655	0.4095746576786041	9.999999974752427e-07	0.03314200043678284	0.2897196114063263	0.076045460999012	1.622538547962904e-09	9.999999974752427e-07	0.40957462787628174	0.004976451396942139	1.622538547962904e-09	1.622538547962904e-09	0.4145510792732239	0.03333333507180214	-1.3278622645884752e-08	0.4251324534416199	9.999999974752427e-07	9.999999974752427e-07	1.622538547962904e-09	0.22580645978450775	0.012048192322254181	0.1361638456583023	-1.3278622645884752e-08	9.999999974752427e-07	-1.3278622645884752e-08	1.622538547962904e-09	0.010498294606804848	0.1361638605594635	0.030567780137062073	0.02411612868309021	1.622538547962904e-09	0.008196720853447914	0.010869565419852734	9.999999974752427e-07	0.010526316240429878	0.026113353669643402	0.019338728860020638	-2.4010660126805305e-10	-1.3278622645884752e-08	1.622538547962904e-09	-1.3278622645884752e-08	0.030567795038223267	0.2705919146537781	9.999999974752427e-07	0.26527389883995056	0.2705919146537781	0.4251324534416199	0.40957462787628174	0.030927833169698715	0.05588129162788391	1.622538547962904e-09	0.010498292744159698	0.2652738690376282	-1.3278622645884752e-08	0.012830309569835663	0.4145510792732239	0.22250455617904663	0.08634074777364731	1.622538547962904e-09	0.010498294606804848	1.622538547962904e-09	0.26527389883995056	0.036036036908626556	0.009900989942252636	0.062224678695201874	0.029082641005516052	0.009053405374288559	9.999999974752427e-07	0.012195121496915817	9.999999974752427e-07	0.008547008968889713	-1.3278622645884752e-08	1.622538547962904e-09	9.999999974752427e-07	-1.3278622645884752e-08	-1.3278622645884752e-08	1.622538547962904e-09	1.622538547962904e-09	1.622538547962904e-09	0.42310070991516113	0.04496558755636215	0.010405869223177433	0.2722354531288147	0.010044899769127369	0.021052632480859756	9.999999974752427e-07	0.31625208258628845	0.018691588193178177	0.05226296931505203	0.31625208258628845	0.01785714365541935	0.010989011265337467	1.622538547962904e-09	0.2722354531288147	9.999999974752427e-07	1.622538547962904e-09	0.019417475908994675	1.622538547962904e-09	9.999999974752427e-07	6.666664376098197e-07	0.2291666716337204	0.2722354531288147	9.999999974752427e-07	1.3333333299669903e-06	0.1819043606519699	0.09699184447526932	1.622538547962904e-09	0.0078512541949749	0.2722354531288147	1.622538547962904e-09	1.622538547962904e-09	0.010638297535479069	0.31625208258628845	9.999999974752427e-07	-7.275957614183426e-12	0.31625208258628845	0.010526316240429878	0.009009009227156639	1.622538547962904e-09	0.10256187617778778	1.622538547962904e-09	0.0606570690870285	0.008510754443705082	6.666664376098197e-07	-7.275957614183426e-12	9.999999974752427e-07	1.3999997463542968e-06	0.05226297304034233	0.034559715539216995	0.022432174533605576	2.255546860396862e-10	9.999999974752427e-07	9.999999974752427e-07	9.999999974752427e-07	0.008264463394880295	0.009856708347797394	0.010405868291854858	0.008394084870815277	1.622538547962904e-09	1.622538547962904e-09	0.008510754443705082	0.034559715539216995	0.18190431594848633	0.010044899769127369	0.11764705926179886	0.18190434575080872	0.31625208258628845	0.2722354531288147	0.042105261236429214	0.010405870154500008	9.999999974752427e-07	8.000001798791345e-07	0.18190434575080872	1.622538547962904e-09	0.010044898837804794	0.2722354531288147	0.10256189107894897	0.04190482199192047	9.999999974752427e-07	8.000001798791345e-07	0.00729738175868988	0.18190434575080872	1.622538547962904e-09	0.016949152573943138	0.01947261206805706	9.999999974752427e-07	2.255546860396862e-10	1.622538547962904e-09	0.011627906933426857	0.014580924063920975	9.999999974752427e-07	1.622538547962904e-09	9.999999974752427e-07	9.999999974752427e-07	1.622538547962904e-09	1.622538547962904e-09	1.622538547962904e-09	9.999999974752427e-07	6.000000212225132e-07	0.44946640729904175	0.08000115305185318	9.999999974752427e-07	0.3330483138561249	-1.3278622645884752e-08	0.03483247756958008	9.999999974752427e-07	0.386263370513916	0.009220771491527557	0.08756303787231445	0.3862634003162384	0.01332206092774868	-1.3278622645884752e-08	9.999999974752427e-07	0.2947915494441986	9.999999974752427e-07	0.029411764815449715	9.999999974752427e-07	-1.3278622645884752e-08	0.008118398487567902	0.010526316240429878	0.2947915494441986	0.2947915196418762	-1.3278622645884752e-08	0.01075268816202879	0.2947915196418762	0.04815453290939331	-1.3278622645884752e-08	0.02777777798473835	0.2947915494441986	0.019186578691005707	9.999999974752427e-07	0.008000485599040985	0.3862632215023041	-1.3278622645884752e-08	1.622538547962904e-09	0.38626334071159363	-1.3278622645884752e-08	-1.3278622645884752e-08	-1.3278622645884752e-08	0.1528805047273636	9.999999974752427e-07	0.08756301552057266	0.009048528037965298	9.999999974752427e-07	1.622538547962904e-09	0.009130999445915222	0.02860131859779358	0.08756303787231445	0.009220770560204983	0.04123711213469505	9.999999974752427e-07	-1.3278622645884752e-08	-1.3278622645884752e-08	-1.3278622645884752e-08	0.00800374150276184	0.015048310160636902	0.029999999329447746	1.622538547962904e-09	0.00909090880304575	9.999999974752427e-07	0.009048528969287872	0.009220771491527557	0.2947915196418762	-1.3278622645884752e-08	0.15288051962852478	0.2499999850988388	0.38626331090927124	0.31386175751686096	-1.3278622645884752e-08	0.032608695328235626	0.009130991995334625	9.999999974752427e-07	0.16192904114723206	-2.4010660126805305e-10	-1.3278622645884752e-08	0.36913177371025085	0.1528804898262024	0.06531748175621033	0.009131006896495819	0.028601333498954773	0.00756189227104187	0.16814157366752625	1.622538547962904e-09	-1.3278622645884752e-08	0.021052632480859756	0.009900989942252636	0.027272727340459824	9.999999974752427e-07	0.005203664302825928	0.008620689623057842	0.007044568657875061	-1.3278622645884752e-08	0.008000485599040985	0.008118398487567902	9.999999974752427e-07	-1.3278622645884752e-08	-1.3278622645884752e-08	1.622538547962904e-09	1.622538547962904e-09	0.4417252242565155	0.024390242993831635	9.999999974752427e-07	0.30527326464653015	0.010416666977107525	0.014637134969234467	9.999999974752427e-07	0.3760969042778015	9.999999974752427e-07	0.04878048598766327	0.3760969042778015	0.05099133402109146	9.999999974752427e-07	0.008882244117558002	0.30527329444885254	1.622538547962904e-09	1.622538547962904e-09	1.622538547962904e-09	1.622538547962904e-09	0.030414395034313202	0.012048192322254181	0.29318323731422424	0.30527329444885254	9.999999974752427e-07	0.017391303554177284	0.2670987844467163	0.06562843918800354	1.622538547962904e-09	0.010416666977107525	0.30527329444885254	1.622538547962904e-09	1.622538547962904e-09	1.622538547962904e-09	0.3052733540534973	1.622538547962904e-09	0.010526316240429878	0.3760969042778015	9.999999974752427e-07	9.999999974752427e-07	1.622538547962904e-09	0.14387741684913635	0.025641024112701416	0.07431011646986008	0.032608695328235626	9.999999974752427e-07	0.009615384973585606	1.622538547962904e-09	0.014637134969234467	0.07431010156869888	0.010309278033673763	0.04452749714255333	0.009433962404727936	9.999999974752427e-07	1.622538547962904e-09	1.622538547962904e-09	1.622538547962904e-09	1.622538547962904e-09	0.009569531306624413	1.622538547962904e-09	1.622538547962904e-09	1.622538547962904e-09	0.01123595517128706	9.999999974752427e-07	0.20471768081188202	9.999999974752427e-07	0.14387744665145874	0.2047176957130432	0.3052733540534973	0.30527326464653015	0.026084452867507935	0.009569531306624413	1.622538547962904e-09	0.010101010091602802	0.204717755317688	0.010204081423580647	0.010989011265337467	0.30527326464653015	0.14387741684913635	0.06956726312637329	1.622538547962904e-09	0.01463712751865387	9.999999974752427e-07	0.20471777021884918	0.009803921915590763	9.999999974752427e-07	0.02503982186317444	9.999999974752427e-07	9.999999974752427e-07	0.008882243186235428	0.020576931536197662	9.999999974752427e-07	1.622538547962904e-09	1.622538547962904e-09	1.622538547962904e-09	9.999999974752427e-07	1.622538547962904e-09	1.622538547962904e-09	1.622538547962904e-09	1.622538547962904e-09	1.622538547962904e-09	0.3537144362926483	0.026411600410938263	4.2857209336943924e-07	0.20192483067512512	1.622538547962904e-09	0.027027027681469917	-7.275957614183426e-12	0.28152185678482056	1.622538547962904e-09	0.026411622762680054	0.28152185678482056	0.010256588459014893	9.999999974752427e-07	1.622538547962904e-09	0.20192478597164154	9.999999974752427e-07	1.622538547962904e-09	9.999999974752427e-07	1.622538547962904e-09	0.010256589390337467	1.622538547962904e-09	0.20192477107048035	0.20192481577396393	1.622538547962904e-09	1.622538547962904e-09	0.1624656319618225	0.05873368680477142	1.622538547962904e-09	0.027633339166641235	0.20192477107048035	-1.3278622645884752e-08	1.622538547962904e-09	-1.3278622645884752e-08	0.20192472636699677	0.00820671021938324	9.999999974752427e-07	0.2740027904510498	1.622538547962904e-09	9.999999974752427e-07	1.622538547962904e-09	0.05703481286764145	1.622538547962904e-09	0.02641153335571289	0.03179077059030533	1.622538547962904e-09	9.999999974752427e-07	-1.3278622645884752e-08	0.009401541203260422	0.026411622762680054	0.009916093200445175	0.027633339166641235	4.2857209336943924e-07	1.622538547962904e-09	0.013445630669593811	0.00820671021938324	9.999999974752427e-07	0.013458997011184692	1.2857158253609668e-06	-1.3278622645884752e-08	-1.3278622645884752e-08	1.622538547962904e-09	9.999999974752427e-07	1.622538547962904e-09	0.16246560215950012	1.622538547962904e-09	0.05703481659293175	0.10570608824491501	0.2626262903213501	0.20192475616931915	0.01780685782432556	1.2857121873821598e-06	-1.3278622645884752e-08	9.999999974752427e-07	0.08882559835910797	0.009916089475154877	1.622538547962904e-09	0.20192477107048035	0.05404491350054741	0.027633339166641235	-1.3278622645884752e-08	0.009401543065905571	1.622538547962904e-09	0.1057060956954956	-1.3278622645884752e-08	0.017806872725486755	1.622538547962904e-09	1.622538547962904e-09	4.2857209336943924e-07	1.622538547962904e-09	-7.275957614183426e-12	1.622538547962904e-09	9.999999974752427e-07	1.622538547962904e-09	-1.3278622645884752e-08	9.999999974752427e-07	-1.3278622645884752e-08	0.007519073784351349	1.622538547962904e-09	-1.3278622645884752e-08	2.255546860396862e-10	0.5330700874328613	0.005072489380836487	5.000001692678779e-07	0.3791336715221405	0.015137098729610443	0.04571789503097534	9.999999974752427e-07	0.4731714725494385	1.622538547962904e-09	0.08930285274982452	0.4731714725494385	0.014180606231093407	0.010177051648497581	9.999999974752427e-07	0.283880352973938	-1.3278622645884752e-08	1.622538547962904e-09	0.009429067373275757	-1.3278622645884752e-08	0.007485583424568176	9.999999974752427e-07	0.2687433063983917	0.3461630940437317	0.011049933731555939	0.012431889772415161	0.21618443727493286	0.05989852547645569	-1.3278622645884752e-08	1.622538547962904e-09	0.2838802933692932	0.030927835032343864	0.04472166299819946	-1.3278622645884752e-08	0.39345017075538635	1.622538547962904e-09	-1.3278622645884752e-08	0.39345014095306396	0.011049933731555939	0.010177051648497581	-1.3278622645884752e-08	0.16346153616905212	0.04000958055257797	0.08930287510156631	-1.3278622645884752e-08	0.010416666977107525	-1.3278622645884752e-08	0.014316484332084656	0.036288827657699585	0.08930285274982452	1.622538547962904e-09	0.0478060245513916	5.000001692678779e-07	0.028037382289767265	1.622538547962904e-09	1.622538547962904e-09	-1.3278622645884752e-08	-1.3278622645884752e-08	1.5000005078036338e-06	1.622538547962904e-09	-1.3278622645884752e-08	9.999999974752427e-07	-1.3278622645884752e-08	1.622538547962904e-09	0.21618443727493286	0.015137098729610443	0.171462744474411	0.21618443727493286	0.3934501111507416	0.3461630940437317	0.05255882441997528	0.005072489380836487	9.999999974752427e-07	0.02286946028470993	0.1714627593755722	1.622538547962904e-09	0.01513710618019104	0.3791336119174957	0.1495407670736313	0.06023794412612915	0.014316461980342865	0.02286946028470993	0.008695651777088642	0.1714627593755722	1.622538547962904e-09	0.010177051648497581	0.012431896291673183	1.622538547962904e-09	5.000001692678779e-07	9.999999974752427e-07	0.0066950395703315735	0.007796458899974823	-1.3278622645884752e-08	0.030927835032343864	-1.3278622645884752e-08	0.007485583424568176	-1.3278622645884752e-08	0.02777777798473835	-1.3278622645884752e-08	-1.3278622645884752e-08	0.008695651777088642	0.3669218420982361	0.04854368790984154	5.000001692678779e-07	0.19233903288841248	1.622538547962904e-09	0.02117866277694702	0.01907867193222046	0.26595741510391235	9.999999974752427e-07	0.0752153992652893	0.2984440326690674	0.01907867193222046	9.999999974752427e-07	0.010416666977107525	0.19233903288841248	0.010324249044060707	0.007624365389347076	1.622538547962904e-09	1.622538547962904e-09	1.622538547962904e-09	9.999999974752427e-07	0.19233901798725128	0.19233904778957367	1.622538547962904e-09	0.026356376707553864	0.16347560286521912	0.04025733470916748	1.622538547962904e-09	1.622538547962904e-09	0.19233901798725128	1.622538547962904e-09	0.015332028269767761	0.0117647061124444	0.24910278618335724	0.01778506115078926	-1.3278622645884752e-08	0.24910277128219604	1.622538547962904e-09	9.999999974752427e-07	1.622538547962904e-09	0.1170303225517273	0.015458554029464722	0.0752154290676117	-1.3278622645884752e-08	0.00909090880304575	-1.3278622645884752e-08	0.009573204442858696	0.021178655326366425	0.0752154216170311	0.018691588193178177	0.015458546578884125	5.000001692678779e-07	0.005539216101169586	1.622538547962904e-09	0.01778506115078926	9.999999974752427e-07	0.028220482170581818	1.5000005078036338e-06	1.622538547962904e-09	9.999999974752427e-07	9.999999974752427e-07	-1.3278622645884752e-08	9.999999974752427e-07	0.16347560286521912	1.622538547962904e-09	0.14051920175552368	0.16347560286521912	0.24910280108451843	0.19233901798725128	0.011078406125307083	0.010101010091602802	0.009573204442858696	0.009177442640066147	0.14051921665668488	0.008695651777088642	1.622538547962904e-09	0.2222222089767456	0.11703035235404968	0.04181492328643799	0.011904762126505375	0.009177444502711296	0.010869565419852734	0.14051920175552368	-1.3278622645884752e-08	0.005539216101169586	0.026356376707553864	1.622538547962904e-09	5.000001692678779e-07	0.009999999776482582	0.01907867006957531	1.622538547962904e-09	0.010324249044060707	9.999999974752427e-07	9.999999974752427e-07	1.622538547962904e-09	9.999999974752427e-07	9.999999974752427e-07	1.622538547962904e-09	9.999999974752427e-07	0.012001220136880875	0.43699365854263306	0.05826278030872345	9.999999974752427e-07	0.2679571807384491	9.999999974752427e-07	0.04900258779525757	1.622538547962904e-09	0.3783048689365387	0.009493403136730194	0.06596280634403229	0.3783048689365387	1.622538547962904e-09	9.999999974752427e-07	0.01123595517128706	0.2679571509361267	-2.4010660126805305e-10	1.622538547962904e-09	-1.3278622645884752e-08	1.622538547962904e-09	1.622538547962904e-09	6.666664376098197e-07	0.2545320391654968	0.2679571509361267	0.010989011265337467	1.3333333299669903e-06	0.20756608247756958	0.04900256171822548	1.622538547962904e-09	0.005720056593418121	0.2679571509361267	1.622538547962904e-09	0.01575428992509842	0.010256930254399776	0.3783048689365387	0.01601792871952057	-2.4010660126805305e-10	0.3783048689365387	0.019911106675863266	9.999999974752427e-07	1.622538547962904e-09	0.1568257212638855	0.013005435466766357	0.11561180651187897	0.01815195381641388	6.666664376098197e-07	0.01815195381641388	0.010526316240429878	0.04900255799293518	0.06741572916507721	0.03269492834806442	0.018725495785474777	0.00909090880304575	-2.4010660126805305e-10	1.622538547962904e-09	0.00917431153357029	0.009686285629868507	0.009686283767223358	0.025567827746272087	9.999999974752427e-07	0.043478261679410934	0.01575428992509842	-2.4010660126805305e-10	0.009493403136730194	0.20756609737873077	9.999999974752427e-07	0.15682576596736908	0.20756609737873077	0.3783048689365387	0.2679571211338043	0.030948013067245483	0.025567827746272087	9.999999974752427e-07	9.999999974752427e-07	0.17497771978378296	0.009708737954497337	0.00909090880304575	0.31831997632980347	0.1568257361650467	0.04121395945549011	0.04972795397043228	0.010204081423580647	0.007700018584728241	0.19181180000305176	9.999999974752427e-07	0.011036910116672516	0.022488445043563843	0.016806723549962044	9.999999974752427e-07	0.009615384973585606	1.622538547962904e-09	1.622538547962904e-09	-2.4010660126805305e-10	1.622538547962904e-09	9.999999974752427e-07	1.622538547962904e-09	0.009803921915590763	1.622538547962904e-09	1.622538547962904e-09	-7.275957614183426e-12	9.999999974752427e-07	0.35452133417129517	0.02059110254049301	0.010625112801790237	0.21123075485229492	0.02664199471473694	0.006121918559074402	9.999999974752427e-07	0.3018167018890381	0.006626579910516739	0.02059112675487995	0.3018167018890381	0.01864650845527649	-1.3278622645884752e-08	1.622538547962904e-09	0.1669045239686966	0.015181045979261398	9.999999974752427e-07	1.622538547962904e-09	1.622538547962904e-09	0.010238776914775372	1.622538547962904e-09	0.14026254415512085	0.21123087406158447	-1.3278622645884752e-08	1.622538547962904e-09	0.14026251435279846	0.02476842701435089	1.622538547962904e-09	1.622538547962904e-09	0.21123087406158447	-1.3278622645884752e-08	0.011363636702299118	6.912159733474255e-10	0.23242247104644775	-1.3278622645884752e-08	0.006100691854953766	0.29567742347717285	-1.3278622645884752e-08	-1.3278622645884752e-08	1.622538547962904e-09	0.09294700622558594	1.622538547962904e-09	0.06100180745124817	0.01366463303565979	1.622538547962904e-09	0.007563948631286621	0.011995955370366573	0.0061219483613967896	0.030612245202064514	0.00662657618522644	9.073119144886732e-09	-2.4010660126805305e-10	-1.3278622645884752e-08	-1.3278622645884752e-08	-1.3278622645884752e-08	9.999999974752427e-07	0.027936086058616638	0.010625114664435387	0.027522936463356018	0.007871784269809723	9.999999974752427e-07	1.622538547962904e-09	0.006626579910516739	0.14026251435279846	0.010101010091602802	0.09294699132442474	0.14026251435279846	0.29567742347717285	0.21123087406158447	-1.3278622645884752e-08	0.013964534737169743	0.011995954439043999	0.0061219483613967896	0.10661163181066513	1.622538547962904e-09	0.02664199471473694	0.21910250186920166	0.061001840978860855	1.622538547962904e-09	0.013319894671440125	0.0061219558119773865	1.622538547962904e-09	0.10661161690950394	9.999999974752427e-07	-1.3278622645884752e-08	1.622538547962904e-09	1.622538547962904e-09	-2.4010660126805305e-10	1.622538547962904e-09	9.999999974752427e-07	1.622538547962904e-09	0.015181045979261398	1.622538547962904e-09	6.912159733474255e-10	0.010238775983452797	0.007871784269809723	0.006139278411865234	1.622538547962904e-09	6.912159733474255e-10	1.622538547962904e-09	0.36081427335739136	0.07295437157154083	0.008505983278155327	0.2816368341445923	0.009365733712911606	0.026101604104042053	-1.3278622645884752e-08	0.309752881526947	8.000001798791345e-07	0.07295437157154083	0.309752881526947	-1.3278622645884752e-08	2.255546860396862e-10	-5.828042048960924e-09	0.22092559933662415	0.024959862232208252	-1.3278622645884752e-08	1.622538547962904e-09	1.622538547962904e-09	-1.3278622645884752e-08	9.999999974752427e-07	0.21155986189842224	0.22092559933662415	2.255546860396862e-10	0.00917431153357029	0.1840570569038391	0.02610163390636444	1.622538547962904e-09	-5.828042048960924e-09	0.22092559933662415	1.622538547962904e-09	-1.3278622645884752e-08	0.008564632385969162	0.2986621558666229	1.622538547962904e-09	9.999999974752427e-07	0.2986621558666229	2.255546860396862e-10	2.255546860396862e-10	1.622538547962904e-09	0.1273503601551056	-5.828042048960924e-09	0.08163265138864517	0.01516491174697876	0.008196720853447914	9.999999974752427e-07	-2.4010660126805305e-10	0.02610161527991295	0.07547169923782349	1.3999997463542968e-06	0.015599853359162807	0.01042632944881916	0.009330726228654385	0.018172089010477066	1.622538547962904e-09	1.622538547962904e-09	0.024959862232208252	0.028257330879569054	9.999999974752427e-07	0.008460670709609985	-1.3278622645884752e-08	9.999999974752427e-07	8.000001798791345e-07	0.14251525700092316	0.009365729987621307	0.1273503601551056	0.14251527190208435	0.2986621558666229	0.2816368341445923	0.00933072715997696	0.05747126415371895	-2.4010660126805305e-10	9.999999974752427e-07	0.14251521229743958	6.000000212225132e-07	0.009365737438201904	0.29009750485420227	0.1273503601551056	0.04308461770415306	-2.4010660126805305e-10	0.009282223880290985	1.622538547962904e-09	0.14251525700092316	9.999999974752427e-07	2.255546860396862e-10	0.027484744787216187	0.017241379246115685	0.009325018152594566	-5.828042048960924e-09	-1.3278622645884752e-08	0.015599831938743591	0.02495986968278885	-2.4010660126805305e-10	9.999999974752427e-07	-1.3278622645884752e-08	0.008460670709609985	0.011090755462646484	1.622538547962904e-09	-2.4010660126805305e-10	0.016819387674331665
34	-15547.466796875	-1	9	57	76	75	26	89	10	62	48	0	26	84	41	29	91	66	5	0	11	24	14	68	37	85	21	0	0	50	22	3	66	33	67	21	43	7	69	12	0	65	50	77	73	24	43	79	5	42	1	78	57	69	21	34	56	0	70	42	76	31	43	49	25	4	73	63	36	3	21	1	46	80	82	49	14	33	40	77	33	47	9	66	48	69	78	85	57	13	11	50	56	7	32	19	59	7	0	34	47	0.5437127947807312	0.08644906431436539	0.010285336524248123	0.4145510792732239	0.012830331921577454	0.010498285293579102	0.010526316240429878	0.4251323938369751	9.999999974752427e-07	0.08644905686378479	0.44155386090278625	0.06554710865020752	9.999999974752427e-07	9.999999974752427e-07	0.4095746874809265	9.999999974752427e-07	0.005317971110343933	1.622538547962904e-09	1.622538547962904e-09	9.999999974752427e-07	0.02298850566148758	0.39674437046051025	0.4095746576786041	9.999999974752427e-07	0.03314200043678284	0.2897196114063263	0.07604538649320602	1.622538547962904e-09	9.999999974752427e-07	0.4095746576786041	0.0049764662981033325	1.622538547962904e-09	1.622538547962904e-09	0.4145510196685791	0.03333333507180214	-1.3278622645884752e-08	0.42513248324394226	9.999999974752427e-07	9.999999974752427e-07	1.622538547962904e-09	0.22580645978450775	0.012048192322254181	0.1361638456583023	-1.3278622645884752e-08	9.999999974752427e-07	-1.3278622645884752e-08	1.622538547962904e-09	0.010498279705643654	0.1361638605594635	0.030567780137062073	0.02411612868309021	1.622538547962904e-09	0.008196720853447914	0.010869565419852734	9.999999974752427e-07	0.010526316240429878	0.026113219559192657	0.019338728860020638	-2.4010660126805305e-10	-1.3278622645884752e-08	1.622538547962904e-09	-1.3278622645884752e-08	0.030567795038223267	0.2705919146537781	9.999999974752427e-07	0.26527389883995056	0.2705919146537781	0.4251324534416199	0.40957462787628174	0.030927833169698715	0.05588129162788391	1.622538547962904e-09	0.010498277842998505	0.2652738690376282	-1.3278622645884752e-08	0.012830331921577454	0.4145510792732239	0.22250455617904663	0.08634074777364731	1.622538547962904e-09	0.010498279705643654	1.622538547962904e-09	0.26527389883995056	0.036036036908626556	0.009900989942252636	0.062224678695201874	0.029082641005516052	0.009053405374288559	9.999999974752427e-07	0.012195121496915817	9.999999974752427e-07	0.008547008968889713	-1.3278622645884752e-08	1.622538547962904e-09	9.999999974752427e-07	-1.3278622645884752e-08	-1.3278622645884752e-08	1.622538547962904e-09	9.999999974752427e-07	1.622538547962904e-09	0.42310065031051636	0.04496558755636215	0.010405869223177433	0.2722354531288147	0.010044899769127369	0.021052632480859756	9.999999974752427e-07	0.31625205278396606	0.018691588193178177	0.05226296931505203	0.31625211238861084	0.01785714365541935	0.010989011265337467	1.622538547962904e-09	0.2722354531288147	9.999999974752427e-07	1.622538547962904e-09	0.019417475908994675	1.622538547962904e-09	9.999999974752427e-07	6.666664376098197e-07	0.2291666716337204	0.2722354531288147	9.999999974752427e-07	1.3333333299669903e-06	0.1819043606519699	0.09699184447526932	1.622538547962904e-09	0.0078512541949749	0.2722354531288147	1.622538547962904e-09	1.622538547962904e-09	0.010638297535479069	0.31625205278396606	1.3333333299669903e-06	-7.275957614183426e-12	0.31625205278396606	0.010526316240429878	0.009009009227156639	1.622538547962904e-09	0.10256187617778778	1.622538547962904e-09	0.0606570690870285	0.008510754443705082	6.666664376098197e-07	-7.275957614183426e-12	9.999999974752427e-07	1.3999997463542968e-06	0.05226297304034233	0.034559715539216995	0.022432174533605576	2.255546860396862e-10	9.999999974752427e-07	9.999999974752427e-07	6.666664376098197e-07	0.008264463394880295	0.00985671579837799	0.010405868291854858	0.008394084870815277	1.622538547962904e-09	1.622538547962904e-09	0.008510754443705082	0.034559715539216995	0.18190431594848633	0.010044899769127369	0.11764705926179886	0.18190434575080872	0.31625205278396606	0.2722354531288147	0.042105261236429214	0.010405870154500008	9.999999974752427e-07	8.000001798791345e-07	0.18190434575080872	1.622538547962904e-09	0.010044898837804794	0.2722354829311371	0.10256189107894897	0.04190482199192047	9.999999974752427e-07	8.000001798791345e-07	0.00729738175868988	0.18190434575080872	1.622538547962904e-09	0.016949152573943138	0.01947261206805706	9.999999974752427e-07	2.255546860396862e-10	1.622538547962904e-09	0.011627906933426857	0.014580924063920975	9.999999974752427e-07	1.622538547962904e-09	9.999999974752427e-07	9.999999974752427e-07	1.622538547962904e-09	1.622538547962904e-09	1.622538547962904e-09	6.666664376098197e-07	6.000000212225132e-07	0.449466347694397	0.08000115305185318	9.999999974752427e-07	0.33304834365844727	-1.3278622645884752e-08	0.03483249247074127	9.999999974752427e-07	0.3862634003162384	0.009220771491527557	0.08756303787231445	0.386263370513916	0.013322077691555023	-1.3278622645884752e-08	9.999999974752427e-07	0.294791579246521	9.999999974752427e-07	0.029411764815449715	9.999999974752427e-07	-1.3278622645884752e-08	0.008118398487567902	0.010526316240429878	0.294791579246521	0.294791579246521	-1.3278622645884752e-08	0.01075268816202879	0.2947915196418762	0.04815460741519928	-1.3278622645884752e-08	0.02777777798473835	0.294791579246521	0.019186578691005707	9.999999974752427e-07	0.008000463247299194	0.38626328110694885	-1.3278622645884752e-08	1.622538547962904e-09	0.38626334071159363	-1.3278622645884752e-08	-1.3278622645884752e-08	-1.3278622645884752e-08	0.1528805047273636	9.999999974752427e-07	0.08756301552057266	0.009048528037965298	9.999999974752427e-07	1.622538547962904e-09	0.009130984544754028	0.02860131859779358	0.08756303787231445	0.009220770560204983	0.04123711213469505	9.999999974752427e-07	-1.3278622645884752e-08	-1.3278622645884752e-08	-1.3278622645884752e-08	0.008003763854503632	0.015048369765281677	0.029999999329447746	1.622538547962904e-09	0.00909090880304575	9.999999974752427e-07	0.009048528969287872	0.009220771491527557	0.2947915196418762	-1.3278622645884752e-08	0.15288051962852478	0.2499999850988388	0.386263370513916	0.31386178731918335	-1.3278622645884752e-08	0.032608695328235626	0.009130991995334625	9.999999974752427e-07	0.16192904114723206	-2.4010660126805305e-10	-1.3278622645884752e-08	0.36913183331489563	0.1528804898262024	0.06531748175621033	0.009130977094173431	0.028601333498954773	0.00756189227104187	0.16814157366752625	1.622538547962904e-09	-1.3278622645884752e-08	0.021052632480859756	0.009900989942252636	0.027272727340459824	9.999999974752427e-07	0.005203664302825928	0.008620689623057842	0.007044591009616852	-1.3278622645884752e-08	0.008000463247299194	0.008118398487567902	9.999999974752427e-07	-1.3278622645884752e-08	-1.3278622645884752e-08	-1.3278622645884752e-08	1.622538547962904e-09	0.4417252242565155	0.024390242993831635	9.999999974752427e-07	0.30527326464653015	0.010416666977107525	0.014637134969234467	9.999999974752427e-07	0.3760969042778015	9.999999974752427e-07	0.04878048598766327	0.3760969042778015	0.05099133402109146	9.999999974752427e-07	0.008882244117558002	0.30527329444885254	1.622538547962904e-09	1.622538547962904e-09	1.622538547962904e-09	1.622538547962904e-09	0.030414395034313202	0.012048192322254181	0.29318323731422424	0.30527329444885254	9.999999974752427e-07	0.017391303554177284	0.2670987844467163	0.06562843918800354	1.622538547962904e-09	0.010416666977107525	0.30527329444885254	1.622538547962904e-09	1.622538547962904e-09	1.622538547962904e-09	0.30527329444885254	1.622538547962904e-09	0.010526316240429878	0.3760969042778015	9.999999974752427e-07	9.999999974752427e-07	1.622538547962904e-09	0.14387741684913635	0.025641024112701416	0.07431011646986008	0.032608695328235626	9.999999974752427e-07	0.009615384973585606	1.622538547962904e-09	0.014637134969234467	0.07431010156869888	0.010309278033673763	0.04452749714255333	0.009433962404727936	9.999999974752427e-07	1.622538547962904e-09	1.622538547962904e-09	1.622538547962904e-09	1.622538547962904e-09	0.009569531306624413	1.622538547962904e-09	1.622538547962904e-09	1.622538547962904e-09	0.01123595517128706	9.999999974752427e-07	0.20471768081188202	9.999999974752427e-07	0.14387744665145874	0.2047176957130432	0.3052733242511749	0.30527329444885254	0.026084452867507935	0.009569531306624413	1.622538547962904e-09	0.010101010091602802	0.204717755317688	0.010204081423580647	0.010989011265337467	0.30527329444885254	0.14387741684913635	0.06956726312637329	1.622538547962904e-09	0.01463712751865387	9.999999974752427e-07	0.20471777021884918	0.009803921915590763	9.999999974752427e-07	0.02503982186317444	9.999999974752427e-07	9.999999974752427e-07	0.008882243186235428	0.020576931536197662	9.999999974752427e-07	1.622538547962904e-09	1.622538547962904e-09	1.622538547962904e-09	9.999999974752427e-07	1.622538547962904e-09	1.622538547962904e-09	1.622538547962904e-09	1.622538547962904e-09	1.622538547962904e-09	0.35371437668800354	0.026411600410938263	4.2857209336943924e-07	0.20192480087280273	1.622538547962904e-09	0.027027027681469917	-7.275957614183426e-12	0.28152182698249817	1.622538547962904e-09	0.026411622762680054	0.2815217971801758	0.010256588459014893	9.999999974752427e-07	1.622538547962904e-09	0.20192478597164154	9.999999974752427e-07	1.622538547962904e-09	9.999999974752427e-07	1.622538547962904e-09	0.010256589390337467	1.622538547962904e-09	0.20192474126815796	0.20192477107048035	1.622538547962904e-09	1.622538547962904e-09	0.16246561706066132	0.05873368680477142	1.622538547962904e-09	0.027633339166641235	0.20192477107048035	-1.3278622645884752e-08	1.622538547962904e-09	-1.3278622645884752e-08	0.20192478597164154	0.008206687867641449	9.999999974752427e-07	0.2740027606487274	1.622538547962904e-09	9.999999974752427e-07	1.622538547962904e-09	0.05703481286764145	1.622538547962904e-09	0.02641153335571289	0.03179077059030533	1.622538547962904e-09	9.999999974752427e-07	-1.3278622645884752e-08	0.009401541203260422	0.026411622762680054	0.009916093200445175	0.027633339166641235	4.2857209336943924e-07	1.622538547962904e-09	0.013445578515529633	0.008206689730286598	9.999999974752427e-07	0.013458997011184692	1.2857158253609668e-06	-1.3278622645884752e-08	-1.3278622645884752e-08	1.622538547962904e-09	9.999999974752427e-07	1.622538547962904e-09	0.16246557235717773	1.622538547962904e-09	0.05703481659293175	0.10570608824491501	0.2626262307167053	0.20192474126815796	0.01780683360993862	1.2857121873821598e-06	-1.3278622645884752e-08	9.999999974752427e-07	0.08882559835910797	0.009916089475154877	1.622538547962904e-09	0.20192478597164154	0.05404491350054741	0.027633339166641235	-1.3278622645884752e-08	0.009401543065905571	1.622538547962904e-09	0.1057060956954956	-1.3278622645884752e-08	0.017806842923164368	1.622538547962904e-09	1.622538547962904e-09	4.2857209336943924e-07	1.622538547962904e-09	-7.275957614183426e-12	1.622538547962904e-09	9.999999974752427e-07	1.622538547962904e-09	-1.3278622645884752e-08	9.999999974752427e-07	-1.3278622645884752e-08	0.007519073784351349	1.622538547962904e-09	-2.4010660126805305e-10	2.255546860396862e-10	0.5330701470375061	0.005072489380836487	5.000001692678779e-07	0.3791336715221405	0.01513708382844925	0.04571791738271713	9.999999974752427e-07	0.4731714725494385	1.622538547962904e-09	0.08930285274982452	0.4731714725494385	0.01418062299489975	0.010177051648497581	9.999999974752427e-07	0.2838803231716156	-1.3278622645884752e-08	1.622538547962904e-09	0.009429080411791801	-1.3278622645884752e-08	0.007485583424568176	9.999999974752427e-07	0.26874327659606934	0.3461630940437317	0.011049933731555939	0.012431889772415161	0.21618440747261047	0.05989854037761688	-1.3278622645884752e-08	1.622538547962904e-09	0.283880352973938	0.030927835032343864	0.044721707701683044	-1.3278622645884752e-08	0.3934501111507416	1.622538547962904e-09	-1.3278622645884752e-08	0.3934501111507416	0.011049933731555939	0.010177051648497581	-1.3278622645884752e-08	0.16346153616905212	0.04000958055257797	0.08930287510156631	-1.3278622645884752e-08	0.010416666977107525	-1.3278622645884752e-08	0.014316484332084656	0.03628883510828018	0.08930285274982452	1.622538547962904e-09	0.0478060245513916	5.000001692678779e-07	0.028037382289767265	1.622538547962904e-09	1.622538547962904e-09	-1.3278622645884752e-08	-1.3278622645884752e-08	1.5000005078036338e-06	1.622538547962904e-09	-1.3278622645884752e-08	9.999999974752427e-07	-1.3278622645884752e-08	1.622538547962904e-09	0.21618442237377167	0.01513708382844925	0.171462744474411	0.21618443727493286	0.3934501111507416	0.3461630940437317	0.05255880951881409	0.005072489380836487	9.999999974752427e-07	0.02286946028470993	0.1714627593755722	1.622538547962904e-09	0.015137098729610443	0.3791336119174957	0.1495407670736313	0.06023794412612915	0.014316476881504059	0.02286946028470993	0.008695651777088642	0.1714627891778946	1.622538547962904e-09	0.010177051648497581	0.012431896291673183	1.622538547962904e-09	5.000001692678779e-07	9.999999974752427e-07	0.0066950395703315735	0.007796458899974823	-1.3278622645884752e-08	0.030927835032343864	-1.3278622645884752e-08	0.007485583424568176	-1.3278622645884752e-08	0.02777777798473835	-1.3278622645884752e-08	1.622538547962904e-09	0.008695651777088642	0.36692190170288086	0.04854368790984154	5.000001692678779e-07	0.19233906269073486	1.622538547962904e-09	0.02117866277694702	0.01907867193222046	0.26595747470855713	9.999999974752427e-07	0.0752153992652893	0.29844409227371216	0.01907867193222046	9.999999974752427e-07	0.010416666977107525	0.19233907759189606	0.010324249044060707	0.00762438029050827	1.622538547962904e-09	1.622538547962904e-09	1.622538547962904e-09	9.999999974752427e-07	0.19233907759189606	0.19233904778957367	1.622538547962904e-09	0.026356376707553864	0.1634756475687027	0.04025731980800629	1.622538547962904e-09	1.622538547962904e-09	0.19233907759189606	1.622538547962904e-09	0.015332043170928955	0.0117647061124444	0.24910283088684082	0.017785053700208664	-1.3278622645884752e-08	0.24910281598567963	1.622538547962904e-09	9.999999974752427e-07	1.622538547962904e-09	0.1170303225517273	0.015458554029464722	0.0752154290676117	-1.3278622645884752e-08	0.00909090880304575	-1.3278622645884752e-08	0.009573204442858696	0.02117866650223732	0.0752154216170311	0.018691588193178177	0.015458546578884125	5.000001692678779e-07	0.005539208650588989	1.622538547962904e-09	0.017785055562853813	9.999999974752427e-07	0.028220482170581818	1.5000005078036338e-06	1.622538547962904e-09	9.999999974752427e-07	9.999999974752427e-07	-1.3278622645884752e-08	9.999999974752427e-07	0.16347557306289673	1.622538547962904e-09	0.14051923155784607	0.16347560286521912	0.24910283088684082	0.19233903288841248	0.011078402400016785	0.010101010091602802	0.009573204442858696	0.009177442640066147	0.14051921665668488	0.008695651777088642	1.622538547962904e-09	0.2222222536802292	0.11703035235404968	0.04181492328643799	0.011904762126505375	0.009177444502711296	0.010869565419852734	0.1405191868543625	-1.3278622645884752e-08	0.005539208650588989	0.026356376707553864	1.622538547962904e-09	5.000001692678779e-07	0.009999999776482582	0.019078673794865608	1.622538547962904e-09	0.010324249044060707	9.999999974752427e-07	9.999999974752427e-07	1.622538547962904e-09	9.999999974752427e-07	9.999999974752427e-07	1.622538547962904e-09	-2.4010660126805305e-10	0.012001220136880875	0.43699371814727783	0.05826278030872345	9.999999974752427e-07	0.2679571807384491	9.999999974752427e-07	0.04900254309177399	1.622538547962904e-09	0.3783048689365387	0.009493403136730194	0.06596280634403229	0.3783048391342163	1.622538547962904e-09	9.999999974752427e-07	0.01123595517128706	0.2679571509361267	-2.4010660126805305e-10	1.622538547962904e-09	-1.3278622645884752e-08	1.622538547962904e-09	1.622538547962904e-09	6.666664376098197e-07	0.2545320391654968	0.2679571509361267	0.010989011265337467	1.3333333299669903e-06	0.20756608247756958	0.04900255426764488	1.622538547962904e-09	0.005720056593418121	0.2679571509361267	1.622538547962904e-09	0.01575428992509842	0.010256931185722351	0.3783048391342163	0.01601792871952057	-2.4010660126805305e-10	0.3783048689365387	0.019911106675863266	9.999999974752427e-07	1.622538547962904e-09	0.1568257212638855	0.013005435466766357	0.11561180651187897	0.01815195381641388	6.666664376098197e-07	0.01815195381641388	0.010526316240429878	0.04900252819061279	0.06741572916507721	0.03269492834806442	0.018725495785474777	0.00909090880304575	-2.4010660126805305e-10	1.622538547962904e-09	0.00917431153357029	0.009686267003417015	0.009686268866062164	0.025567827746272087	9.999999974752427e-07	0.043478261679410934	0.01575428992509842	-2.4010660126805305e-10	0.009493403136730194	0.20756609737873077	9.999999974752427e-07	0.15682576596736908	0.20756609737873077	0.3783048689365387	0.2679571211338043	0.030948013067245483	0.025567827746272087	9.999999974752427e-07	9.999999974752427e-07	0.17497771978378296	0.009708737954497337	0.00909090880304575	0.31832000613212585	0.1568257361650467	0.04121395945549011	0.04972795397043228	0.010204081423580647	0.007700018584728241	0.19181180000305176	9.999999974752427e-07	0.011036910116672516	0.022488445043563843	0.016806723549962044	9.999999974752427e-07	0.009615384973585606	1.622538547962904e-09	1.622538547962904e-09	-2.4010660126805305e-10	1.622538547962904e-09	9.999999974752427e-07	1.622538547962904e-09	0.009803921915590763	1.622538547962904e-09	1.622538547962904e-09	9.999999974752427e-07	9.999999974752427e-07	0.3545212745666504	0.02059110254049301	0.010625112801790237	0.21123087406158447	0.02664199471473694	0.006121944636106491	9.999999974752427e-07	0.3018167018890381	0.006626579910516739	0.02059112675487995	0.3018167018890381	0.01864650845527649	-1.3278622645884752e-08	1.622538547962904e-09	0.1669045239686966	0.015181045979261398	9.999999974752427e-07	1.622538547962904e-09	1.622538547962904e-09	0.010238776914775372	1.622538547962904e-09	0.14026254415512085	0.21123084425926208	-1.3278622645884752e-08	1.622538547962904e-09	0.14026251435279846	0.024768434464931488	1.622538547962904e-09	1.622538547962904e-09	0.21123084425926208	-1.3278622645884752e-08	0.011363636702299118	6.912159733474255e-10	0.23242247104644775	-1.3278622645884752e-08	0.006100691854953766	0.29567742347717285	-1.3278622645884752e-08	-1.3278622645884752e-08	1.622538547962904e-09	0.09294700622558594	1.622538547962904e-09	0.06100180745124817	0.01366463303565979	1.622538547962904e-09	0.007563948631286621	0.011995955370366573	0.0061219483613967896	0.030612245202064514	0.00662657618522644	9.073119144886732e-09	-2.4010660126805305e-10	-1.3278622645884752e-08	-1.3278622645884752e-08	-1.3278622645884752e-08	9.999999974752427e-07	0.027936115860939026	0.010625114664435387	0.027522936463356018	0.007871776819229126	9.999999974752427e-07	1.622538547962904e-09	0.006626579910516739	0.14026251435279846	0.010101010091602802	0.09294699132442474	0.14026251435279846	0.29567742347717285	0.2112308144569397	-1.3278622645884752e-08	0.013964534737169743	0.011995954439043999	0.006121940910816193	0.10661163181066513	1.622538547962904e-09	0.02664199471473694	0.21910257637500763	0.061001840978860855	1.622538547962904e-09	0.013319918885827065	0.006121940910816193	1.622538547962904e-09	0.10661161690950394	9.999999974752427e-07	-1.3278622645884752e-08	1.622538547962904e-09	1.622538547962904e-09	-2.4010660126805305e-10	1.622538547962904e-09	9.999999974752427e-07	1.622538547962904e-09	0.015181045979261398	1.622538547962904e-09	6.912159733474255e-10	0.010238775983452797	0.007871776819229126	0.006139278411865234	1.622538547962904e-09	-1.3278622645884752e-08	1.622538547962904e-09	0.36081433296203613	0.07295437157154083	0.008505983278155327	0.2816368341445923	0.009365733712911606	0.026101619005203247	-1.3278622645884752e-08	0.309752881526947	8.000001798791345e-07	0.07295437157154083	0.3097529113292694	-1.3278622645884752e-08	2.255546860396862e-10	-5.828042048960924e-09	0.22092558443546295	0.024959862232208252	-1.3278622645884752e-08	1.622538547962904e-09	1.622538547962904e-09	-1.3278622645884752e-08	9.999999974752427e-07	0.21155984699726105	0.22092558443546295	2.255546860396862e-10	0.00917431153357029	0.1840570569038391	0.026101619005203247	1.622538547962904e-09	-5.828042048960924e-09	0.22092561423778534	1.622538547962904e-09	-1.3278622645884752e-08	0.008564617484807968	0.29866212606430054	1.622538547962904e-09	9.999999974752427e-07	0.2986621558666229	2.255546860396862e-10	2.255546860396862e-10	1.622538547962904e-09	0.1273503601551056	-5.828042048960924e-09	0.08163265138864517	0.01516491174697876	0.008196720853447914	9.999999974752427e-07	-2.4010660126805305e-10	0.026101626455783844	0.07547169923782349	1.3999997463542968e-06	0.015599853359162807	0.01042632944881916	0.009330732747912407	0.018172092735767365	1.622538547962904e-09	1.622538547962904e-09	0.024959877133369446	0.028257330879569054	9.999999974752427e-07	0.008460663259029388	-1.3278622645884752e-08	9.999999974752427e-07	8.000001798791345e-07	0.14251525700092316	0.009365729987621307	0.1273503601551056	0.14251527190208435	0.29866212606430054	0.2816368341445923	0.009330734610557556	0.05747126415371895	-2.4010660126805305e-10	9.999999974752427e-07	0.14251521229743958	6.000000212225132e-07	0.009365737438201904	0.29009750485420227	0.1273503601551056	0.04308461770415306	-2.4010660126805305e-10	0.009282225742936134	1.622538547962904e-09	0.14251525700092316	9.999999974752427e-07	2.255546860396862e-10	0.027484744787216187	0.017241379246115685	0.009325018152594566	-5.828042048960924e-09	-1.3278622645884752e-08	0.015599831938743591	0.02495986595749855	-2.4010660126805305e-10	9.999999974752427e-07	-1.3278622645884752e-08	0.00846065953373909	0.011090768501162529	1.622538547962904e-09	1.622538547962904e-09	0.01681939698755741
35	-15547.466796875	-1	9	57	76	75	26	89	10	62	48	0	26	84	41	29	91	66	5	0	11	24	14	68	37	85	21	0	0	50	22	3	66	33	67	21	43	7	69	12	0	65	50	77	73	24	43	79	5	42	1	78	57	69	21	34	56	0	70	42	76	31	43	49	25	4	73	63	36	3	21	1	46	80	82	49	14	33	40	77	33	47	9	66	48	69	78	85	57	13	11	50	56	7	32	19	59	7	0	35	47	0.5437126159667969	0.08644906431436539	0.010285336524248123	0.4145510196685791	0.012830331921577454	0.010498285293579102	0.010526316240429878	0.4251324534416199	9.999999974752427e-07	0.08644905686378479	0.44155392050743103	0.0655471682548523	9.999999974752427e-07	9.999999974752427e-07	0.40957462787628174	9.999999974752427e-07	0.005317956209182739	1.622538547962904e-09	1.622538547962904e-09	9.999999974752427e-07	0.02298850566148758	0.39674437046051025	0.4095746874809265	9.999999974752427e-07	0.03314200043678284	0.2897196114063263	0.0760454460978508	1.622538547962904e-09	9.999999974752427e-07	0.4095746576786041	0.004976451396942139	1.622538547962904e-09	1.622538547962904e-09	0.4145510494709015	0.03333333507180214	-1.3278622645884752e-08	0.4251324236392975	9.999999974752427e-07	9.999999974752427e-07	1.622538547962904e-09	0.22580645978450775	0.012048192322254181	0.1361638456583023	-1.3278622645884752e-08	9.999999974752427e-07	-1.3278622645884752e-08	1.622538547962904e-09	0.010498294606804848	0.1361638605594635	0.030567780137062073	0.02411612868309021	1.622538547962904e-09	0.008196720853447914	0.010869565419852734	9.999999974752427e-07	0.010526316240429878	0.026113338768482208	0.019338728860020638	-2.4010660126805305e-10	-1.3278622645884752e-08	1.622538547962904e-09	-1.3278622645884752e-08	0.030567795038223267	0.2705919146537781	9.999999974752427e-07	0.26527392864227295	0.2705919146537781	0.4251324236392975	0.40957462787628174	0.030927833169698715	0.05588129162788391	1.622538547962904e-09	0.010498292744159698	0.2652738690376282	-1.3278622645884752e-08	0.012830331921577454	0.41455110907554626	0.22250455617904663	0.08634074777364731	1.622538547962904e-09	0.010498294606804848	1.622538547962904e-09	0.26527389883995056	0.036036036908626556	0.009900989942252636	0.062224678695201874	0.029082641005516052	0.009053405374288559	9.999999974752427e-07	0.012195121496915817	9.999999974752427e-07	0.008547008968889713	-1.3278622645884752e-08	1.622538547962904e-09	9.999999974752427e-07	-1.3278622645884752e-08	-1.3278622645884752e-08	1.622538547962904e-09	-1.3278622645884752e-08	1.622538547962904e-09	0.4231007397174835	0.04496558755636215	0.010405869223177433	0.2722354531288147	0.010044899769127369	0.021052632480859756	9.999999974752427e-07	0.31625208258628845	0.018691588193178177	0.05226296931505203	0.31625211238861084	0.01785714365541935	0.010989011265337467	1.622538547962904e-09	0.2722354531288147	9.999999974752427e-07	1.622538547962904e-09	0.019417475908994675	1.622538547962904e-09	9.999999974752427e-07	6.666664376098197e-07	0.2291666716337204	0.2722354531288147	9.999999974752427e-07	1.3333333299669903e-06	0.1819043606519699	0.09699182957410812	1.622538547962904e-09	0.0078512541949749	0.2722354531288147	1.622538547962904e-09	1.622538547962904e-09	0.010638297535479069	0.31625205278396606	9.999999974752427e-07	-7.275957614183426e-12	0.31625205278396606	0.010526316240429878	0.009009009227156639	1.622538547962904e-09	0.10256187617778778	1.622538547962904e-09	0.0606570690870285	0.008510754443705082	6.666664376098197e-07	-7.275957614183426e-12	9.999999974752427e-07	1.3999997463542968e-06	0.05226297304034233	0.034559715539216995	0.022432174533605576	2.255546860396862e-10	9.999999974752427e-07	9.999999974752427e-07	9.999999974752427e-07	0.008264463394880295	0.009856700897216797	0.010405868291854858	0.008394084870815277	1.622538547962904e-09	1.622538547962904e-09	0.008510754443705082	0.034559715539216995	0.18190431594848633	0.010044899769127369	0.11764705926179886	0.18190434575080872	0.31625205278396606	0.2722354531288147	0.042105261236429214	0.010405870154500008	9.999999974752427e-07	8.000001798791345e-07	0.18190434575080872	1.622538547962904e-09	0.010044898837804794	0.2722354531288147	0.10256189107894897	0.04190482199192047	9.999999974752427e-07	8.000001798791345e-07	0.00729738175868988	0.18190434575080872	1.622538547962904e-09	0.016949152573943138	0.01947261206805706	9.999999974752427e-07	2.255546860396862e-10	1.622538547962904e-09	0.011627906933426857	0.014580924063920975	9.999999974752427e-07	1.622538547962904e-09	9.999999974752427e-07	9.999999974752427e-07	1.622538547962904e-09	1.622538547962904e-09	1.622538547962904e-09	-7.275957614183426e-12	6.000000212225132e-07	0.449466347694397	0.08000115305185318	9.999999974752427e-07	0.33304834365844727	-1.3278622645884752e-08	0.03483247756958008	9.999999974752427e-07	0.386263370513916	0.009220771491527557	0.08756303787231445	0.386263370513916	0.01332206092774868	-1.3278622645884752e-08	9.999999974752427e-07	0.2947916090488434	9.999999974752427e-07	0.029411764815449715	9.999999974752427e-07	-1.3278622645884752e-08	0.008118398487567902	0.010526316240429878	0.294791579246521	0.2947916090488434	-1.3278622645884752e-08	0.01075268816202879	0.2947915196418762	0.048154592514038086	-1.3278622645884752e-08	0.02777777798473835	0.2947916090488434	0.019186578691005707	9.999999974752427e-07	0.008000463247299194	0.38626328110694885	-1.3278622645884752e-08	1.622538547962904e-09	0.386263370513916	-1.3278622645884752e-08	-1.3278622645884752e-08	-1.3278622645884752e-08	0.1528804898262024	9.999999974752427e-07	0.08756303042173386	0.009048542939126492	9.999999974752427e-07	1.622538547962904e-09	0.009130984544754028	0.02860131859779358	0.08756303787231445	0.009220770560204983	0.04123711213469505	9.999999974752427e-07	-1.3278622645884752e-08	-1.3278622645884752e-08	-1.3278622645884752e-08	0.008003756403923035	0.01504833996295929	0.029999999329447746	1.622538547962904e-09	0.00909090880304575	9.999999974752427e-07	0.009048543870449066	0.009220771491527557	0.2947915196418762	-1.3278622645884752e-08	0.15288051962852478	0.2499999850988388	0.38626334071159363	0.31386175751686096	-1.3278622645884752e-08	0.032608695328235626	0.009130991995334625	9.999999974752427e-07	0.16192902624607086	-2.4010660126805305e-10	-1.3278622645884752e-08	0.36913183331489563	0.15288051962852478	0.06531751155853271	0.009130977094173431	0.028601333498954773	0.00756189227104187	0.16814157366752625	1.622538547962904e-09	-1.3278622645884752e-08	0.021052632480859756	0.009900989942252636	0.027272727340459824	9.999999974752427e-07	0.005203664302825928	0.008620689623057842	0.007044583559036255	-1.3278622645884752e-08	0.008000463247299194	0.008118398487567902	9.999999974752427e-07	-1.3278622645884752e-08	-1.3278622645884752e-08	1.622538547962904e-09	1.622538547962904e-09	0.4417252242565155	0.024390242993831635	9.999999974752427e-07	0.30527326464653015	0.010416666977107525	0.014637134969234467	9.999999974752427e-07	0.3760969042778015	9.999999974752427e-07	0.04878048598766327	0.3760969042778015	0.05099133402109146	9.999999974752427e-07	0.008882244117558002	0.30527329444885254	1.622538547962904e-09	1.622538547962904e-09	1.622538547962904e-09	1.622538547962904e-09	0.030414395034313202	0.012048192322254181	0.29318323731422424	0.30527329444885254	9.999999974752427e-07	0.017391303554177284	0.2670987844467163	0.06562843918800354	1.622538547962904e-09	0.010416666977107525	0.30527329444885254	1.622538547962904e-09	1.622538547962904e-09	1.622538547962904e-09	0.30527329444885254	1.622538547962904e-09	0.010526316240429878	0.3760969042778015	9.999999974752427e-07	9.999999974752427e-07	1.622538547962904e-09	0.14387741684913635	0.025641024112701416	0.07431011646986008	0.032608695328235626	9.999999974752427e-07	0.009615384973585606	1.622538547962904e-09	0.014637134969234467	0.07431010156869888	0.010309278033673763	0.04452749714255333	0.009433962404727936	9.999999974752427e-07	1.622538547962904e-09	1.622538547962904e-09	1.622538547962904e-09	1.622538547962904e-09	0.009569531306624413	1.622538547962904e-09	1.622538547962904e-09	1.622538547962904e-09	0.01123595517128706	9.999999974752427e-07	0.20471768081188202	9.999999974752427e-07	0.14387744665145874	0.2047176957130432	0.3052733242511749	0.30527329444885254	0.026084452867507935	0.009569531306624413	1.622538547962904e-09	0.010101010091602802	0.204717755317688	0.010204081423580647	0.010989011265337467	0.30527329444885254	0.14387741684913635	0.06956726312637329	1.622538547962904e-09	0.01463712751865387	9.999999974752427e-07	0.20471777021884918	0.009803921915590763	9.999999974752427e-07	0.02503982186317444	9.999999974752427e-07	9.999999974752427e-07	0.008882243186235428	0.020576931536197662	9.999999974752427e-07	1.622538547962904e-09	1.622538547962904e-09	1.622538547962904e-09	9.999999974752427e-07	1.622538547962904e-09	1.622538547962904e-09	1.622538547962904e-09	9.999999974752427e-07	1.622538547962904e-09	0.3537144362926483	0.026411600410938263	4.2857209336943924e-07	0.20192477107048035	1.622538547962904e-09	0.027027027681469917	-7.275957614183426e-12	0.28152182698249817	1.622538547962904e-09	0.026411622762680054	0.2815217971801758	0.010256588459014893	9.999999974752427e-07	1.622538547962904e-09	0.20192477107048035	9.999999974752427e-07	1.622538547962904e-09	9.999999974752427e-07	1.622538547962904e-09	0.010256589390337467	1.622538547962904e-09	0.20192474126815796	0.20192478597164154	1.622538547962904e-09	1.622538547962904e-09	0.16246558725833893	0.05873368680477142	1.622538547962904e-09	0.027633339166641235	0.20192477107048035	-1.3278622645884752e-08	1.622538547962904e-09	-1.3278622645884752e-08	0.20192483067512512	0.008206691592931747	9.999999974752427e-07	0.2740027904510498	1.622538547962904e-09	9.999999974752427e-07	1.622538547962904e-09	0.05703481286764145	1.622538547962904e-09	0.02641153335571289	0.03179077059030533	1.622538547962904e-09	9.999999974752427e-07	-1.3278622645884752e-08	0.009401541203260422	0.026411622762680054	0.009916093200445175	0.027633339166641235	4.2857209336943924e-07	1.622538547962904e-09	0.013445600867271423	0.008206691592931747	9.999999974752427e-07	0.013458997011184692	1.2857158253609668e-06	-1.3278622645884752e-08	-1.3278622645884752e-08	1.622538547962904e-09	9.999999974752427e-07	1.622538547962904e-09	0.16246557235717773	1.622538547962904e-09	0.05703481659293175	0.10570608824491501	0.2626262605190277	0.20192477107048035	0.01780684106051922	1.2857121873821598e-06	-1.3278622645884752e-08	9.999999974752427e-07	0.08882559835910797	0.009916089475154877	1.622538547962904e-09	0.20192478597164154	0.05404491350054741	0.027633339166641235	-1.3278622645884752e-08	0.009401543065905571	1.622538547962904e-09	0.1057060956954956	-1.3278622645884752e-08	0.017806850373744965	1.622538547962904e-09	1.622538547962904e-09	4.2857209336943924e-07	1.622538547962904e-09	-7.275957614183426e-12	1.622538547962904e-09	9.999999974752427e-07	1.622538547962904e-09	-1.3278622645884752e-08	9.999999974752427e-07	-1.3278622645884752e-08	0.007519088685512543	1.622538547962904e-09	9.999999974752427e-07	2.255546860396862e-10	0.5330701470375061	0.005072489380836487	5.000001692678779e-07	0.3791336715221405	0.015137098729610443	0.04571791738271713	9.999999974752427e-07	0.47317150235176086	1.622538547962904e-09	0.08930285274982452	0.47317150235176086	0.014180630445480347	0.010177051648497581	9.999999974752427e-07	0.2838802933692932	-1.3278622645884752e-08	1.622538547962904e-09	0.009429076686501503	-1.3278622645884752e-08	0.007485575973987579	9.999999974752427e-07	0.26874327659606934	0.3461630940437317	0.011049933731555939	0.012431889772415161	0.21618443727493286	0.05989854037761688	-1.3278622645884752e-08	1.622538547962904e-09	0.2838802933692932	0.030927835032343864	0.04472167789936066	-1.3278622645884752e-08	0.39345017075538635	1.622538547962904e-09	-1.3278622645884752e-08	0.3934501111507416	0.011049933731555939	0.010177051648497581	-1.3278622645884752e-08	0.16346153616905212	0.04000958055257797	0.08930287510156631	-1.3278622645884752e-08	0.010416666977107525	-1.3278622645884752e-08	0.01431649923324585	0.03628883510828018	0.08930285274982452	1.622538547962904e-09	0.0478060245513916	5.000001692678779e-07	0.028037382289767265	1.622538547962904e-09	1.622538547962904e-09	-1.3278622645884752e-08	-1.3278622645884752e-08	1.5000005078036338e-06	1.622538547962904e-09	-1.3278622645884752e-08	9.999999974752427e-07	-1.3278622645884752e-08	1.622538547962904e-09	0.21618445217609406	0.015137098729610443	0.171462744474411	0.21618443727493286	0.3934501111507416	0.3461630940437317	0.05255886912345886	0.005072489380836487	9.999999974752427e-07	0.02286946028470993	0.1714627742767334	1.622538547962904e-09	0.01513710618019104	0.3791336417198181	0.1495407670736313	0.06023794412612915	0.014316491782665253	0.02286946028470993	0.008695651777088642	0.1714627593755722	1.622538547962904e-09	0.010177051648497581	0.012431896291673183	1.622538547962904e-09	5.000001692678779e-07	9.999999974752427e-07	0.0066950321197509766	0.007796458899974823	-1.3278622645884752e-08	0.030927835032343864	-1.3278622645884752e-08	0.007485579699277878	-1.3278622645884752e-08	0.02777777798473835	-1.3278622645884752e-08	-1.3278622645884752e-08	0.008695651777088642	0.3669218420982361	0.04854368790984154	5.000001692678779e-07	0.19233903288841248	1.622538547962904e-09	0.02117866277694702	0.01907867193222046	0.26595741510391235	9.999999974752427e-07	0.0752153992652893	0.2984440326690674	0.01907867193222046	9.999999974752427e-07	0.010416666977107525	0.19233904778957367	0.010324249044060707	0.007624350488185883	1.622538547962904e-09	1.622538547962904e-09	1.622538547962904e-09	9.999999974752427e-07	0.19233903288841248	0.19233903288841248	1.622538547962904e-09	0.026356376707553864	0.16347558796405792	0.04025731980800629	1.622538547962904e-09	1.622538547962904e-09	0.19233904778957367	1.622538547962904e-09	0.015332013368606567	0.0117647061124444	0.24910278618335724	0.017785057425498962	-1.3278622645884752e-08	0.24910280108451843	1.622538547962904e-09	9.999999974752427e-07	1.622538547962904e-09	0.1170303225517273	0.015458554029464722	0.0752154290676117	-1.3278622645884752e-08	0.00909090880304575	-1.3278622645884752e-08	0.009573204442858696	0.021178659051656723	0.0752154216170311	0.018691588193178177	0.015458546578884125	5.000001692678779e-07	0.005539208650588989	1.622538547962904e-09	0.017785057425498962	9.999999974752427e-07	0.02822047472000122	1.5000005078036338e-06	1.622538547962904e-09	9.999999974752427e-07	9.999999974752427e-07	-1.3278622645884752e-08	9.999999974752427e-07	0.16347558796405792	1.622538547962904e-09	0.1405191719532013	0.1634756326675415	0.24910277128219604	0.19233903288841248	0.011078409850597382	0.010101010091602802	0.009573204442858696	0.009177442640066147	0.14051920175552368	0.008695651777088642	1.622538547962904e-09	0.2222222089767456	0.11703035235404968	0.04181492328643799	0.011904762126505375	0.009177442640066147	0.010869565419852734	0.14051920175552368	-1.3278622645884752e-08	0.005539208650588989	0.026356376707553864	1.622538547962904e-09	5.000001692678779e-07	0.009999999776482582	0.019078673794865608	1.622538547962904e-09	0.010324249044060707	9.999999974752427e-07	9.999999974752427e-07	1.622538547962904e-09	9.999999974752427e-07	9.999999974752427e-07	1.622538547962904e-09	-1.3278622645884752e-08	0.012001220136880875	0.43699368834495544	0.05826278030872345	9.999999974752427e-07	0.26795709133148193	9.999999974752427e-07	0.04900254309177399	1.622538547962904e-09	0.3783048987388611	0.009493403136730194	0.06596280634403229	0.3783048987388611	1.622538547962904e-09	9.999999974752427e-07	0.01123595517128706	0.26795709133148193	-2.4010660126805305e-10	1.622538547962904e-09	-1.3278622645884752e-08	1.622538547962904e-09	1.622538547962904e-09	6.666664376098197e-07	0.25453200936317444	0.2679571211338043	0.010989011265337467	1.3333333299669903e-06	0.2075660675764084	0.04900255426764488	1.622538547962904e-09	0.005720064043998718	0.26795709133148193	1.622538547962904e-09	0.015754282474517822	0.010256909765303135	0.3783048093318939	0.01601792871952057	-2.4010660126805305e-10	0.3783048093318939	0.019911106675863266	9.999999974752427e-07	1.622538547962904e-09	0.1568256914615631	0.013005435466766357	0.11561182141304016	0.018151938915252686	6.666664376098197e-07	0.01815195009112358	0.010526316240429878	0.04900252819061279	0.06741572916507721	0.03269492834806442	0.01872549019753933	0.00909090880304575	-2.4010660126805305e-10	1.622538547962904e-09	0.00917431153357029	0.00968625582754612	0.00968625396490097	0.025567827746272087	9.999999974752427e-07	0.043478261679410934	0.01575428619980812	-2.4010660126805305e-10	0.009493403136730194	0.20756608247756958	9.999999974752427e-07	0.1568257212638855	0.20756608247756958	0.3783048093318939	0.26795709133148193	0.030948013067245483	0.025567827746272087	9.999999974752427e-07	9.999999974752427e-07	0.17497773468494415	0.009708737954497337	0.00909090880304575	0.3183199465274811	0.15682578086853027	0.041213974356651306	0.04972793906927109	0.010204081423580647	0.007700018584728241	0.19181180000305176	9.999999974752427e-07	0.011036910116672516	0.022488445043563843	0.016806723549962044	9.999999974752427e-07	0.009615384973585606	1.622538547962904e-09	1.622538547962904e-09	-2.4010660126805305e-10	1.622538547962904e-09	9.999999974752427e-07	1.622538547962904e-09	0.009803921915590763	1.622538547962904e-09	1.622538547962904e-09	-2.4010660126805305e-10	9.999999974752427e-07	0.3545213043689728	0.02059110254049301	0.010625112801790237	0.21123084425926208	0.02664199471473694	0.0061219222843647	9.999999974752427e-07	0.3018166422843933	0.006626579910516739	0.02059112675487995	0.3018166720867157	0.01864650845527649	-1.3278622645884752e-08	1.622538547962904e-09	0.1669045239686966	0.015181045979261398	9.999999974752427e-07	1.622538547962904e-09	1.622538547962904e-09	0.010238776914775372	1.622538547962904e-09	0.14026254415512085	0.2112308144569397	-1.3278622645884752e-08	1.622538547962904e-09	0.14026251435279846	0.024768419563770294	1.622538547962904e-09	1.622538547962904e-09	0.2112308144569397	-1.3278622645884752e-08	0.011363636702299118	6.912159733474255e-10	0.23242251574993134	-1.3278622645884752e-08	0.006100691854953766	0.29567739367485046	-1.3278622645884752e-08	-1.3278622645884752e-08	1.622538547962904e-09	0.09294700622558594	1.622538547962904e-09	0.06100180745124817	0.01366463303565979	1.622538547962904e-09	0.007563948631286621	0.011995955370366573	0.0061219483613967896	0.030612245202064514	0.00662657618522644	9.073119144886732e-09	-2.4010660126805305e-10	-1.3278622645884752e-08	-1.3278622645884752e-08	-1.3278622645884752e-08	9.999999974752427e-07	0.027936100959777832	0.010625114664435387	0.027522936463356018	0.007871739566326141	9.999999974752427e-07	1.622538547962904e-09	0.006626579910516739	0.14026251435279846	0.010101010091602802	0.09294699132442474	0.14026251435279846	0.29567742347717285	0.21123076975345612	-1.3278622645884752e-08	0.013964534737169743	0.011995954439043999	0.0061219483613967896	0.10661163181066513	1.622538547962904e-09	0.02664199471473694	0.2191026210784912	0.061001840978860855	1.622538547962904e-09	0.013319892808794975	0.0061219483613967896	1.622538547962904e-09	0.10661161690950394	9.999999974752427e-07	-1.3278622645884752e-08	1.622538547962904e-09	1.622538547962904e-09	-2.4010660126805305e-10	1.622538547962904e-09	9.999999974752427e-07	1.622538547962904e-09	0.015181045979261398	1.622538547962904e-09	6.912159733474255e-10	0.010238775983452797	0.007871739566326141	0.006139293313026428	1.622538547962904e-09	9.999999974752427e-07	1.622538547962904e-09	0.36081427335739136	0.07295437157154083	0.008505983278155327	0.2816368341445923	0.009365733712911606	0.026101619005203247	-1.3278622645884752e-08	0.3097529113292694	8.000001798791345e-07	0.07295437157154083	0.3097529113292694	-1.3278622645884752e-08	2.255546860396862e-10	-5.828042048960924e-09	0.22092559933662415	0.024959877133369446	-1.3278622645884752e-08	1.622538547962904e-09	1.622538547962904e-09	-1.3278622645884752e-08	9.999999974752427e-07	0.21155986189842224	0.22092559933662415	2.255546860396862e-10	0.00917431153357029	0.1840570569038391	0.026101604104042053	1.622538547962904e-09	-5.828042048960924e-09	0.22092559933662415	1.622538547962904e-09	-1.3278622645884752e-08	0.008564604446291924	0.2986621558666229	1.622538547962904e-09	9.999999974752427e-07	0.2986621558666229	2.255546860396862e-10	2.255546860396862e-10	1.622538547962904e-09	0.1273503601551056	-5.828042048960924e-09	0.08163265138864517	0.01516491174697876	0.008196720853447914	9.999999974752427e-07	-2.4010660126805305e-10	0.026101619005203247	0.07547169923782349	1.3999997463542968e-06	0.015599853359162807	0.01042632944881916	0.009330726228654385	0.018172089010477066	1.622538547962904e-09	1.622538547962904e-09	0.024959877133369446	0.028257330879569054	9.999999974752427e-07	0.008460652083158493	-1.3278622645884752e-08	9.999999974752427e-07	8.000001798791345e-07	0.14251525700092316	0.009365729987621307	0.1273503601551056	0.14251527190208435	0.2986621558666229	0.2816368341445923	0.00933072715997696	0.05747126415371895	-2.4010660126805305e-10	9.999999974752427e-07	0.14251521229743958	6.000000212225132e-07	0.009365737438201904	0.29009753465652466	0.1273503601551056	0.04308461770415306	-2.4010660126805305e-10	0.009282229468226433	1.622538547962904e-09	0.14251525700092316	9.999999974752427e-07	2.255546860396862e-10	0.027484744787216187	0.017241379246115685	0.009325018152594566	-5.828042048960924e-09	-1.3278622645884752e-08	0.015599831938743591	0.02495986968278885	-2.4010660126805305e-10	9.999999974752427e-07	-1.3278622645884752e-08	0.008460652083158493	0.011090751737356186	1.622538547962904e-09	9.999999974752427e-07	0.016819393262267113
36	-15547.466796875	-1	9	57	76	75	26	89	10	62	48	0	26	84	41	29	91	66	5	0	11	24	14	68	37	85	21	0	0	50	22	3	66	33	67	21	43	7	69	12	0	65	50	77	73	24	43	79	5	42	1	78	57	69	21	34	56	0	70	42	76	31	43	49	25	4	73	63	36	3	21	1	46	80	82	49	14	33	40	77	33	47	9	66	48	69	78	85	57	13	11	50	56	7	32	19	59	7	0	36	47	0.5437127947807312	0.08644906431436539	0.010285336524248123	0.4145510792732239	0.012830331921577454	0.010498285293579102	0.010526316240429878	0.42513251304626465	9.999999974752427e-07	0.08644905686378479	0.44155386090278625	0.06554710865020752	9.999999974752427e-07	9.999999974752427e-07	0.4095746874809265	9.999999974752427e-07	0.005317971110343933	1.622538547962904e-09	1.622538547962904e-09	9.999999974752427e-07	0.02298850566148758	0.39674437046051025	0.4095746576786041	9.999999974752427e-07	0.03314200043678284	0.2897196114063263	0.07604538649320602	1.622538547962904e-09	9.999999974752427e-07	0.4095746576786041	0.0049764662981033325	1.622538547962904e-09	1.622538547962904e-09	0.4145510196685791	0.03333333507180214	-1.3278622645884752e-08	0.4251324534416199	9.999999974752427e-07	9.999999974752427e-07	1.622538547962904e-09	0.22580645978450775	0.012048192322254181	0.1361638456583023	-1.3278622645884752e-08	9.999999974752427e-07	-1.3278622645884752e-08	1.622538547962904e-09	0.010498279705643654	0.1361638605594635	0.030567780137062073	0.02411612868309021	1.622538547962904e-09	0.008196720853447914	0.010869565419852734	9.999999974752427e-07	0.010526316240429878	0.026113219559192657	0.019338728860020638	-2.4010660126805305e-10	-1.3278622645884752e-08	1.622538547962904e-09	-1.3278622645884752e-08	0.030567795038223267	0.2705919146537781	9.999999974752427e-07	0.26527389883995056	0.2705919146537781	0.4251324236392975	0.40957462787628174	0.030927833169698715	0.05588129162788391	1.622538547962904e-09	0.010498277842998505	0.2652738690376282	-1.3278622645884752e-08	0.012830331921577454	0.4145510792732239	0.22250455617904663	0.08634074777364731	1.622538547962904e-09	0.010498279705643654	1.622538547962904e-09	0.26527389883995056	0.036036036908626556	0.009900989942252636	0.062224678695201874	0.029082641005516052	0.009053405374288559	9.999999974752427e-07	0.012195121496915817	9.999999974752427e-07	0.008547008968889713	-1.3278622645884752e-08	1.622538547962904e-09	9.999999974752427e-07	-1.3278622645884752e-08	-1.3278622645884752e-08	1.622538547962904e-09	-1.3278622645884752e-08	1.622538547962904e-09	0.42310065031051636	0.04496558755636215	0.010405869223177433	0.2722354531288147	0.010044899769127369	0.021052632480859756	9.999999974752427e-07	0.31625205278396606	0.018691588193178177	0.05226296931505203	0.31625205278396606	0.01785714365541935	0.010989011265337467	1.622538547962904e-09	0.2722354531288147	9.999999974752427e-07	1.622538547962904e-09	0.019417475908994675	1.622538547962904e-09	9.999999974752427e-07	6.666664376098197e-07	0.2291666716337204	0.2722354531288147	9.999999974752427e-07	1.3333333299669903e-06	0.1819043606519699	0.09699184447526932	1.622538547962904e-09	0.0078512541949749	0.2722354531288147	1.622538547962904e-09	1.622538547962904e-09	0.010638297535479069	0.31625205278396606	9.999999974752427e-07	-7.275957614183426e-12	0.31625205278396606	0.010526316240429878	0.009009009227156639	1.622538547962904e-09	0.10256187617778778	1.622538547962904e-09	0.0606570690870285	0.008510754443705082	6.666664376098197e-07	-7.275957614183426e-12	9.999999974752427e-07	1.3999997463542968e-06	0.05226297304034233	0.034559715539216995	0.022432174533605576	2.255546860396862e-10	9.999999974752427e-07	9.999999974752427e-07	9.999999974752427e-07	0.008264463394880295	0.009856708347797394	0.010405868291854858	0.008394084870815277	1.622538547962904e-09	1.622538547962904e-09	0.008510754443705082	0.034559715539216995	0.18190431594848633	0.010044899769127369	0.11764705926179886	0.18190434575080872	0.31625205278396606	0.2722354531288147	0.042105261236429214	0.010405870154500008	9.999999974752427e-07	8.000001798791345e-07	0.18190434575080872	1.622538547962904e-09	0.010044898837804794	0.2722354531288147	0.10256189107894897	0.04190482199192047	9.999999974752427e-07	8.000001798791345e-07	0.00729738175868988	0.18190434575080872	1.622538547962904e-09	0.016949152573943138	0.01947261206805706	9.999999974752427e-07	2.255546860396862e-10	1.622538547962904e-09	0.011627906933426857	0.014580924063920975	9.999999974752427e-07	1.622538547962904e-09	9.999999974752427e-07	9.999999974752427e-07	1.622538547962904e-09	1.622538547962904e-09	1.622538547962904e-09	1.622538547962904e-09	6.000000212225132e-07	0.449466347694397	0.08000115305185318	9.999999974752427e-07	0.3330483138561249	-1.3278622645884752e-08	0.034832462668418884	9.999999974752427e-07	0.3862634003162384	0.009220771491527557	0.08756303787231445	0.3862634003162384	0.013322059065103531	-1.3278622645884752e-08	9.999999974752427e-07	0.2947915494441986	9.999999974752427e-07	0.029411764815449715	9.999999974752427e-07	-1.3278622645884752e-08	0.008118398487567902	0.010526316240429878	0.2947915494441986	0.2947915196418762	-1.3278622645884752e-08	0.01075268816202879	0.2947915196418762	0.04815457761287689	-1.3278622645884752e-08	0.02777777798473835	0.2947915494441986	0.019186578691005707	9.999999974752427e-07	0.008000500500202179	0.38626325130462646	-1.3278622645884752e-08	1.622538547962904e-09	0.38626328110694885	-1.3278622645884752e-08	-1.3278622645884752e-08	-1.3278622645884752e-08	0.1528805047273636	9.999999974752427e-07	0.08756301552057266	0.009048528037965298	9.999999974752427e-07	1.622538547962904e-09	0.009131006896495819	0.02860131859779358	0.08756303787231445	0.009220770560204983	0.04123711213469505	9.999999974752427e-07	-1.3278622645884752e-08	-1.3278622645884752e-08	-1.3278622645884752e-08	0.008003748953342438	0.01504833996295929	0.029999999329447746	1.622538547962904e-09	0.00909090880304575	9.999999974752427e-07	0.009048528969287872	0.009220771491527557	0.2947915196418762	-1.3278622645884752e-08	0.15288051962852478	0.2499999850988388	0.38626328110694885	0.31386175751686096	-1.3278622645884752e-08	0.032608695328235626	0.009130999445915222	9.999999974752427e-07	0.16192904114723206	-2.4010660126805305e-10	-1.3278622645884752e-08	0.36913180351257324	0.1528804898262024	0.06531748175621033	0.009131021797657013	0.028601333498954773	0.00756189227104187	0.16814157366752625	1.622538547962904e-09	-1.3278622645884752e-08	0.021052632480859756	0.009900989942252636	0.027272727340459824	9.999999974752427e-07	0.005203664302825928	0.008620689623057842	0.007044591009616852	-1.3278622645884752e-08	0.008000500500202179	0.008118398487567902	9.999999974752427e-07	-1.3278622645884752e-08	-1.3278622645884752e-08	-1.3278622645884752e-08	1.622538547962904e-09	0.4417251944541931	0.024390242993831635	9.999999974752427e-07	0.30527326464653015	0.010416666977107525	0.014637134969234467	9.999999974752427e-07	0.3760969042778015	9.999999974752427e-07	0.04878048598766327	0.3760969042778015	0.05099131911993027	9.999999974752427e-07	0.008882244117558002	0.30527329444885254	1.622538547962904e-09	1.622538547962904e-09	1.622538547962904e-09	1.622538547962904e-09	0.030414395034313202	0.012048192322254181	0.29318323731422424	0.30527329444885254	9.999999974752427e-07	0.017391303554177284	0.2670987844467163	0.06562845408916473	1.622538547962904e-09	0.010416666977107525	0.30527329444885254	1.622538547962904e-09	1.622538547962904e-09	1.622538547962904e-09	0.30527329444885254	1.622538547962904e-09	0.010526316240429878	0.3760969042778015	9.999999974752427e-07	9.999999974752427e-07	1.622538547962904e-09	0.14387741684913635	0.025641024112701416	0.07431011646986008	0.032608695328235626	9.999999974752427e-07	0.009615384973585606	1.622538547962904e-09	0.014637120068073273	0.07431010156869888	0.010309278033673763	0.04452749714255333	0.009433962404727936	9.999999974752427e-07	1.622538547962904e-09	1.622538547962904e-09	1.622538547962904e-09	1.622538547962904e-09	0.009569531306624413	1.622538547962904e-09	1.622538547962904e-09	1.622538547962904e-09	0.01123595517128706	9.999999974752427e-07	0.20471768081188202	9.999999974752427e-07	0.14387744665145874	0.2047176957130432	0.3052733242511749	0.30527329444885254	0.026084452867507935	0.009569531306624413	1.622538547962904e-09	0.010101010091602802	0.204717755317688	0.010204081423580647	0.010989011265337467	0.30527329444885254	0.14387741684913635	0.06956726312637329	1.622538547962904e-09	0.01463712751865387	9.999999974752427e-07	0.20471777021884918	0.009803921915590763	9.999999974752427e-07	0.02503982186317444	9.999999974752427e-07	9.999999974752427e-07	0.008882243186235428	0.02057691663503647	9.999999974752427e-07	1.622538547962904e-09	1.622538547962904e-09	1.622538547962904e-09	9.999999974752427e-07	1.622538547962904e-09	1.622538547962904e-09	1.622538547962904e-09	9.999999974752427e-07	1.622538547962904e-09	0.3537144362926483	0.026411600410938263	4.2857209336943924e-07	0.20192477107048035	1.622538547962904e-09	0.027027027681469917	-7.275957614183426e-12	0.28152182698249817	1.622538547962904e-09	0.026411622762680054	0.2815217971801758	0.010256588459014893	9.999999974752427e-07	1.622538547962904e-09	0.20192477107048035	9.999999974752427e-07	1.622538547962904e-09	9.999999974752427e-07	1.622538547962904e-09	0.010256589390337467	1.622538547962904e-09	0.20192474126815796	0.20192478597164154	1.622538547962904e-09	1.622538547962904e-09	0.16246558725833893	0.05873368680477142	1.622538547962904e-09	0.027633339166641235	0.20192477107048035	-1.3278622645884752e-08	1.622538547962904e-09	-1.3278622645884752e-08	0.20192483067512512	0.008206691592931747	9.999999974752427e-07	0.2740027904510498	1.622538547962904e-09	9.999999974752427e-07	1.622538547962904e-09	0.05703481286764145	1.622538547962904e-09	0.02641153335571289	0.03179077059030533	1.622538547962904e-09	9.999999974752427e-07	-1.3278622645884752e-08	0.009401541203260422	0.026411622762680054	0.009916093200445175	0.027633339166641235	4.2857209336943924e-07	1.622538547962904e-09	0.013445600867271423	0.008206691592931747	9.999999974752427e-07	0.013458997011184692	1.2857158253609668e-06	-1.3278622645884752e-08	-1.3278622645884752e-08	1.622538547962904e-09	9.999999974752427e-07	1.622538547962904e-09	0.16246557235717773	1.622538547962904e-09	0.05703481659293175	0.10570608824491501	0.2626262605190277	0.20192477107048035	0.01780684106051922	1.2857121873821598e-06	-1.3278622645884752e-08	9.999999974752427e-07	0.08882559835910797	0.009916089475154877	1.622538547962904e-09	0.20192478597164154	0.05404491350054741	0.027633339166641235	-1.3278622645884752e-08	0.009401543065905571	1.622538547962904e-09	0.1057060956954956	-1.3278622645884752e-08	0.017806850373744965	1.622538547962904e-09	1.622538547962904e-09	4.2857209336943924e-07	1.622538547962904e-09	-7.275957614183426e-12	1.622538547962904e-09	9.999999974752427e-07	1.622538547962904e-09	-1.3278622645884752e-08	9.999999974752427e-07	-1.3278622645884752e-08	0.007519088685512543	1.622538547962904e-09	9.999999974752427e-07	2.255546860396862e-10	0.5330701470375061	0.005072489380836487	5.000001692678779e-07	0.3791336715221405	0.015137098729610443	0.04571789503097534	9.999999974752427e-07	0.47317150235176086	1.622538547962904e-09	0.08930285274982452	0.47317150235176086	0.014180608093738556	0.010177051648497581	9.999999974752427e-07	0.283880352973938	-1.3278622645884752e-08	1.622538547962904e-09	0.009429071098566055	-1.3278622645884752e-08	0.007485575973987579	9.999999974752427e-07	0.2687433063983917	0.3461630940437317	0.011049933731555939	0.012431889772415161	0.21618443727493286	0.059898555278778076	-1.3278622645884752e-08	1.622538547962904e-09	0.2838802933692932	0.030927835032343864	0.04472166299819946	-1.3278622645884752e-08	0.39345017075538635	1.622538547962904e-09	-1.3278622645884752e-08	0.39345014095306396	0.011049933731555939	0.010177051648497581	-1.3278622645884752e-08	0.16346153616905212	0.04000958055257797	0.08930287510156631	-1.3278622645884752e-08	0.010416666977107525	-1.3278622645884752e-08	0.01431649923324585	0.036288827657699585	0.08930285274982452	1.622538547962904e-09	0.0478060245513916	5.000001692678779e-07	0.028037382289767265	1.622538547962904e-09	1.622538547962904e-09	-1.3278622645884752e-08	-1.3278622645884752e-08	1.5000005078036338e-06	1.622538547962904e-09	-1.3278622645884752e-08	9.999999974752427e-07	-1.3278622645884752e-08	1.622538547962904e-09	0.21618443727493286	0.015137098729610443	0.171462744474411	0.21618443727493286	0.39345014095306396	0.3461630940437317	0.05255882441997528	0.005072489380836487	9.999999974752427e-07	0.02286946028470993	0.1714627593755722	1.622538547962904e-09	0.01513710618019104	0.3791336417198181	0.1495407670736313	0.06023794412612915	0.014316491782665253	0.02286946028470993	0.008695651777088642	0.1714627593755722	1.622538547962904e-09	0.010177051648497581	0.012431896291673183	1.622538547962904e-09	5.000001692678779e-07	9.999999974752427e-07	0.00669502466917038	0.007796458899974823	-1.3278622645884752e-08	0.030927835032343864	-1.3278622645884752e-08	0.007485575973987579	-1.3278622645884752e-08	0.02777777798473835	-1.3278622645884752e-08	1.622538547962904e-09	0.008695651777088642	0.3669218420982361	0.04854368790984154	5.000001692678779e-07	0.19233903288841248	1.622538547962904e-09	0.021178677678108215	0.01907866820693016	0.26595741510391235	9.999999974752427e-07	0.0752153992652893	0.2984440326690674	0.01907867193222046	9.999999974752427e-07	0.010416666977107525	0.19233903288841248	0.010324249044060707	0.007624365389347076	1.622538547962904e-09	1.622538547962904e-09	1.622538547962904e-09	9.999999974752427e-07	0.19233901798725128	0.19233904778957367	1.622538547962904e-09	0.026356376707553864	0.16347560286521912	0.04025731980800629	1.622538547962904e-09	1.622538547962904e-09	0.19233901798725128	1.622538547962904e-09	0.015332028269767761	0.0117647061124444	0.24910278618335724	0.01778506115078926	-1.3278622645884752e-08	0.24910278618335724	1.622538547962904e-09	9.999999974752427e-07	1.622538547962904e-09	0.1170303225517273	0.015458554029464722	0.0752154290676117	-1.3278622645884752e-08	0.00909090880304575	-1.3278622645884752e-08	0.009573204442858696	0.02117867022752762	0.0752154216170311	0.018691588193178177	0.015458546578884125	5.000001692678779e-07	0.005539216101169586	1.622538547962904e-09	0.01778506115078926	9.999999974752427e-07	0.02822047472000122	1.5000005078036338e-06	1.622538547962904e-09	9.999999974752427e-07	9.999999974752427e-07	-1.3278622645884752e-08	9.999999974752427e-07	0.16347560286521912	1.622538547962904e-09	0.14051920175552368	0.16347560286521912	0.24910278618335724	0.19233901798725128	0.011078406125307083	0.010101010091602802	0.009573204442858696	0.009177442640066147	0.14051921665668488	0.008695651777088642	1.622538547962904e-09	0.2222222089767456	0.11703035235404968	0.04181492328643799	0.011904762126505375	0.009177440777420998	0.010869565419852734	0.14051920175552368	-1.3278622645884752e-08	0.005539216101169586	0.026356376707553864	1.622538547962904e-09	5.000001692678779e-07	0.009999999776482582	0.01907867006957531	1.622538547962904e-09	0.010324249044060707	9.999999974752427e-07	9.999999974752427e-07	1.622538547962904e-09	9.999999974752427e-07	9.999999974752427e-07	1.622538547962904e-09	-2.4010660126805305e-10	0.012001216411590576	0.43699362874031067	0.05826278030872345	9.999999974752427e-07	0.2679571807384491	9.999999974752427e-07	0.04900258779525757	1.622538547962904e-09	0.3783048391342163	0.009493403136730194	0.06596280634403229	0.3783048391342163	1.622538547962904e-09	9.999999974752427e-07	0.01123595517128706	0.2679571509361267	-2.4010660126805305e-10	1.622538547962904e-09	-1.3278622645884752e-08	1.622538547962904e-09	1.622538547962904e-09	6.666664376098197e-07	0.2545320391654968	0.2679571509361267	0.010989011265337467	1.3333333299669903e-06	0.20756608247756958	0.049002569168806076	1.622538547962904e-09	0.005720056593418121	0.2679571509361267	1.622538547962904e-09	0.01575428992509842	0.010256938636302948	0.3783048391342163	0.01601792871952057	-2.4010660126805305e-10	0.3783048391342163	0.019911106675863266	9.999999974752427e-07	1.622538547962904e-09	0.1568257212638855	0.013005435466766357	0.11561180651187897	0.01815195381641388	6.666664376098197e-07	0.01815195381641388	0.010526316240429878	0.04900252819061279	0.06741572916507721	0.03269492834806442	0.018725495785474777	0.00909090880304575	-2.4010660126805305e-10	1.622538547962904e-09	0.00917431153357029	0.009686285629868507	0.009686283767223358	0.025567827746272087	9.999999974752427e-07	0.043478261679410934	0.01575428992509842	-2.4010660126805305e-10	0.009493403136730194	0.20756609737873077	9.999999974752427e-07	0.15682576596736908	0.20756609737873077	0.3783048391342163	0.2679571211338043	0.030948013067245483	0.025567827746272087	9.999999974752427e-07	9.999999974752427e-07	0.17497771978378296	0.009708737954497337	0.00909090880304575	0.31831997632980347	0.1568257361650467	0.04121395945549011	0.04972796142101288	0.010204081423580647	0.007700018584728241	0.19181180000305176	9.999999974752427e-07	0.011036910116672516	0.022488445043563843	0.016806723549962044	9.999999974752427e-07	0.009615384973585606	1.622538547962904e-09	1.622538547962904e-09	-2.4010660126805305e-10	1.622538547962904e-09	9.999999974752427e-07	1.622538547962904e-09	0.009803921915590763	1.622538547962904e-09	1.622538547962904e-09	1.622538547962904e-09	9.999999974752427e-07	0.3545212745666504	0.02059110254049301	0.010625112801790237	0.21123084425926208	0.02664199471473694	0.0061219483613967896	9.999999974752427e-07	0.3018167018890381	0.006626579910516739	0.02059112675487995	0.3018167018890381	0.018646515905857086	-1.3278622645884752e-08	1.622538547962904e-09	0.1669045239686966	0.015181045979261398	9.999999974752427e-07	1.622538547962904e-09	1.622538547962904e-09	0.010238776914775372	1.622538547962904e-09	0.14026254415512085	0.2112308144569397	-1.3278622645884752e-08	1.622538547962904e-09	0.14026251435279846	0.02476845681667328	1.622538547962904e-09	1.622538547962904e-09	0.2112308144569397	-1.3278622645884752e-08	0.011363636702299118	6.912159733474255e-10	0.23242251574993134	-1.3278622645884752e-08	0.006100691854953766	0.29567742347717285	-1.3278622645884752e-08	-1.3278622645884752e-08	1.622538547962904e-09	0.09294700622558594	1.622538547962904e-09	0.06100180745124817	0.01366463303565979	1.622538547962904e-09	0.007563948631286621	0.011995955370366573	0.0061219483613967896	0.030612245202064514	0.00662657618522644	9.073119144886732e-09	-2.4010660126805305e-10	-1.3278622645884752e-08	-1.3278622645884752e-08	-1.3278622645884752e-08	9.999999974752427e-07	0.027936145663261414	0.010625114664435387	0.027522936463356018	0.007871739566326141	9.999999974752427e-07	1.622538547962904e-09	0.006626579910516739	0.14026251435279846	0.010101010091602802	0.09294699132442474	0.14026251435279846	0.29567742347717285	0.21123076975345612	-1.3278622645884752e-08	0.013964534737169743	0.011995954439043999	0.006121940910816193	0.10661163181066513	1.622538547962904e-09	0.02664199471473694	0.2191026210784912	0.061001840978860855	1.622538547962904e-09	0.013319892808794975	0.006121940910816193	1.622538547962904e-09	0.10661161690950394	9.999999974752427e-07	-1.3278622645884752e-08	1.622538547962904e-09	1.622538547962904e-09	-2.4010660126805305e-10	1.622538547962904e-09	9.999999974752427e-07	1.622538547962904e-09	0.015181045979261398	1.622538547962904e-09	6.912159733474255e-10	0.010238775983452797	0.007871739566326141	0.006139308214187622	1.622538547962904e-09	-7.73070496506989e-12	1.622538547962904e-09	0.36081433296203613	0.07295437157154083	0.008505983278155327	0.2816368341445923	0.009365733712911606	0.02610155940055847	-1.3278622645884752e-08	0.30975285172462463	8.000001798791345e-07	0.07295437157154083	0.30975285172462463	-1.3278622645884752e-08	2.255546860396862e-10	-5.828042048960924e-09	0.22092559933662415	0.024959832429885864	-1.3278622645884752e-08	1.622538547962904e-09	1.622538547962904e-09	-1.3278622645884752e-08	9.999999974752427e-07	0.21155986189842224	0.22092559933662415	2.255546860396862e-10	0.00917431153357029	0.1840570569038391	0.026101592928171158	1.622538547962904e-09	-5.828042048960924e-09	0.22092559933662415	1.622538547962904e-09	-1.3278622645884752e-08	0.008564596995711327	0.29866209626197815	1.622538547962904e-09	9.999999974752427e-07	0.29866212606430054	2.255546860396862e-10	2.255546860396862e-10	1.622538547962904e-09	0.1273503601551056	-5.828042048960924e-09	0.08163265138864517	0.01516491174697876	0.008196720853447914	9.999999974752427e-07	-2.4010660126805305e-10	0.026101574301719666	0.07547169923782349	1.3999997463542968e-06	0.015599853359162807	0.01042632944881916	0.009330726228654385	0.018172089010477066	1.622538547962904e-09	1.622538547962904e-09	0.024959832429885864	0.028257330879569054	9.999999974752427e-07	0.008460655808448792	-1.3278622645884752e-08	9.999999974752427e-07	8.000001798791345e-07	0.14251525700092316	0.009365729987621307	0.1273503601551056	0.14251527190208435	0.29866209626197815	0.2816368341445923	0.00933072715997696	0.05747126415371895	-2.4010660126805305e-10	9.999999974752427e-07	0.14251521229743958	6.000000212225132e-07	0.009365737438201904	0.2900974750518799	0.1273503601551056	0.04308461770415306	-2.4010660126805305e-10	0.009282207116484642	1.622538547962904e-09	0.14251525700092316	9.999999974752427e-07	2.255546860396862e-10	0.027484744787216187	0.017241379246115685	0.009325018152594566	-5.828042048960924e-09	-1.3278622645884752e-08	0.015599831938743591	0.024959828704595566	-2.4010660126805305e-10	9.999999974752427e-07	-1.3278622645884752e-08	0.008460652083158493	0.011090731248259544	1.622538547962904e-09	1.622538547962904e-09	0.016819370910525322
37	-15547.466796875	-1	9	57	76	75	26	89	10	62	48	0	26	84	41	29	91	66	5	0	11	24	14	68	37	85	21	0	0	50	22	3	66	33	67	21	43	7	69	12	0	65	50	77	73	24	43	79	5	42	1	78	57	69	21	34	56	0	70	42	76	31	43	49	25	4	73	63	36	3	21	1	46	80	82	49	14	33	40	77	33	47	9	66	48	69	78	85	57	13	11	50	56	7	32	19	59	7	0	37	47	0.5437127947807312	0.08644906431436539	0.010285336524248123	0.4145510792732239	0.012830331921577454	0.010498285293579102	0.010526316240429878	0.4251323938369751	9.999999974752427e-07	0.08644905686378479	0.44155386090278625	0.06554710865020752	9.999999974752427e-07	9.999999974752427e-07	0.4095746874809265	9.999999974752427e-07	0.005317971110343933	1.622538547962904e-09	1.622538547962904e-09	9.999999974752427e-07	0.02298850566148758	0.39674437046051025	0.4095746576786041	6.666664376098197e-07	0.03314200043678284	0.2897196114063263	0.07604538649320602	1.622538547962904e-09	9.999999974752427e-07	0.4095746576786041	0.0049764662981033325	1.622538547962904e-09	1.622538547962904e-09	0.4145510196685791	0.03333333507180214	-1.3278622645884752e-08	0.42513248324394226	1.3333333299669903e-06	9.999999974752427e-07	1.622538547962904e-09	0.22580645978450775	0.012048192322254181	0.1361638456583023	-1.3278622645884752e-08	9.999999974752427e-07	-1.3278622645884752e-08	1.622538547962904e-09	0.010498279705643654	0.1361638605594635	0.030567780137062073	0.02411612868309021	1.622538547962904e-09	0.008196720853447914	0.010869565419852734	9.999999974752427e-07	0.010526316240429878	0.026113219559192657	0.019338728860020638	-2.4010660126805305e-10	-1.3278622645884752e-08	1.622538547962904e-09	-1.3278622645884752e-08	0.030567795038223267	0.2705919146537781	9.999999974752427e-07	0.26527389883995056	0.2705919146537781	0.4251324534416199	0.40957462787628174	0.030927833169698715	0.05588129162788391	1.622538547962904e-09	0.010498277842998505	0.2652738690376282	-1.3278622645884752e-08	0.012830331921577454	0.4145510792732239	0.22250455617904663	0.08634074777364731	1.622538547962904e-09	0.010498279705643654	1.622538547962904e-09	0.26527389883995056	0.036036036908626556	0.009900989942252636	0.062224678695201874	0.029082641005516052	0.009053405374288559	9.999999974752427e-07	0.012195121496915817	9.999999974752427e-07	0.008547008968889713	-1.3278622645884752e-08	1.622538547962904e-09	9.999999974752427e-07	-1.3278622645884752e-08	-1.3278622645884752e-08	1.622538547962904e-09	6.666664376098197e-07	1.622538547962904e-09	0.4231007397174835	0.04496558755636215	0.010405869223177433	0.2722354531288147	0.010044899769127369	0.021052632480859756	9.999999974752427e-07	0.31625208258628845	0.018691588193178177	0.05226296931505203	0.31625211238861084	0.01785714365541935	0.010989011265337467	1.622538547962904e-09	0.2722354531288147	9.999999974752427e-07	1.622538547962904e-09	0.019417475908994675	1.622538547962904e-09	9.999999974752427e-07	6.666664376098197e-07	0.2291666716337204	0.2722354531288147	9.999999974752427e-07	1.3333333299669903e-06	0.1819043606519699	0.09699182957410812	1.622538547962904e-09	0.0078512541949749	0.2722354531288147	1.622538547962904e-09	1.622538547962904e-09	0.010638297535479069	0.31625205278396606	9.999999974752427e-07	-7.275957614183426e-12	0.31625205278396606	0.010526316240429878	0.009009009227156639	1.622538547962904e-09	0.10256187617778778	1.622538547962904e-09	0.0606570690870285	0.008510754443705082	6.666664376098197e-07	-7.275957614183426e-12	9.999999974752427e-07	1.3999997463542968e-06	0.05226297304034233	0.034559715539216995	0.022432174533605576	2.255546860396862e-10	9.999999974752427e-07	9.999999974752427e-07	9.999999974752427e-07	0.008264463394880295	0.009856700897216797	0.010405868291854858	0.008394084870815277	1.622538547962904e-09	1.622538547962904e-09	0.008510754443705082	0.034559715539216995	0.18190431594848633	0.010044899769127369	0.11764705926179886	0.18190434575080872	0.31625205278396606	0.2722354531288147	0.042105261236429214	0.010405870154500008	9.999999974752427e-07	8.000001798791345e-07	0.18190434575080872	1.622538547962904e-09	0.010044898837804794	0.2722354531288147	0.10256189107894897	0.04190482199192047	9.999999974752427e-07	8.000001798791345e-07	0.00729738175868988	0.18190434575080872	1.622538547962904e-09	0.016949152573943138	0.01947261206805706	9.999999974752427e-07	2.255546860396862e-10	1.622538547962904e-09	0.011627906933426857	0.014580924063920975	9.999999974752427e-07	1.622538547962904e-09	9.999999974752427e-07	9.999999974752427e-07	1.622538547962904e-09	1.622538547962904e-09	1.622538547962904e-09	9.999999974752427e-07	6.000000212225132e-07	0.449466347694397	0.08000115305185318	9.999999974752427e-07	0.33304834365844727	-1.3278622645884752e-08	0.03483247756958008	9.999999974752427e-07	0.386263370513916	0.009220771491527557	0.08756303787231445	0.386263370513916	0.01332206092774868	-1.3278622645884752e-08	9.999999974752427e-07	0.294791579246521	9.999999974752427e-07	0.029411764815449715	9.999999974752427e-07	-1.3278622645884752e-08	0.008118398487567902	0.010526316240429878	0.2947916090488434	0.2947916090488434	-1.3278622645884752e-08	0.01075268816202879	0.294791579246521	0.04815460741519928	-1.3278622645884752e-08	0.02777777798473835	0.2947916090488434	0.019186578691005707	9.999999974752427e-07	0.008000500500202179	0.38626328110694885	-1.3278622645884752e-08	1.622538547962904e-09	0.38626334071159363	-1.3278622645884752e-08	-1.3278622645884752e-08	-1.3278622645884752e-08	0.1528805047273636	9.999999974752427e-07	0.08756301552057266	0.009048528037965298	9.999999974752427e-07	1.622538547962904e-09	0.009131006896495819	0.02860131859779358	0.08756303787231445	0.009220770560204983	0.04123711213469505	9.999999974752427e-07	-1.3278622645884752e-08	-1.3278622645884752e-08	-1.3278622645884752e-08	0.008003756403923035	0.01504833996295929	0.029999999329447746	1.622538547962904e-09	0.00909090880304575	9.999999974752427e-07	0.009048528969287872	0.009220771491527557	0.294791579246521	-1.3278622645884752e-08	0.15288051962852478	0.2499999850988388	0.38626334071159363	0.31386178731918335	-1.3278622645884752e-08	0.032608695328235626	0.009130999445915222	9.999999974752427e-07	0.16192904114723206	-2.4010660126805305e-10	-1.3278622645884752e-08	0.36913183331489563	0.1528804898262024	0.06531748175621033	0.009131021797657013	0.028601333498954773	0.00756189227104187	0.16814157366752625	1.622538547962904e-09	-1.3278622645884752e-08	0.021052632480859756	0.009900989942252636	0.027272727340459824	9.999999974752427e-07	0.005203664302825928	0.008620689623057842	0.007044583559036255	-1.3278622645884752e-08	0.008000500500202179	0.008118398487567902	9.999999974752427e-07	-1.3278622645884752e-08	-1.3278622645884752e-08	-1.3278622645884752e-08	1.622538547962904e-09	0.4417252242565155	0.024390242993831635	9.999999974752427e-07	0.30527326464653015	0.010416666977107525	0.014637134969234467	9.999999974752427e-07	0.3760969042778015	9.999999974752427e-07	0.04878048598766327	0.3760969042778015	0.05099133402109146	9.999999974752427e-07	0.008882244117558002	0.30527329444885254	1.622538547962904e-09	1.622538547962904e-09	1.622538547962904e-09	1.622538547962904e-09	0.030414395034313202	0.012048192322254181	0.29318323731422424	0.30527329444885254	6.666664376098197e-07	0.017391303554177284	0.2670987844467163	0.06562843918800354	1.622538547962904e-09	0.010416666977107525	0.30527329444885254	1.622538547962904e-09	1.622538547962904e-09	1.622538547962904e-09	0.30527329444885254	1.622538547962904e-09	0.010526316240429878	0.3760969042778015	1.3333333299669903e-06	9.999999974752427e-07	1.622538547962904e-09	0.14387741684913635	0.025641024112701416	0.07431011646986008	0.032608695328235626	9.999999974752427e-07	0.009615384973585606	1.622538547962904e-09	0.014637134969234467	0.07431010156869888	0.010309278033673763	0.04452749714255333	0.009433962404727936	9.999999974752427e-07	1.622538547962904e-09	1.622538547962904e-09	1.622538547962904e-09	1.622538547962904e-09	0.009569531306624413	1.622538547962904e-09	1.622538547962904e-09	1.622538547962904e-09	0.01123595517128706	9.999999974752427e-07	0.20471768081188202	9.999999974752427e-07	0.14387744665145874	0.2047176957130432	0.3052733242511749	0.30527329444885254	0.026084452867507935	0.009569531306624413	1.622538547962904e-09	0.010101010091602802	0.204717755317688	0.010204081423580647	0.010989011265337467	0.30527329444885254	0.14387741684913635	0.06956726312637329	1.622538547962904e-09	0.01463712751865387	9.999999974752427e-07	0.20471777021884918	0.009803921915590763	9.999999974752427e-07	0.02503982186317444	9.999999974752427e-07	9.999999974752427e-07	0.008882243186235428	0.020576931536197662	9.999999974752427e-07	1.622538547962904e-09	1.622538547962904e-09	1.622538547962904e-09	9.999999974752427e-07	1.622538547962904e-09	1.622538547962904e-09	1.622538547962904e-09	6.666664376098197e-07	1.622538547962904e-09	0.3537144362926483	0.026411600410938263	4.2857209336943924e-07	0.20192480087280273	1.622538547962904e-09	0.027027027681469917	-7.275957614183426e-12	0.28152182698249817	1.622538547962904e-09	0.026411622762680054	0.2815217971801758	0.010256588459014893	9.999999974752427e-07	1.622538547962904e-09	0.20192475616931915	9.999999974752427e-07	1.622538547962904e-09	9.999999974752427e-07	1.622538547962904e-09	0.010256589390337467	1.622538547962904e-09	0.20192474126815796	0.20192474126815796	1.622538547962904e-09	1.622538547962904e-09	0.1624656468629837	0.05873368680477142	1.622538547962904e-09	0.027633339166641235	0.20192474126815796	-1.3278622645884752e-08	1.622538547962904e-09	-1.3278622645884752e-08	0.2019248753786087	0.008206713944673538	9.999999974752427e-07	0.2740027904510498	1.622538547962904e-09	9.999999974752427e-07	1.622538547962904e-09	0.05703481286764145	1.622538547962904e-09	0.02641153335571289	0.03179077059030533	1.622538547962904e-09	9.999999974752427e-07	-1.3278622645884752e-08	0.009401541203260422	0.026411622762680054	0.009916093200445175	0.027633339166641235	4.2857209336943924e-07	1.622538547962904e-09	0.013445645570755005	0.008206715807318687	9.999999974752427e-07	0.013458997011184692	1.2857158253609668e-06	-1.3278622645884752e-08	-1.3278622645884752e-08	1.622538547962904e-09	9.999999974752427e-07	1.622538547962904e-09	0.1624656319618225	1.622538547962904e-09	0.05703481659293175	0.10570608824491501	0.2626262605190277	0.20192474126815796	0.017806870862841606	1.2857121873821598e-06	-1.3278622645884752e-08	9.999999974752427e-07	0.08882559835910797	0.009916089475154877	1.622538547962904e-09	0.20192483067512512	0.05404491350054741	0.027633339166641235	-1.3278622645884752e-08	0.009401543065905571	1.622538547962904e-09	0.1057060956954956	-1.3278622645884752e-08	0.017806872725486755	1.622538547962904e-09	1.622538547962904e-09	4.2857209336943924e-07	1.622538547962904e-09	-7.275957614183426e-12	1.622538547962904e-09	9.999999974752427e-07	1.622538547962904e-09	-1.3278622645884752e-08	9.999999974752427e-07	-1.3278622645884752e-08	0.007519088685512543	1.622538547962904e-09	1.622538547962904e-09	2.255546860396862e-10	0.5330701470375061	0.005072489380836487	5.000001692678779e-07	0.3791336715221405	0.01513708382844925	0.04571791738271713	9.999999974752427e-07	0.4731714725494385	1.622538547962904e-09	0.08930285274982452	0.4731714725494385	0.014180630445480347	0.010177051648497581	9.999999974752427e-07	0.283880352973938	-1.3278622645884752e-08	1.622538547962904e-09	0.009429080411791801	-1.3278622645884752e-08	0.007485575973987579	9.999999974752427e-07	0.26874327659606934	0.3461630940437317	0.011049933731555939	0.012431889772415161	0.21618446707725525	0.05989854037761688	-1.3278622645884752e-08	1.622538547962904e-09	0.2838803231716156	0.030927835032343864	0.04472162574529648	-1.3278622645884752e-08	0.39345017075538635	1.622538547962904e-09	-1.3278622645884752e-08	0.39345014095306396	0.011049933731555939	0.010177051648497581	-1.3278622645884752e-08	0.16346153616905212	0.04000958055257797	0.08930287510156631	-1.3278622645884752e-08	0.010416666977107525	-1.3278622645884752e-08	0.01431649923324585	0.03628883510828018	0.08930285274982452	1.622538547962904e-09	0.0478060245513916	5.000001692678779e-07	0.028037382289767265	1.622538547962904e-09	1.622538547962904e-09	-1.3278622645884752e-08	-1.3278622645884752e-08	1.5000005078036338e-06	1.622538547962904e-09	-1.3278622645884752e-08	9.999999974752427e-07	-1.3278622645884752e-08	1.622538547962904e-09	0.21618442237377167	0.01513708382844925	0.17146271467208862	0.21618440747261047	0.3934501111507416	0.3461630940437317	0.05255879461765289	0.005072489380836487	9.999999974752427e-07	0.02286946028470993	0.17146272957324982	1.622538547962904e-09	0.01513708382844925	0.3791336417198181	0.1495407670736313	0.06023794412612915	0.014316491782665253	0.02286946028470993	0.008695651777088642	0.1714627742767334	1.622538547962904e-09	0.010177051648497581	0.012431896291673183	1.622538547962904e-09	5.000001692678779e-07	9.999999974752427e-07	0.0066950321197509766	0.007796458899974823	-1.3278622645884752e-08	0.030927835032343864	-1.3278622645884752e-08	0.007485579699277878	-1.3278622645884752e-08	0.02777777798473835	-1.3278622645884752e-08	-7.275957614183426e-12	0.008695651777088642	0.36692187190055847	0.04854368790984154	5.000001692678779e-07	0.19233904778957367	1.622538547962904e-09	0.021178647875785828	0.01907866820693016	0.26595741510391235	9.999999974752427e-07	0.0752153992652893	0.2984440326690674	0.01907867193222046	9.999999974752427e-07	0.010416666977107525	0.19233904778957367	0.010324249044060707	0.007624365389347076	1.622538547962904e-09	1.622538547962904e-09	1.622538547962904e-09	9.999999974752427e-07	0.19233901798725128	0.19233901798725128	1.622538547962904e-09	0.026356376707553864	0.16347560286521912	0.04025731980800629	1.622538547962904e-09	1.622538547962904e-09	0.19233904778957367	1.622538547962904e-09	0.015332028269767761	0.0117647061124444	0.24910278618335724	0.01778503879904747	-1.3278622645884752e-08	0.24910280108451843	1.622538547962904e-09	9.999999974752427e-07	1.622538547962904e-09	0.1170303225517273	0.015458554029464722	0.0752154290676117	-1.3278622645884752e-08	0.00909090880304575	-1.3278622645884752e-08	0.009573204442858696	0.021178655326366425	0.0752154216170311	0.018691588193178177	0.015458546578884125	5.000001692678779e-07	0.005539193749427795	1.622538547962904e-09	0.01778503879904747	9.999999974752427e-07	0.02822045236825943	1.5000005078036338e-06	1.622538547962904e-09	9.999999974752427e-07	9.999999974752427e-07	-1.3278622645884752e-08	9.999999974752427e-07	0.16347555816173553	1.622538547962904e-09	0.14051920175552368	0.16347557306289673	0.24910277128219604	0.19233903288841248	0.01107839122414589	0.010101010091602802	0.009573204442858696	0.009177442640066147	0.1405191868543625	0.008695651777088642	1.622538547962904e-09	0.2222222089767456	0.11703035235404968	0.04181492328643799	0.011904762126505375	0.009177440777420998	0.010869565419852734	0.14051923155784607	-1.3278622645884752e-08	0.005539193749427795	0.026356376707553864	1.622538547962904e-09	5.000001692678779e-07	0.009999999776482582	0.01907866634428501	1.622538547962904e-09	0.010324249044060707	9.999999974752427e-07	9.999999974752427e-07	1.622538547962904e-09	9.999999974752427e-07	9.999999974752427e-07	1.622538547962904e-09	1.622538547962904e-09	0.012001216411590576	0.43699371814727783	0.05826278030872345	9.999999974752427e-07	0.2679571807384491	9.999999974752427e-07	0.04900254309177399	1.622538547962904e-09	0.3783048689365387	0.009493403136730194	0.06596280634403229	0.3783048391342163	1.622538547962904e-09	9.999999974752427e-07	0.01123595517128706	0.2679571509361267	-2.4010660126805305e-10	1.622538547962904e-09	-1.3278622645884752e-08	1.622538547962904e-09	1.622538547962904e-09	6.666664376098197e-07	0.2545320391654968	0.2679571509361267	0.010989011265337467	1.3333333299669903e-06	0.20756608247756958	0.04900255426764488	1.622538547962904e-09	0.005720056593418121	0.2679571509361267	1.622538547962904e-09	0.01575428992509842	0.010256931185722351	0.3783048391342163	0.01601792871952057	-2.4010660126805305e-10	0.3783048689365387	0.019911106675863266	9.999999974752427e-07	1.622538547962904e-09	0.1568257212638855	0.013005435466766357	0.11561180651187897	0.01815195381641388	6.666664376098197e-07	0.01815195381641388	0.010526316240429878	0.04900252819061279	0.06741572916507721	0.03269492834806442	0.018725495785474777	0.00909090880304575	-2.4010660126805305e-10	1.622538547962904e-09	0.00917431153357029	0.009686267003417015	0.009686268866062164	0.025567827746272087	9.999999974752427e-07	0.043478261679410934	0.01575428992509842	-2.4010660126805305e-10	0.009493403136730194	0.20756609737873077	9.999999974752427e-07	0.15682576596736908	0.20756609737873077	0.3783048689365387	0.2679571211338043	0.030948013067245483	0.025567827746272087	9.999999974752427e-07	9.999999974752427e-07	0.17497771978378296	0.009708737954497337	0.00909090880304575	0.31832000613212585	0.1568257361650467	0.04121395945549011	0.04972795397043228	0.010204081423580647	0.007700018584728241	0.19181180000305176	9.999999974752427e-07	0.011036910116672516	0.022488445043563843	0.016806723549962044	9.999999974752427e-07	0.009615384973585606	1.622538547962904e-09	1.622538547962904e-09	-2.4010660126805305e-10	1.622538547962904e-09	9.999999974752427e-07	1.622538547962904e-09	0.009803921915590763	1.622538547962904e-09	1.622538547962904e-09	9.999999974752427e-07	9.999999974752427e-07	0.3545212745666504	0.02059110254049301	0.010625112801790237	0.21123085916042328	0.026641961187124252	0.0061219483613967896	9.999999974752427e-07	0.3018167018890381	0.006626579910516739	0.02059112675487995	0.3018167018890381	0.018646515905857086	-1.3278622645884752e-08	1.622538547962904e-09	0.16690456867218018	0.015181045979261398	9.999999974752427e-07	1.622538547962904e-09	1.622538547962904e-09	0.010238776914775372	1.622538547962904e-09	0.14026251435279846	0.2112308144569397	-1.3278622645884752e-08	1.622538547962904e-09	0.14026251435279846	0.02476845681667328	1.622538547962904e-09	1.622538547962904e-09	0.2112308144569397	-1.3278622645884752e-08	0.011363636702299118	6.912159733474255e-10	0.23242251574993134	-1.3278622645884752e-08	0.006100691854953766	0.29567742347717285	-1.3278622645884752e-08	-1.3278622645884752e-08	1.622538547962904e-09	0.09294700622558594	1.622538547962904e-09	0.06100180745124817	0.01366463303565979	1.622538547962904e-09	0.007563948631286621	0.011995955370366573	0.0061219483613967896	0.030612245202064514	0.00662657618522644	9.073119144886732e-09	-2.4010660126805305e-10	-1.3278622645884752e-08	-1.3278622645884752e-08	-1.3278622645884752e-08	9.999999974752427e-07	0.027936145663261414	0.010625114664435387	0.027522936463356018	0.007871747016906738	9.999999974752427e-07	1.622538547962904e-09	0.006626579910516739	0.14026251435279846	0.010101010091602802	0.09294699132442474	0.14026251435279846	0.29567742347717285	0.21123076975345612	-1.3278622645884752e-08	0.013964534737169743	0.011995954439043999	0.006121940910816193	0.10661163181066513	1.622538547962904e-09	0.026641961187124252	0.2191026359796524	0.061001840978860855	1.622538547962904e-09	0.013319900259375572	0.006121940910816193	1.622538547962904e-09	0.10661161690950394	9.999999974752427e-07	-1.3278622645884752e-08	1.622538547962904e-09	1.622538547962904e-09	-2.4010660126805305e-10	1.622538547962904e-09	9.999999974752427e-07	1.622538547962904e-09	0.015181045979261398	1.622538547962904e-09	6.912159733474255e-10	0.010238775983452797	0.007871747016906738	0.006139293313026428	1.622538547962904e-09	-1.3278622645884752e-08	1.622538547962904e-09	0.36081433296203613	0.07295437157154083	0.008505983278155327	0.2816368341445923	0.009365741163492203	0.026101604104042053	-1.3278622645884752e-08	0.309752881526947	8.000001798791345e-07	0.07295437157154083	0.3097529113292694	-1.3278622645884752e-08	2.255546860396862e-10	-5.828042048960924e-09	0.22092556953430176	0.024959862232208252	-1.3278622645884752e-08	1.622538547962904e-09	1.622538547962904e-09	-1.3278622645884752e-08	9.999999974752427e-07	0.21155986189842224	0.22092561423778534	2.255546860396862e-10	0.00917431153357029	0.1840570569038391	0.026101619005203247	1.622538547962904e-09	-5.828042048960924e-09	0.22092558443546295	1.622538547962904e-09	-1.3278622645884752e-08	0.008564608171582222	0.2986621558666229	1.622538547962904e-09	9.999999974752427e-07	0.2986621558666229	2.255546860396862e-10	2.255546860396862e-10	1.622538547962904e-09	0.1273503601551056	-5.828042048960924e-09	0.08163265138864517	0.01516491174697876	0.008196720853447914	9.999999974752427e-07	-2.4010660126805305e-10	0.02610160782933235	0.07547169923782349	1.3999997463542968e-06	0.015599853359162807	0.01042632944881916	0.009330736473202705	0.01817210391163826	1.622538547962904e-09	1.622538547962904e-09	0.024959862232208252	0.028257330879569054	9.999999974752427e-07	0.008460648357868195	-1.3278622645884752e-08	9.999999974752427e-07	8.000001798791345e-07	0.14251525700092316	0.009365737438201904	0.1273503601551056	0.14251527190208435	0.29866212606430054	0.2816368341445923	0.009330738335847855	0.05747126415371895	-2.4010660126805305e-10	9.999999974752427e-07	0.14251521229743958	6.000000212225132e-07	0.009365737438201904	0.29009753465652466	0.1273503601551056	0.04308461770415306	-2.4010660126805305e-10	0.009282223880290985	1.622538547962904e-09	0.14251525700092316	9.999999974752427e-07	2.255546860396862e-10	0.027484744787216187	0.017241379246115685	0.009325018152594566	-5.828042048960924e-09	-1.3278622645884752e-08	0.015599831938743591	0.024959854781627655	-2.4010660126805305e-10	9.999999974752427e-07	-1.3278622645884752e-08	0.008460644632577896	0.011090753600001335	1.622538547962904e-09	2.255546860396862e-10	0.016819387674331665
38	-15547.466796875	-1	9	57	76	75	26	89	10	62	48	0	26	84	41	29	91	66	5	0	11	24	14	68	37	85	21	0	0	50	22	3	66	33	67	21	43	7	69	12	0	65	50	77	73	24	43	79	5	42	1	78	57	69	21	34	56	0	70	42	76	31	43	49	25	4	73	63	36	3	21	1	46	80	82	49	14	33	40	77	33	47	9	66	48	69	78	85	57	13	11	50	56	7	32	19	59	7	0	38	47	0.5437127947807312	0.08644906431436539	0.010285336524248123	0.4145510792732239	0.012830331921577454	0.010498285293579102	0.010526316240429878	0.4251323938369751	9.999999974752427e-07	0.08644905686378479	0.44155386090278625	0.06554710865020752	9.999999974752427e-07	9.999999974752427e-07	0.4095746874809265	9.999999974752427e-07	0.005317971110343933	1.622538547962904e-09	1.622538547962904e-09	9.999999974752427e-07	0.02298850566148758	0.39674437046051025	0.4095746576786041	9.999999974752427e-07	0.03314200043678284	0.2897196114063263	0.07604538649320602	1.622538547962904e-09	9.999999974752427e-07	0.4095746576786041	0.0049764662981033325	1.622538547962904e-09	1.622538547962904e-09	0.4145510196685791	0.03333333507180214	-1.3278622645884752e-08	0.42513248324394226	9.999999974752427e-07	9.999999974752427e-07	1.622538547962904e-09	0.22580645978450775	0.012048192322254181	0.1361638456583023	-1.3278622645884752e-08	9.999999974752427e-07	-1.3278622645884752e-08	1.622538547962904e-09	0.010498279705643654	0.1361638605594635	0.030567780137062073	0.02411612868309021	1.622538547962904e-09	0.008196720853447914	0.010869565419852734	9.999999974752427e-07	0.010526316240429878	0.026113219559192657	0.019338728860020638	-2.4010660126805305e-10	-1.3278622645884752e-08	1.622538547962904e-09	-1.3278622645884752e-08	0.030567795038223267	0.2705919146537781	9.999999974752427e-07	0.26527389883995056	0.2705919146537781	0.4251324534416199	0.40957462787628174	0.030927833169698715	0.05588129162788391	1.622538547962904e-09	0.010498277842998505	0.2652738690376282	-1.3278622645884752e-08	0.012830331921577454	0.4145510792732239	0.22250455617904663	0.08634074777364731	1.622538547962904e-09	0.010498279705643654	1.622538547962904e-09	0.26527389883995056	0.036036036908626556	0.009900989942252636	0.062224678695201874	0.029082641005516052	0.009053405374288559	9.999999974752427e-07	0.012195121496915817	9.999999974752427e-07	0.008547008968889713	-1.3278622645884752e-08	1.622538547962904e-09	9.999999974752427e-07	-1.3278622645884752e-08	-1.3278622645884752e-08	1.622538547962904e-09	9.999999974752427e-07	1.622538547962904e-09	0.4231007397174835	0.04496558755636215	0.010405869223177433	0.2722354531288147	0.010044899769127369	0.021052632480859756	9.999999974752427e-07	0.31625208258628845	0.018691588193178177	0.05226296931505203	0.31625211238861084	0.01785714365541935	0.010989011265337467	1.622538547962904e-09	0.2722354531288147	9.999999974752427e-07	1.622538547962904e-09	0.019417475908994675	1.622538547962904e-09	9.999999974752427e-07	6.666664376098197e-07	0.2291666716337204	0.2722354531288147	9.999999974752427e-07	1.3333333299669903e-06	0.1819043606519699	0.09699182957410812	1.622538547962904e-09	0.0078512541949749	0.2722354531288147	1.622538547962904e-09	1.622538547962904e-09	0.010638297535479069	0.31625205278396606	9.999999974752427e-07	-7.275957614183426e-12	0.31625205278396606	0.010526316240429878	0.009009009227156639	1.622538547962904e-09	0.10256187617778778	1.622538547962904e-09	0.0606570690870285	0.008510754443705082	6.666664376098197e-07	-7.275957614183426e-12	9.999999974752427e-07	1.3999997463542968e-06	0.05226297304034233	0.034559715539216995	0.022432174533605576	2.255546860396862e-10	9.999999974752427e-07	9.999999974752427e-07	9.999999974752427e-07	0.008264463394880295	0.009856700897216797	0.010405868291854858	0.008394084870815277	1.622538547962904e-09	1.622538547962904e-09	0.008510754443705082	0.034559715539216995	0.18190431594848633	0.010044899769127369	0.11764705926179886	0.18190434575080872	0.31625205278396606	0.2722354531288147	0.042105261236429214	0.010405870154500008	9.999999974752427e-07	8.000001798791345e-07	0.18190434575080872	1.622538547962904e-09	0.010044898837804794	0.2722354531288147	0.10256189107894897	0.04190482199192047	9.999999974752427e-07	8.000001798791345e-07	0.00729738175868988	0.18190434575080872	1.622538547962904e-09	0.016949152573943138	0.01947261206805706	9.999999974752427e-07	2.255546860396862e-10	1.622538547962904e-09	0.011627906933426857	0.014580924063920975	9.999999974752427e-07	1.622538547962904e-09	9.999999974752427e-07	9.999999974752427e-07	1.622538547962904e-09	1.622538547962904e-09	1.622538547962904e-09	9.999999974752427e-07	6.000000212225132e-07	0.449466347694397	0.08000115305185318	9.999999974752427e-07	0.33304834365844727	-1.3278622645884752e-08	0.03483247756958008	9.999999974752427e-07	0.386263370513916	0.009220771491527557	0.08756303787231445	0.386263370513916	0.01332206092774868	-1.3278622645884752e-08	9.999999974752427e-07	0.294791579246521	9.999999974752427e-07	0.029411764815449715	9.999999974752427e-07	-1.3278622645884752e-08	0.008118398487567902	0.010526316240429878	0.29479163885116577	0.2947915494441986	-1.3278622645884752e-08	0.01075268816202879	0.294791579246521	0.04815460741519928	-1.3278622645884752e-08	0.02777777798473835	0.294791579246521	0.019186578691005707	9.999999974752427e-07	0.008000500500202179	0.38626328110694885	-1.3278622645884752e-08	1.622538547962904e-09	0.38626334071159363	-1.3278622645884752e-08	-1.3278622645884752e-08	-1.3278622645884752e-08	0.1528805047273636	9.999999974752427e-07	0.08756301552057266	0.009048528037965298	9.999999974752427e-07	1.622538547962904e-09	0.009131006896495819	0.02860131859779358	0.08756303787231445	0.009220770560204983	0.04123711213469505	9.999999974752427e-07	-1.3278622645884752e-08	-1.3278622645884752e-08	-1.3278622645884752e-08	0.008003756403923035	0.01504833996295929	0.029999999329447746	1.622538547962904e-09	0.00909090880304575	9.999999974752427e-07	0.009048528969287872	0.009220771491527557	0.294791579246521	-1.3278622645884752e-08	0.15288051962852478	0.2499999850988388	0.38626334071159363	0.31386178731918335	-1.3278622645884752e-08	0.032608695328235626	0.009130999445915222	9.999999974752427e-07	0.16192904114723206	-2.4010660126805305e-10	-1.3278622645884752e-08	0.36913183331489563	0.1528804898262024	0.06531748175621033	0.009131021797657013	0.028601333498954773	0.00756189227104187	0.16814157366752625	1.622538547962904e-09	-1.3278622645884752e-08	0.021052632480859756	0.009900989942252636	0.027272727340459824	9.999999974752427e-07	0.005203664302825928	0.008620689623057842	0.007044583559036255	-1.3278622645884752e-08	0.008000500500202179	0.008118398487567902	9.999999974752427e-07	-1.3278622645884752e-08	-1.3278622645884752e-08	-1.3278622645884752e-08	1.622538547962904e-09	0.4417252242565155	0.024390242993831635	9.999999974752427e-07	0.30527326464653015	0.010416666977107525	0.014637134969234467	9.999999974752427e-07	0.3760969042778015	9.999999974752427e-07	0.04878048598766327	0.3760969042778015	0.05099133402109146	9.999999974752427e-07	0.008882244117558002	0.30527329444885254	1.622538547962904e-09	1.622538547962904e-09	1.622538547962904e-09	1.622538547962904e-09	0.030414395034313202	0.012048192322254181	0.29318323731422424	0.30527329444885254	9.999999974752427e-07	0.017391303554177284	0.2670987844467163	0.06562843918800354	1.622538547962904e-09	0.010416666977107525	0.30527329444885254	1.622538547962904e-09	1.622538547962904e-09	1.622538547962904e-09	0.30527329444885254	1.622538547962904e-09	0.010526316240429878	0.3760969042778015	9.999999974752427e-07	9.999999974752427e-07	1.622538547962904e-09	0.14387741684913635	0.025641024112701416	0.07431011646986008	0.032608695328235626	9.999999974752427e-07	0.009615384973585606	1.622538547962904e-09	0.014637134969234467	0.07431010156869888	0.010309278033673763	0.04452749714255333	0.009433962404727936	9.999999974752427e-07	1.622538547962904e-09	1.622538547962904e-09	1.622538547962904e-09	1.622538547962904e-09	0.009569531306624413	1.622538547962904e-09	1.622538547962904e-09	1.622538547962904e-09	0.01123595517128706	9.999999974752427e-07	0.20471768081188202	9.999999974752427e-07	0.14387744665145874	0.2047176957130432	0.3052733242511749	0.30527329444885254	0.026084452867507935	0.009569531306624413	1.622538547962904e-09	0.010101010091602802	0.204717755317688	0.010204081423580647	0.010989011265337467	0.30527329444885254	0.14387741684913635	0.06956726312637329	1.622538547962904e-09	0.01463712751865387	9.999999974752427e-07	0.20471777021884918	0.009803921915590763	9.999999974752427e-07	0.02503982186317444	9.999999974752427e-07	9.999999974752427e-07	0.008882243186235428	0.020576931536197662	9.999999974752427e-07	1.622538547962904e-09	1.622538547962904e-09	1.622538547962904e-09	9.999999974752427e-07	1.622538547962904e-09	1.622538547962904e-09	1.622538547962904e-09	9.999999974752427e-07	1.622538547962904e-09	0.3537144362926483	0.026411600410938263	4.2857209336943924e-07	0.20192477107048035	1.622538547962904e-09	0.027027027681469917	-7.275957614183426e-12	0.28152182698249817	1.622538547962904e-09	0.026411622762680054	0.2815217971801758	0.010256588459014893	9.999999974752427e-07	1.622538547962904e-09	0.20192477107048035	9.999999974752427e-07	1.622538547962904e-09	9.999999974752427e-07	1.622538547962904e-09	0.010256589390337467	1.622538547962904e-09	0.20192474126815796	0.20192478597164154	1.622538547962904e-09	1.622538547962904e-09	0.16246558725833893	0.05873368680477142	1.622538547962904e-09	0.027633339166641235	0.20192477107048035	-1.3278622645884752e-08	1.622538547962904e-09	-1.3278622645884752e-08	0.20192483067512512	0.008206691592931747	9.999999974752427e-07	0.2740027904510498	1.622538547962904e-09	9.999999974752427e-07	1.622538547962904e-09	0.05703481286764145	1.622538547962904e-09	0.02641153335571289	0.03179077059030533	1.622538547962904e-09	9.999999974752427e-07	-1.3278622645884752e-08	0.009401541203260422	0.026411622762680054	0.009916093200445175	0.027633339166641235	4.2857209336943924e-07	1.622538547962904e-09	0.013445600867271423	0.008206691592931747	9.999999974752427e-07	0.013458997011184692	1.2857158253609668e-06	-1.3278622645884752e-08	-1.3278622645884752e-08	1.622538547962904e-09	9.999999974752427e-07	1.622538547962904e-09	0.16246557235717773	1.622538547962904e-09	0.05703481659293175	0.10570608824491501	0.2626262605190277	0.20192477107048035	0.01780684106051922	1.2857121873821598e-06	-1.3278622645884752e-08	9.999999974752427e-07	0.08882559835910797	0.009916089475154877	1.622538547962904e-09	0.20192478597164154	0.05404491350054741	0.027633339166641235	-1.3278622645884752e-08	0.009401543065905571	1.622538547962904e-09	0.1057060956954956	-1.3278622645884752e-08	0.017806850373744965	1.622538547962904e-09	1.622538547962904e-09	4.2857209336943924e-07	1.622538547962904e-09	-7.275957614183426e-12	1.622538547962904e-09	9.999999974752427e-07	1.622538547962904e-09	-1.3278622645884752e-08	9.999999974752427e-07	-1.3278622645884752e-08	0.007519088685512543	1.622538547962904e-09	9.999999974752427e-07	2.255546860396862e-10	0.5330701470375061	0.005072489380836487	5.000001692678779e-07	0.3791336119174957	0.015137098729610443	0.04571789503097534	9.999999974752427e-07	0.47317150235176086	1.622538547962904e-09	0.08930285274982452	0.47317150235176086	0.014180606231093407	0.010177051648497581	9.999999974752427e-07	0.283880352973938	-1.3278622645884752e-08	1.622538547962904e-09	0.009429067373275757	-1.3278622645884752e-08	0.007485583424568176	9.999999974752427e-07	0.2687433063983917	0.3461630940437317	0.011049933731555939	0.012431889772415161	0.21618443727493286	0.059898555278778076	-1.3278622645884752e-08	1.622538547962904e-09	0.2838802933692932	0.030927835032343864	0.04472166299819946	-1.3278622645884752e-08	0.39345017075538635	1.622538547962904e-09	-1.3278622645884752e-08	0.39345014095306396	0.011049933731555939	0.010177051648497581	-1.3278622645884752e-08	0.16346153616905212	0.04000958055257797	0.08930287510156631	-1.3278622645884752e-08	0.010416666977107525	-1.3278622645884752e-08	0.014316469430923462	0.036288827657699585	0.08930285274982452	1.622538547962904e-09	0.0478060245513916	5.000001692678779e-07	0.028037382289767265	1.622538547962904e-09	1.622538547962904e-09	-1.3278622645884752e-08	-1.3278622645884752e-08	1.5000005078036338e-06	1.622538547962904e-09	-1.3278622645884752e-08	9.999999974752427e-07	-1.3278622645884752e-08	1.622538547962904e-09	0.21618443727493286	0.015137098729610443	0.171462744474411	0.21618443727493286	0.39345014095306396	0.3461630940437317	0.05255882441997528	0.005072489380836487	9.999999974752427e-07	0.02286946028470993	0.1714627593755722	1.622538547962904e-09	0.01513710618019104	0.37913358211517334	0.1495407670736313	0.06023794412612915	0.014316461980342865	0.02286946028470993	0.008695651777088642	0.1714627593755722	1.622538547962904e-09	0.010177051648497581	0.012431896291673183	1.622538547962904e-09	5.000001692678779e-07	9.999999974752427e-07	0.0066950395703315735	0.007796458899974823	-1.3278622645884752e-08	0.030927835032343864	-1.3278622645884752e-08	0.007485583424568176	-1.3278622645884752e-08	0.02777777798473835	-1.3278622645884752e-08	9.999999974752427e-07	0.008695651777088642	0.3669218420982361	0.04854368790984154	5.000001692678779e-07	0.19233903288841248	1.622538547962904e-09	0.021178677678108215	0.01907866820693016	0.26595741510391235	9.999999974752427e-07	0.0752153992652893	0.2984440326690674	0.01907867193222046	9.999999974752427e-07	0.010416666977107525	0.19233903288841248	0.010324249044060707	0.007624365389347076	1.622538547962904e-09	1.622538547962904e-09	1.622538547962904e-09	9.999999974752427e-07	0.19233901798725128	0.19233904778957367	1.622538547962904e-09	0.026356376707553864	0.16347560286521912	0.04025731980800629	1.622538547962904e-09	1.622538547962904e-09	0.19233901798725128	1.622538547962904e-09	0.015332028269767761	0.0117647061124444	0.24910278618335724	0.01778506115078926	-1.3278622645884752e-08	0.24910277128219604	1.622538547962904e-09	9.999999974752427e-07	1.622538547962904e-09	0.1170303225517273	0.015458554029464722	0.0752154290676117	-1.3278622645884752e-08	0.00909090880304575	-1.3278622645884752e-08	0.009573204442858696	0.02117867022752762	0.0752154216170311	0.018691588193178177	0.015458546578884125	5.000001692678779e-07	0.005539216101169586	1.622538547962904e-09	0.01778506115078926	9.999999974752427e-07	0.02822047472000122	1.5000005078036338e-06	1.622538547962904e-09	9.999999974752427e-07	9.999999974752427e-07	-1.3278622645884752e-08	9.999999974752427e-07	0.16347560286521912	1.622538547962904e-09	0.14051920175552368	0.16347560286521912	0.24910280108451843	0.19233901798725128	0.011078406125307083	0.010101010091602802	0.009573204442858696	0.009177442640066147	0.14051921665668488	0.008695651777088642	1.622538547962904e-09	0.2222222089767456	0.11703035235404968	0.04181492328643799	0.011904762126505375	0.009177440777420998	0.010869565419852734	0.14051920175552368	-1.3278622645884752e-08	0.005539216101169586	0.026356376707553864	1.622538547962904e-09	5.000001692678779e-07	0.009999999776482582	0.01907867006957531	1.622538547962904e-09	0.010324249044060707	9.999999974752427e-07	9.999999974752427e-07	1.622538547962904e-09	9.999999974752427e-07	9.999999974752427e-07	1.622538547962904e-09	9.999999974752427e-07	0.012001216411590576	0.43699371814727783	0.05826278030872345	9.999999974752427e-07	0.2679571807384491	9.999999974752427e-07	0.04900254309177399	1.622538547962904e-09	0.3783048689365387	0.009493403136730194	0.06596280634403229	0.3783048391342163	1.622538547962904e-09	9.999999974752427e-07	0.01123595517128706	0.2679571509361267	-2.4010660126805305e-10	1.622538547962904e-09	-1.3278622645884752e-08	1.622538547962904e-09	1.622538547962904e-09	6.666664376098197e-07	0.2545320391654968	0.2679571509361267	0.010989011265337467	1.3333333299669903e-06	0.20756608247756958	0.04900255426764488	1.622538547962904e-09	0.005720056593418121	0.2679571509361267	1.622538547962904e-09	0.01575428992509842	0.010256931185722351	0.3783048391342163	0.01601792871952057	-2.4010660126805305e-10	0.3783048689365387	0.019911106675863266	9.999999974752427e-07	1.622538547962904e-09	0.1568257212638855	0.013005435466766357	0.11561180651187897	0.01815195381641388	6.666664376098197e-07	0.01815195381641388	0.010526316240429878	0.04900252819061279	0.06741572916507721	0.03269492834806442	0.018725495785474777	0.00909090880304575	-2.4010660126805305e-10	1.622538547962904e-09	0.00917431153357029	0.009686267003417015	0.009686268866062164	0.025567827746272087	9.999999974752427e-07	0.043478261679410934	0.01575428992509842	-2.4010660126805305e-10	0.009493403136730194	0.20756609737873077	9.999999974752427e-07	0.15682576596736908	0.20756609737873077	0.3783048689365387	0.2679571211338043	0.030948013067245483	0.025567827746272087	9.999999974752427e-07	9.999999974752427e-07	0.17497771978378296	0.009708737954497337	0.00909090880304575	0.31832000613212585	0.1568257361650467	0.04121395945549011	0.04972795397043228	0.010204081423580647	0.007700018584728241	0.19181180000305176	9.999999974752427e-07	0.011036910116672516	0.022488445043563843	0.016806723549962044	9.999999974752427e-07	0.009615384973585606	1.622538547962904e-09	1.622538547962904e-09	-2.4010660126805305e-10	1.622538547962904e-09	9.999999974752427e-07	1.622538547962904e-09	0.009803921915590763	1.622538547962904e-09	1.622538547962904e-09	9.999999974752427e-07	9.999999974752427e-07	0.3545212149620056	0.02059110254049301	0.010625112801790237	0.21123076975345612	0.02664194256067276	0.0061219222843647	9.999999974752427e-07	0.3018167018890381	0.006626579910516739	0.02059112675487995	0.3018167018890381	0.018646523356437683	-1.3278622645884752e-08	1.622538547962904e-09	0.16690459847450256	0.015181045979261398	9.999999974752427e-07	1.622538547962904e-09	1.622538547962904e-09	0.010238776914775372	1.622538547962904e-09	0.14026260375976562	0.2112307995557785	-1.3278622645884752e-08	1.622538547962904e-09	0.14026248455047607	0.024768449366092682	1.622538547962904e-09	1.622538547962904e-09	0.2112307995557785	-1.3278622645884752e-08	0.011363636702299118	6.912159733474255e-10	0.23242245614528656	-1.3278622645884752e-08	0.006100691854953766	0.29567742347717285	-1.3278622645884752e-08	-1.3278622645884752e-08	1.622538547962904e-09	0.09294700622558594	1.622538547962904e-09	0.06100180745124817	0.01366463303565979	1.622538547962904e-09	0.007563948631286621	0.011995955370366573	0.0061219558119773865	0.030612245202064514	0.00662657618522644	9.073119144886732e-09	-2.4010660126805305e-10	-1.3278622645884752e-08	-1.3278622645884752e-08	-1.3278622645884752e-08	9.999999974752427e-07	0.027936145663261414	0.010625114664435387	0.027522936463356018	0.007871754467487335	9.999999974752427e-07	1.622538547962904e-09	0.006626579910516739	0.14026248455047607	0.010101010091602802	0.09294699132442474	0.14026248455047607	0.29567742347717285	0.21123085916042328	-1.3278622645884752e-08	0.013964534737169743	0.011995954439043999	0.0061219558119773865	0.10661163181066513	1.622538547962904e-09	0.02664194256067276	0.21910259127616882	0.061001840978860855	1.622538547962904e-09	0.013319913297891617	0.0061219558119773865	1.622538547962904e-09	0.10661161690950394	9.999999974752427e-07	-1.3278622645884752e-08	1.622538547962904e-09	1.622538547962904e-09	-2.4010660126805305e-10	1.622538547962904e-09	9.999999974752427e-07	1.622538547962904e-09	0.015181045979261398	1.622538547962904e-09	6.912159733474255e-10	0.010238775983452797	0.007871754467487335	0.006139293313026428	1.622538547962904e-09	-1.3278622645884752e-08	1.622538547962904e-09	0.3608143925666809	0.07295437157154083	0.008505983278155327	0.2816368639469147	0.009365733712911606	0.02610158920288086	-1.3278622645884752e-08	0.30975285172462463	8.000001798791345e-07	0.07295437157154083	0.30975285172462463	-1.3278622645884752e-08	2.255546860396862e-10	-5.828042048960924e-09	0.22092559933662415	0.024959832429885864	-1.3278622645884752e-08	1.622538547962904e-09	1.622538547962904e-09	-1.3278622645884752e-08	9.999999974752427e-07	0.21155986189842224	0.22092559933662415	2.255546860396862e-10	0.00917431153357029	0.1840570569038391	0.026101578027009964	1.622538547962904e-09	-5.828042048960924e-09	0.22092562913894653	1.622538547962904e-09	-1.3278622645884752e-08	0.008564621210098267	0.29866212606430054	1.622538547962904e-09	9.999999974752427e-07	0.29866212606430054	2.255546860396862e-10	2.255546860396862e-10	1.622538547962904e-09	0.1273503601551056	-5.828042048960924e-09	0.08163265138864517	0.01516491174697876	0.008196720853447914	9.999999974752427e-07	-2.4010660126805305e-10	0.026101596653461456	0.07547169923782349	1.3999997463542968e-06	0.015599853359162807	0.01042632944881916	0.00933072715997696	0.018172085285186768	1.622538547962904e-09	1.622538547962904e-09	0.024959832429885864	0.028257330879569054	9.999999974752427e-07	0.008460663259029388	-1.3278622645884752e-08	9.999999974752427e-07	8.000001798791345e-07	0.14251525700092316	0.009365729987621307	0.1273503601551056	0.14251527190208435	0.29866212606430054	0.2816368341445923	0.00933072715997696	0.05747126415371895	-2.4010660126805305e-10	9.999999974752427e-07	0.14251521229743958	6.000000212225132e-07	0.00936572253704071	0.29009753465652466	0.1273503601551056	0.04308461770415306	-2.4010660126805305e-10	0.009282218292355537	1.622538547962904e-09	0.14251525700092316	9.999999974752427e-07	2.255546860396862e-10	0.027484744787216187	0.017241379246115685	0.009325018152594566	-5.828042048960924e-09	-1.3278622645884752e-08	0.015599831938743591	0.02495983988046646	-2.4010660126805305e-10	9.999999974752427e-07	-1.3278622645884752e-08	0.00846065953373909	0.0110907182097435	1.622538547962904e-09	2.255546860396862e-10	0.01681937836110592
39	-15547.466796875	-1	9	57	76	75	26	89	10	62	48	0	26	84	41	29	91	66	5	0	11	24	14	68	37	85	21	0	0	50	22	3	66	33	67	21	43	7	69	12	0	65	50	77	73	24	43	79	5	42	1	78	57	69	21	34	56	0	70	42	76	31	43	49	25	4	73	63	36	3	21	1	46	80	82	49	14	33	40	77	33	47	9	66	48	69	78	85	57	13	11	50	56	7	32	19	59	7	0	39	47	0.5437127351760864	0.08644906431436539	0.010285336524248123	0.4145510792732239	0.012830331921577454	0.010498285293579102	0.010526316240429878	0.4251323938369751	9.999999974752427e-07	0.08644905686378479	0.44155392050743103	0.06554713845252991	9.999999974752427e-07	9.999999974752427e-07	0.4095746874809265	9.999999974752427e-07	0.005317971110343933	1.622538547962904e-09	1.622538547962904e-09	9.999999974752427e-07	0.02298850566148758	0.39674437046051025	0.4095746576786041	9.999999974752427e-07	0.03314200043678284	0.2897196114063263	0.07604541629552841	1.622538547962904e-09	9.999999974752427e-07	0.4095746576786041	0.0049764662981033325	1.622538547962904e-09	1.622538547962904e-09	0.4145510196685791	0.03333333507180214	-1.3278622645884752e-08	0.42513248324394226	9.999999974752427e-07	9.999999974752427e-07	1.622538547962904e-09	0.22580645978450775	0.012048192322254181	0.1361638456583023	-1.3278622645884752e-08	9.999999974752427e-07	-1.3278622645884752e-08	1.622538547962904e-09	0.01049828715622425	0.1361638605594635	0.030567780137062073	0.02411612868309021	1.622538547962904e-09	0.008196720853447914	0.010869565419852734	9.999999974752427e-07	0.010526316240429878	0.02611328661441803	0.019338728860020638	-2.4010660126805305e-10	-1.3278622645884752e-08	1.622538547962904e-09	-1.3278622645884752e-08	0.030567795038223267	0.2705919146537781	9.999999974752427e-07	0.26527389883995056	0.2705919146537781	0.4251324534416199	0.40957462787628174	0.030927833169698715	0.05588129162788391	1.622538547962904e-09	0.0104982890188694	0.2652738690376282	-1.3278622645884752e-08	0.012830331921577454	0.4145510792732239	0.22250455617904663	0.08634074777364731	1.622538547962904e-09	0.01049828715622425	1.622538547962904e-09	0.26527389883995056	0.036036036908626556	0.009900989942252636	0.062224678695201874	0.029082641005516052	0.009053405374288559	9.999999974752427e-07	0.012195121496915817	9.999999974752427e-07	0.008547008968889713	-1.3278622645884752e-08	1.622538547962904e-09	9.999999974752427e-07	-1.3278622645884752e-08	-1.3278622645884752e-08	1.622538547962904e-09	1.622538547962904e-09	1.622538547962904e-09	0.42310068011283875	0.04496558755636215	0.010405869223177433	0.2722354531288147	0.010044899769127369	0.021052632480859756	9.999999974752427e-07	0.31625205278396606	0.018691588193178177	0.05226296931505203	0.31625205278396606	0.01785714365541935	0.010989011265337467	1.622538547962904e-09	0.2722354531288147	9.999999974752427e-07	1.622538547962904e-09	0.019417475908994675	1.622538547962904e-09	9.999999974752427e-07	6.666664376098197e-07	0.2291666716337204	0.2722354531288147	9.999999974752427e-07	1.3333333299669903e-06	0.1819043606519699	0.09699182957410812	1.622538547962904e-09	0.0078512541949749	0.2722354531288147	1.622538547962904e-09	1.622538547962904e-09	0.010638297535479069	0.31625205278396606	9.999999974752427e-07	-7.275957614183426e-12	0.31625205278396606	0.010526316240429878	0.009009009227156639	1.622538547962904e-09	0.10256187617778778	1.622538547962904e-09	0.0606570690870285	0.008510754443705082	6.666664376098197e-07	-7.275957614183426e-12	9.999999974752427e-07	1.3999997463542968e-06	0.05226297304034233	0.034559715539216995	0.022432174533605576	2.255546860396862e-10	9.999999974752427e-07	9.999999974752427e-07	9.999999974752427e-07	0.008264463394880295	0.0098566934466362	0.010405868291854858	0.008394084870815277	1.622538547962904e-09	1.622538547962904e-09	0.008510754443705082	0.034559715539216995	0.18190431594848633	0.010044899769127369	0.11764705926179886	0.18190434575080872	0.31625205278396606	0.2722354531288147	0.042105261236429214	0.010405870154500008	9.999999974752427e-07	8.000001798791345e-07	0.18190434575080872	1.622538547962904e-09	0.010044898837804794	0.2722354531288147	0.10256189107894897	0.04190482199192047	9.999999974752427e-07	8.000001798791345e-07	0.00729738175868988	0.18190434575080872	1.622538547962904e-09	0.016949152573943138	0.01947261206805706	9.999999974752427e-07	2.255546860396862e-10	1.622538547962904e-09	0.011627906933426857	0.014580924063920975	9.999999974752427e-07	1.622538547962904e-09	9.999999974752427e-07	9.999999974752427e-07	1.622538547962904e-09	1.622538547962904e-09	1.622538547962904e-09	1.622538547962904e-09	6.000000212225132e-07	0.449466347694397	0.08000115305185318	9.999999974752427e-07	0.3330483138561249	-1.3278622645884752e-08	0.03483249247074127	9.999999974752427e-07	0.38626334071159363	0.009220771491527557	0.08756303787231445	0.38626331090927124	0.013322077691555023	-1.3278622645884752e-08	9.999999974752427e-07	0.2947915494441986	9.999999974752427e-07	0.029411764815449715	9.999999974752427e-07	-1.3278622645884752e-08	0.008118398487567902	0.010526316240429878	0.2947915494441986	0.2947915196418762	-1.3278622645884752e-08	0.01075268816202879	0.2947915196418762	0.0481545627117157	-1.3278622645884752e-08	0.02777777798473835	0.2947915494441986	0.019186578691005707	9.999999974752427e-07	0.008000500500202179	0.38626328110694885	-1.3278622645884752e-08	1.622538547962904e-09	0.38626328110694885	-1.3278622645884752e-08	-1.3278622645884752e-08	-1.3278622645884752e-08	0.1528805047273636	9.999999974752427e-07	0.08756301552057266	0.009048528037965298	9.999999974752427e-07	1.622538547962904e-09	0.009131014347076416	0.02860131859779358	0.08756303787231445	0.009220770560204983	0.04123711213469505	9.999999974752427e-07	-1.3278622645884752e-08	-1.3278622645884752e-08	-1.3278622645884752e-08	0.008003734052181244	0.01504833996295929	0.029999999329447746	1.622538547962904e-09	0.00909090880304575	9.999999974752427e-07	0.009048528969287872	0.009220771491527557	0.2947915196418762	-1.3278622645884752e-08	0.15288051962852478	0.2499999850988388	0.38626334071159363	0.31386175751686096	-1.3278622645884752e-08	0.032608695328235626	0.009131021797657013	9.999999974752427e-07	0.16192904114723206	-2.4010660126805305e-10	-1.3278622645884752e-08	0.36913183331489563	0.1528804898262024	0.06531748175621033	0.009130991995334625	0.028601333498954773	0.00756189227104187	0.16814157366752625	1.622538547962904e-09	-1.3278622645884752e-08	0.021052632480859756	0.009900989942252636	0.027272727340459824	9.999999974752427e-07	0.005203664302825928	0.008620689623057842	0.007044576108455658	-1.3278622645884752e-08	0.008000493049621582	0.008118398487567902	9.999999974752427e-07	-1.3278622645884752e-08	-1.3278622645884752e-08	-1.3278622645884752e-08	1.622538547962904e-09	0.4417252838611603	0.024390242993831635	9.999999974752427e-07	0.30527326464653015	0.010416666977107525	0.014637120068073273	9.999999974752427e-07	0.3760969042778015	9.999999974752427e-07	0.04878048598766327	0.3760969340801239	0.05099129676818848	9.999999974752427e-07	0.008882244117558002	0.30527329444885254	1.622538547962904e-09	1.622538547962904e-09	1.622538547962904e-09	1.622538547962904e-09	0.03041437268257141	0.012048192322254181	0.29318323731422424	0.30527329444885254	9.999999974752427e-07	0.017391303554177284	0.2670987844467163	0.06562843918800354	1.622538547962904e-09	0.010416666977107525	0.30527329444885254	1.622538547962904e-09	1.622538547962904e-09	1.622538547962904e-09	0.30527329444885254	1.622538547962904e-09	0.010526316240429878	0.3760969042778015	9.999999974752427e-07	9.999999974752427e-07	1.622538547962904e-09	0.14387741684913635	0.025641024112701416	0.07431011646986008	0.032608695328235626	9.999999974752427e-07	0.009615384973585606	1.622538547962904e-09	0.014637105166912079	0.07431010156869888	0.010309278033673763	0.04452749714255333	0.009433962404727936	9.999999974752427e-07	1.622538547962904e-09	1.622538547962904e-09	1.622538547962904e-09	1.622538547962904e-09	0.009569531306624413	1.622538547962904e-09	1.622538547962904e-09	1.622538547962904e-09	0.01123595517128706	9.999999974752427e-07	0.20471768081188202	9.999999974752427e-07	0.14387744665145874	0.2047176957130432	0.3052733242511749	0.30527329444885254	0.026084452867507935	0.009569531306624413	1.622538547962904e-09	0.010101010091602802	0.204717755317688	0.010204081423580647	0.010989011265337467	0.30527329444885254	0.14387741684913635	0.06956726312637329	1.622538547962904e-09	0.014637112617492676	9.999999974752427e-07	0.20471777021884918	0.009803921915590763	9.999999974752427e-07	0.02503982186317444	9.999999974752427e-07	9.999999974752427e-07	0.008882243186235428	0.02057690918445587	9.999999974752427e-07	1.622538547962904e-09	1.622538547962904e-09	1.622538547962904e-09	9.999999974752427e-07	1.622538547962904e-09	1.622538547962904e-09	1.622538547962904e-09	1.622538547962904e-09	1.622538547962904e-09	0.3537144660949707	0.026411600410938263	4.2857209336943924e-07	0.20192477107048035	1.622538547962904e-09	0.027027027681469917	-7.275957614183426e-12	0.28152182698249817	1.622538547962904e-09	0.026411622762680054	0.2815217971801758	0.010256588459014893	9.999999974752427e-07	1.622538547962904e-09	0.20192477107048035	9.999999974752427e-07	1.622538547962904e-09	9.999999974752427e-07	1.622538547962904e-09	0.010256589390337467	1.622538547962904e-09	0.20192474126815796	0.20192478597164154	1.622538547962904e-09	1.622538547962904e-09	0.16246558725833893	0.05873367190361023	1.622538547962904e-09	0.027633339166641235	0.20192477107048035	-1.3278622645884752e-08	1.622538547962904e-09	-1.3278622645884752e-08	0.20192483067512512	0.008206691592931747	9.999999974752427e-07	0.2740027904510498	1.622538547962904e-09	9.999999974752427e-07	1.622538547962904e-09	0.05703481286764145	1.622538547962904e-09	0.02641153335571289	0.03179077059030533	1.622538547962904e-09	9.999999974752427e-07	-1.3278622645884752e-08	0.009401541203260422	0.026411622762680054	0.009916093200445175	0.027633339166641235	4.2857209336943924e-07	1.622538547962904e-09	0.013445600867271423	0.008206691592931747	9.999999974752427e-07	0.013458967208862305	1.2857158253609668e-06	-1.3278622645884752e-08	-1.3278622645884752e-08	1.622538547962904e-09	9.999999974752427e-07	1.622538547962904e-09	0.16246557235717773	1.622538547962904e-09	0.05703481659293175	0.10570608824491501	0.2626262605190277	0.20192477107048035	0.01780684106051922	1.2857121873821598e-06	-1.3278622645884752e-08	9.999999974752427e-07	0.08882559835910797	0.009916089475154877	1.622538547962904e-09	0.20192478597164154	0.05404491350054741	0.027633339166641235	-1.3278622645884752e-08	0.009401543065905571	1.622538547962904e-09	0.1057060956954956	-1.3278622645884752e-08	0.017806850373744965	1.622538547962904e-09	1.622538547962904e-09	4.2857209336943924e-07	1.622538547962904e-09	-7.275957614183426e-12	1.622538547962904e-09	9.999999974752427e-07	1.622538547962904e-09	-1.3278622645884752e-08	9.999999974752427e-07	-1.3278622645884752e-08	0.007519088685512543	1.622538547962904e-09	1.622538547962904e-09	2.255546860396862e-10	0.5330700874328613	0.005072489380836487	5.000001692678779e-07	0.3791336119174957	0.015137098729610443	0.04571790248155594	9.999999974752427e-07	0.47317150235176086	1.622538547962904e-09	0.08930285274982452	0.47317150235176086	0.014180630445480347	0.010177051648497581	9.999999974752427e-07	0.283880352973938	-1.3278622645884752e-08	1.622538547962904e-09	0.009429072961211205	-1.3278622645884752e-08	0.007485575973987579	9.999999974752427e-07	0.2687433063983917	0.3461630940437317	0.011049933731555939	0.012431889772415161	0.21618443727493286	0.05989854037761688	-1.3278622645884752e-08	1.622538547962904e-09	0.2838802933692932	0.030927835032343864	0.04472166299819946	-1.3278622645884752e-08	0.39345017075538635	1.622538547962904e-09	-1.3278622645884752e-08	0.39345014095306396	0.011049933731555939	0.010177051648497581	-1.3278622645884752e-08	0.16346153616905212	0.04000958055257797	0.08930287510156631	-1.3278622645884752e-08	0.010416666977107525	-1.3278622645884752e-08	0.014316469430923462	0.03628883510828018	0.08930285274982452	1.622538547962904e-09	0.0478060245513916	5.000001692678779e-07	0.028037382289767265	1.622538547962904e-09	1.622538547962904e-09	-1.3278622645884752e-08	-1.3278622645884752e-08	1.5000005078036338e-06	1.622538547962904e-09	-1.3278622645884752e-08	9.999999974752427e-07	-1.3278622645884752e-08	1.622538547962904e-09	0.21618443727493286	0.015137098729610443	0.171462744474411	0.21618443727493286	0.39345014095306396	0.3461630940437317	0.05255882441997528	0.005072489380836487	9.999999974752427e-07	0.02286946028470993	0.1714627593755722	1.622538547962904e-09	0.01513710618019104	0.37913358211517334	0.1495407670736313	0.06023794412612915	0.014316461980342865	0.02286946028470993	0.008695651777088642	0.1714627593755722	1.622538547962904e-09	0.010177051648497581	0.012431896291673183	1.622538547962904e-09	5.000001692678779e-07	9.999999974752427e-07	0.0066950321197509766	0.007796458899974823	-1.3278622645884752e-08	0.030927835032343864	-1.3278622645884752e-08	0.007485579699277878	-1.3278622645884752e-08	0.02777777798473835	-1.3278622645884752e-08	-1.3278622645884752e-08	0.008695651777088642	0.3669218122959137	0.04854368790984154	5.000001692678779e-07	0.19233903288841248	1.622538547962904e-09	0.021178647875785828	0.01907866820693016	0.26595741510391235	9.999999974752427e-07	0.0752153992652893	0.2984440326690674	0.019078657031059265	9.999999974752427e-07	0.010416666977107525	0.19233903288841248	0.010324249044060707	0.007624365389347076	1.622538547962904e-09	1.622538547962904e-09	1.622538547962904e-09	9.999999974752427e-07	0.19233901798725128	0.19233904778957367	1.622538547962904e-09	0.026356376707553864	0.16347560286521912	0.04025731980800629	1.622538547962904e-09	1.622538547962904e-09	0.19233901798725128	1.622538547962904e-09	0.015332028269767761	0.0117647061124444	0.24910278618335724	0.01778506115078926	-1.3278622645884752e-08	0.24910277128219604	1.622538547962904e-09	9.999999974752427e-07	1.622538547962904e-09	0.1170303225517273	0.015458554029464722	0.0752154290676117	-1.3278622645884752e-08	0.00909090880304575	-1.3278622645884752e-08	0.009573204442858696	0.021178655326366425	0.0752154216170311	0.018691588193178177	0.015458546578884125	5.000001692678779e-07	0.005539216101169586	1.622538547962904e-09	0.01778506115078926	9.999999974752427e-07	0.02822045236825943	1.5000005078036338e-06	1.622538547962904e-09	9.999999974752427e-07	9.999999974752427e-07	-1.3278622645884752e-08	9.999999974752427e-07	0.16347560286521912	1.622538547962904e-09	0.14051920175552368	0.16347560286521912	0.24910280108451843	0.19233901798725128	0.011078406125307083	0.010101010091602802	0.009573204442858696	0.009177438914775848	0.14051921665668488	0.008695651777088642	1.622538547962904e-09	0.2222222089767456	0.11703035235404968	0.04181492328643799	0.011904762126505375	0.009177440777420998	0.010869565419852734	0.14051920175552368	-1.3278622645884752e-08	0.005539216101169586	0.026356376707553864	1.622538547962904e-09	5.000001692678779e-07	0.009999999776482582	0.01907866634428501	1.622538547962904e-09	0.010324249044060707	9.999999974752427e-07	9.999999974752427e-07	1.622538547962904e-09	9.999999974752427e-07	9.999999974752427e-07	1.622538547962904e-09	1.622538547962904e-09	0.012001212686300278	0.4369935989379883	0.05826278030872345	9.999999974752427e-07	0.2679571807384491	9.999999974752427e-07	0.04900255799293518	1.622538547962904e-09	0.3783048689365387	0.009493403136730194	0.06596280634403229	0.3783048391342163	1.622538547962904e-09	9.999999974752427e-07	0.01123595517128706	0.2679571509361267	-2.4010660126805305e-10	1.622538547962904e-09	-1.3278622645884752e-08	1.622538547962904e-09	1.622538547962904e-09	6.666664376098197e-07	0.2545320391654968	0.2679571509361267	0.010989011265337467	1.3333333299669903e-06	0.20756608247756958	0.04900256544351578	1.622538547962904e-09	0.005720056593418121	0.2679571509361267	1.622538547962904e-09	0.01575428992509842	0.010256932117044926	0.3783048391342163	0.01601792871952057	-2.4010660126805305e-10	0.3783048391342163	0.019911106675863266	9.999999974752427e-07	1.622538547962904e-09	0.1568257212638855	0.013005435466766357	0.11561180651187897	0.01815195381641388	6.666664376098197e-07	0.01815195381641388	0.010526316240429878	0.04900252819061279	0.06741572916507721	0.03269492834806442	0.018725495785474777	0.00909090880304575	-2.4010660126805305e-10	1.622538547962904e-09	0.00917431153357029	0.009686270728707314	0.009686268866062164	0.025567827746272087	9.999999974752427e-07	0.043478261679410934	0.01575428992509842	-2.4010660126805305e-10	0.009493403136730194	0.20756609737873077	9.999999974752427e-07	0.15682576596736908	0.20756609737873077	0.3783048391342163	0.2679571211338043	0.030948013067245483	0.025567827746272087	9.999999974752427e-07	9.999999974752427e-07	0.17497771978378296	0.009708737954497337	0.00909090880304575	0.31832000613212585	0.1568257361650467	0.04121395945549011	0.04972796142101288	0.010204081423580647	0.007700018584728241	0.19181180000305176	9.999999974752427e-07	0.011036910116672516	0.022488445043563843	0.016806723549962044	9.999999974752427e-07	0.009615384973585606	1.622538547962904e-09	1.622538547962904e-09	-2.4010660126805305e-10	1.622538547962904e-09	9.999999974752427e-07	1.622538547962904e-09	0.009803921915590763	1.622538547962904e-09	1.622538547962904e-09	1.622538547962904e-09	9.999999974752427e-07	0.3545212745666504	0.02059110254049301	0.010625112801790237	0.21123084425926208	0.02664199471473694	0.006121944636106491	9.999999974752427e-07	0.3018167018890381	0.006626579910516739	0.02059112675487995	0.3018167018890381	0.018646493554115295	-1.3278622645884752e-08	1.622538547962904e-09	0.1669045239686966	0.015181045979261398	9.999999974752427e-07	1.622538547962904e-09	1.622538547962904e-09	0.010238776914775372	1.622538547962904e-09	0.14026254415512085	0.2112308144569397	-1.3278622645884752e-08	1.622538547962904e-09	0.14026251435279846	0.024768434464931488	1.622538547962904e-09	1.622538547962904e-09	0.2112308144569397	-1.3278622645884752e-08	0.011363636702299118	6.912159733474255e-10	0.23242251574993134	-1.3278622645884752e-08	0.006100691854953766	0.29567742347717285	-1.3278622645884752e-08	-1.3278622645884752e-08	1.622538547962904e-09	0.09294700622558594	1.622538547962904e-09	0.06100180745124817	0.01366463303565979	1.622538547962904e-09	0.007563948631286621	0.011995955370366573	0.006121933460235596	0.030612245202064514	0.00662657618522644	9.073119144886732e-09	-2.4010660126805305e-10	-1.3278622645884752e-08	-1.3278622645884752e-08	-1.3278622645884752e-08	9.999999974752427e-07	0.027936100959777832	0.010625114664435387	0.027522936463356018	0.007871739566326141	9.999999974752427e-07	1.622538547962904e-09	0.006626579910516739	0.14026251435279846	0.010101010091602802	0.09294699132442474	0.14026251435279846	0.29567742347717285	0.21123076975345612	-1.3278622645884752e-08	0.013964534737169743	0.011995954439043999	0.0061219483613967896	0.10661163181066513	1.622538547962904e-09	0.02664199471473694	0.2191026210784912	0.061001840978860855	1.622538547962904e-09	0.013319892808794975	0.006121940910816193	1.622538547962904e-09	0.10661161690950394	9.999999974752427e-07	-1.3278622645884752e-08	1.622538547962904e-09	1.622538547962904e-09	-2.4010660126805305e-10	1.622538547962904e-09	9.999999974752427e-07	1.622538547962904e-09	0.015181045979261398	1.622538547962904e-09	6.912159733474255e-10	0.010238775983452797	0.007871739566326141	0.006139293313026428	1.622538547962904e-09	1.622538547962904e-09	1.622538547962904e-09	0.3608143925666809	0.07295437157154083	0.008505983278155327	0.2816368341445923	0.009365733712911606	0.026101574301719666	-1.3278622645884752e-08	0.309752881526947	8.000001798791345e-07	0.07295437157154083	0.309752881526947	-1.3278622645884752e-08	2.255546860396862e-10	-5.828042048960924e-09	0.22092559933662415	0.02495981752872467	-1.3278622645884752e-08	1.622538547962904e-09	1.622538547962904e-09	-1.3278622645884752e-08	9.999999974752427e-07	0.21155986189842224	0.22092559933662415	2.255546860396862e-10	0.00917431153357029	0.1840570569038391	0.02610155940055847	1.622538547962904e-09	-5.828042048960924e-09	0.22092559933662415	1.622538547962904e-09	-1.3278622645884752e-08	0.008564628660678864	0.29866212606430054	1.622538547962904e-09	9.999999974752427e-07	0.2986621558666229	2.255546860396862e-10	2.255546860396862e-10	1.622538547962904e-09	0.1273503601551056	-5.828042048960924e-09	0.08163265138864517	0.01516491174697876	0.008196720853447914	9.999999974752427e-07	-2.4010660126805305e-10	0.02610158920288086	0.07547169923782349	1.3999997463542968e-06	0.015599853359162807	0.01042632944881916	0.009330726228654385	0.018172089010477066	1.622538547962904e-09	1.622538547962904e-09	0.02495981752872467	0.028257330879569054	9.999999974752427e-07	0.008460663259029388	-1.3278622645884752e-08	9.999999974752427e-07	8.000001798791345e-07	0.14251525700092316	0.009365729987621307	0.1273503601551056	0.14251527190208435	0.29866212606430054	0.2816368341445923	0.00933072715997696	0.05747126415371895	-2.4010660126805305e-10	9.999999974752427e-07	0.14251521229743958	6.000000212225132e-07	0.009365737438201904	0.29009753465652466	0.1273503601551056	0.04308461770415306	-2.4010660126805305e-10	0.009282207116484642	1.622538547962904e-09	0.14251525700092316	9.999999974752427e-07	2.255546860396862e-10	0.027484744787216187	0.017241379246115685	0.009325018152594566	-5.828042048960924e-09	-1.3278622645884752e-08	0.015599831938743591	0.024959824979305267	-2.4010660126805305e-10	9.999999974752427e-07	-1.3278622645884752e-08	0.00846065953373909	0.011090729385614395	1.622538547962904e-09	1.622538547962904e-09	0.01681937463581562
40	-15547.466796875	-1	9	57	76	75	26	89	10	62	48	0	26	84	41	29	91	66	5	0	11	24	14	68	37	85	21	0	0	50	22	3	66	33	67	21	43	7	69	12	0	65	50	77	73	24	43	79	5	42	1	78	57	69	21	34	56	0	70	42	76	31	43	49	25	4	73	63	36	3	21	1	46	80	82	49	14	33	40	77	33	47	9	66	48	69	78	85	57	13	11	50	56	7	32	19	59	7	0	40	47	0.5437127947807312	0.08644906431436539	0.010285336524248123	0.4145510792732239	0.012830331921577454	0.010498285293579102	0.010526316240429878	0.4251323938369751	9.999999974752427e-07	0.08644905686378479	0.44155386090278625	0.06554710865020752	9.999999974752427e-07	9.999999974752427e-07	0.4095746874809265	9.999999974752427e-07	0.005317971110343933	1.622538547962904e-09	1.622538547962904e-09	9.999999974752427e-07	0.02298850566148758	0.39674437046051025	0.4095746576786041	9.999999974752427e-07	0.03314200043678284	0.2897196114063263	0.07604538649320602	1.622538547962904e-09	9.999999974752427e-07	0.4095746576786041	0.0049764662981033325	1.622538547962904e-09	1.622538547962904e-09	0.4145510196685791	0.03333333507180214	-1.3278622645884752e-08	0.42513248324394226	9.999999974752427e-07	9.999999974752427e-07	1.622538547962904e-09	0.22580645978450775	0.012048192322254181	0.1361638456583023	-1.3278622645884752e-08	9.999999974752427e-07	-1.3278622645884752e-08	1.622538547962904e-09	0.010498279705643654	0.1361638605594635	0.030567780137062073	0.02411612868309021	1.622538547962904e-09	0.008196720853447914	0.010869565419852734	9.999999974752427e-07	0.010526316240429878	0.026113219559192657	0.019338728860020638	-2.4010660126805305e-10	-1.3278622645884752e-08	1.622538547962904e-09	-1.3278622645884752e-08	0.030567795038223267	0.2705919146537781	9.999999974752427e-07	0.26527389883995056	0.2705919146537781	0.4251324534416199	0.40957462787628174	0.030927833169698715	0.05588129162788391	1.622538547962904e-09	0.010498277842998505	0.2652738690376282	-1.3278622645884752e-08	0.012830331921577454	0.4145510792732239	0.22250455617904663	0.08634074777364731	1.622538547962904e-09	0.010498279705643654	1.622538547962904e-09	0.26527389883995056	0.036036036908626556	0.009900989942252636	0.062224678695201874	0.029082641005516052	0.009053405374288559	9.999999974752427e-07	0.012195121496915817	9.999999974752427e-07	0.008547008968889713	-1.3278622645884752e-08	1.622538547962904e-09	9.999999974752427e-07	-1.3278622645884752e-08	-1.3278622645884752e-08	1.622538547962904e-09	9.999999974752427e-07	1.622538547962904e-09	0.4231007397174835	0.04496559500694275	0.010405867360532284	0.2722355127334595	0.010044899769127369	0.021052632480859756	9.999999974752427e-07	0.3162521421909332	0.018691588193178177	0.05226298049092293	0.31625211238861084	0.01785714365541935	0.010989011265337467	1.622538547962904e-09	0.2722354829311371	9.999999974752427e-07	1.622538547962904e-09	0.019417475908994675	1.622538547962904e-09	9.999999974752427e-07	6.666664376098197e-07	0.2291666716337204	0.2722354531288147	9.999999974752427e-07	1.3333333299669903e-06	0.18190434575080872	0.09699184447526932	1.622538547962904e-09	0.007851261645555496	0.2722354829311371	1.622538547962904e-09	1.622538547962904e-09	0.010638297535479069	0.31625211238861084	9.999999974752427e-07	-7.275957614183426e-12	0.3162521421909332	0.010526316240429878	0.009009009227156639	1.622538547962904e-09	0.1025618389248848	1.622538547962904e-09	0.0606570728123188	0.008510754443705082	6.666664376098197e-07	-7.275957614183426e-12	9.999999974752427e-07	1.3999997463542968e-06	0.052262984216213226	0.0345597118139267	0.02243218943476677	2.255546860396862e-10	9.999999974752427e-07	9.999999974752427e-07	9.999999974752427e-07	0.008264463394880295	0.009856708347797394	0.01040586642920971	0.008394099771976471	1.622538547962904e-09	1.622538547962904e-09	0.008510754443705082	0.034559715539216995	0.18190431594848633	0.010044899769127369	0.11764706671237946	0.18190434575080872	0.31625211238861084	0.2722354531288147	0.042105261236429214	0.01040586642920971	9.999999974752427e-07	8.000001798791345e-07	0.18190434575080872	1.622538547962904e-09	0.010044898837804794	0.2722354829311371	0.10256190598011017	0.041904836893081665	9.999999974752427e-07	8.000001798791345e-07	0.00729738175868988	0.18190434575080872	1.622538547962904e-09	0.016949152573943138	0.019472628831863403	9.999999974752427e-07	2.255546860396862e-10	1.622538547962904e-09	0.011627906933426857	0.014580931514501572	9.999999974752427e-07	1.622538547962904e-09	9.999999974752427e-07	9.999999974752427e-07	1.622538547962904e-09	1.622538547962904e-09	1.622538547962904e-09	1.622538547962904e-09	6.000000212225132e-07	0.4494662880897522	0.08000114560127258	9.999999974752427e-07	0.3330483138561249	-1.3278622645884752e-08	0.03483249247074127	9.999999974752427e-07	0.386263370513916	0.009220771491527557	0.08756302297115326	0.38626334071159363	0.013322077691555023	-1.3278622645884752e-08	9.999999974752427e-07	0.2947915494441986	9.999999974752427e-07	0.029411764815449715	9.999999974752427e-07	-1.3278622645884752e-08	0.008118398487567902	0.010526316240429878	0.2947915494441986	0.2947915196418762	-1.3278622645884752e-08	0.01075268816202879	0.2947915196418762	0.04815460741519928	-1.3278622645884752e-08	0.02777777798473835	0.2947915494441986	0.019186578691005707	9.999999974752427e-07	0.008000463247299194	0.38626325130462646	-1.3278622645884752e-08	1.622538547962904e-09	0.38626331090927124	-1.3278622645884752e-08	-1.3278622645884752e-08	-1.3278622645884752e-08	0.1528805047273636	9.999999974752427e-07	0.08756304532289505	0.009048528037965298	9.999999974752427e-07	1.622538547962904e-09	0.009130984544754028	0.02860131859779358	0.08756302297115326	0.009220770560204983	0.04123711213469505	9.999999974752427e-07	-1.3278622645884752e-08	-1.3278622645884752e-08	-1.3278622645884752e-08	0.008003763854503632	0.015048369765281677	0.029999999329447746	1.622538547962904e-09	0.00909090880304575	9.999999974752427e-07	0.009048528969287872	0.009220771491527557	0.2947915196418762	-1.3278622645884752e-08	0.15288053452968597	0.2499999850988388	0.38626334071159363	0.31386175751686096	-1.3278622645884752e-08	0.032608695328235626	0.009130991995334625	9.999999974752427e-07	0.16192904114723206	-2.4010660126805305e-10	-1.3278622645884752e-08	0.36913180351257324	0.1528804898262024	0.06531748175621033	0.009130977094173431	0.028601333498954773	0.007561882957816124	0.16814157366752625	1.622538547962904e-09	-1.3278622645884752e-08	0.021052632480859756	0.009900989942252636	0.027272727340459824	9.999999974752427e-07	0.005203664302825928	0.008620689623057842	0.007044591009616852	-1.3278622645884752e-08	0.008000463247299194	0.008118398487567902	9.999999974752427e-07	-1.3278622645884752e-08	-1.3278622645884752e-08	-1.3278622645884752e-08	1.622538547962904e-09	0.4417252242565155	0.024390242993831635	9.999999974752427e-07	0.30527326464653015	0.010416666977107525	0.014637134969234467	9.999999974752427e-07	0.3760969042778015	9.999999974752427e-07	0.04878048598766327	0.3760969042778015	0.05099133402109146	9.999999974752427e-07	0.008882244117558002	0.30527329444885254	1.622538547962904e-09	1.622538547962904e-09	1.622538547962904e-09	1.622538547962904e-09	0.030414395034313202	0.012048192322254181	0.29318323731422424	0.30527329444885254	9.999999974752427e-07	0.017391303554177284	0.2670987844467163	0.06562843918800354	1.622538547962904e-09	0.010416666977107525	0.30527329444885254	1.622538547962904e-09	1.622538547962904e-09	1.622538547962904e-09	0.30527329444885254	1.622538547962904e-09	0.010526316240429878	0.3760969042778015	9.999999974752427e-07	9.999999974752427e-07	1.622538547962904e-09	0.14387741684913635	0.025641024112701416	0.07431013137102127	0.032608695328235626	9.999999974752427e-07	0.009615384973585606	1.622538547962904e-09	0.014637134969234467	0.07431011646986008	0.010309278033673763	0.04452746734023094	0.009433962404727936	9.999999974752427e-07	1.622538547962904e-09	1.622538547962904e-09	1.622538547962904e-09	1.622538547962904e-09	0.009569531306624413	1.622538547962904e-09	1.622538547962904e-09	1.622538547962904e-09	0.01123595517128706	9.999999974752427e-07	0.20471768081188202	9.999999974752427e-07	0.14387743175029755	0.2047176957130432	0.3052733242511749	0.30527329444885254	0.026084452867507935	0.009569531306624413	1.622538547962904e-09	0.010101010091602802	0.204717755317688	0.010204081423580647	0.010989011265337467	0.30527329444885254	0.14387740194797516	0.06956732273101807	1.622538547962904e-09	0.01463712751865387	9.999999974752427e-07	0.20471777021884918	0.009803921915590763	9.999999974752427e-07	0.025039762258529663	9.999999974752427e-07	9.999999974752427e-07	0.008882243186235428	0.020576931536197662	9.999999974752427e-07	1.622538547962904e-09	1.622538547962904e-09	1.622538547962904e-09	9.999999974752427e-07	1.622538547962904e-09	1.622538547962904e-09	1.622538547962904e-09	1.622538547962904e-09	1.622538547962904e-09	0.3537144362926483	0.026411600410938263	4.2857209336943924e-07	0.20192477107048035	1.622538547962904e-09	0.027027027681469917	-7.275957614183426e-12	0.28152182698249817	1.622538547962904e-09	0.026411622762680054	0.2815217971801758	0.010256588459014893	9.999999974752427e-07	1.622538547962904e-09	0.20192477107048035	9.999999974752427e-07	1.622538547962904e-09	9.999999974752427e-07	1.622538547962904e-09	0.010256589390337467	1.622538547962904e-09	0.20192474126815796	0.20192478597164154	1.622538547962904e-09	1.622538547962904e-09	0.16246558725833893	0.05873368680477142	1.622538547962904e-09	0.027633339166641235	0.20192477107048035	-1.3278622645884752e-08	1.622538547962904e-09	-1.3278622645884752e-08	0.20192483067512512	0.008206691592931747	9.999999974752427e-07	0.2740027904510498	1.622538547962904e-09	9.999999974752427e-07	1.622538547962904e-09	0.05703481286764145	1.622538547962904e-09	0.02641153335571289	0.03179077059030533	1.622538547962904e-09	9.999999974752427e-07	-1.3278622645884752e-08	0.009401541203260422	0.026411622762680054	0.009916093200445175	0.027633339166641235	4.2857209336943924e-07	1.622538547962904e-09	0.013445600867271423	0.008206691592931747	9.999999974752427e-07	0.013458997011184692	1.2857158253609668e-06	-1.3278622645884752e-08	-1.3278622645884752e-08	1.622538547962904e-09	9.999999974752427e-07	1.622538547962904e-09	0.16246557235717773	1.622538547962904e-09	0.05703481659293175	0.10570608824491501	0.2626262605190277	0.20192477107048035	0.01780684106051922	1.2857121873821598e-06	-1.3278622645884752e-08	9.999999974752427e-07	0.08882559835910797	0.009916089475154877	1.622538547962904e-09	0.20192478597164154	0.05404491350054741	0.027633339166641235	-1.3278622645884752e-08	0.009401543065905571	1.622538547962904e-09	0.1057060956954956	-1.3278622645884752e-08	0.017806850373744965	1.622538547962904e-09	1.622538547962904e-09	4.2857209336943924e-07	1.622538547962904e-09	-7.275957614183426e-12	1.622538547962904e-09	9.999999974752427e-07	1.622538547962904e-09	-1.3278622645884752e-08	9.999999974752427e-07	-1.3278622645884752e-08	0.007519088685512543	1.622538547962904e-09	9.999999974752427e-07	2.255546860396862e-10	0.5330701470375061	0.005072489380836487	5.000001692678779e-07	0.3791336119174957	0.015137098729610443	0.04571789503097534	9.999999974752427e-07	0.47317150235176086	1.622538547962904e-09	0.08930285274982452	0.47317150235176086	0.014180606231093407	0.010177051648497581	9.999999974752427e-07	0.283880352973938	-1.3278622645884752e-08	1.622538547962904e-09	0.009429067373275757	-1.3278622645884752e-08	0.007485583424568176	9.999999974752427e-07	0.2687433063983917	0.3461630940437317	0.011049933731555939	0.012431889772415161	0.21618443727493286	0.059898555278778076	-1.3278622645884752e-08	1.622538547962904e-09	0.2838802933692932	0.030927835032343864	0.04472166299819946	-1.3278622645884752e-08	0.39345017075538635	1.622538547962904e-09	-1.3278622645884752e-08	0.39345014095306396	0.011049933731555939	0.010177051648497581	-1.3278622645884752e-08	0.16346153616905212	0.04000958055257797	0.08930287510156631	-1.3278622645884752e-08	0.010416666977107525	-1.3278622645884752e-08	0.014316469430923462	0.036288827657699585	0.08930285274982452	1.622538547962904e-09	0.0478060245513916	5.000001692678779e-07	0.028037382289767265	1.622538547962904e-09	1.622538547962904e-09	-1.3278622645884752e-08	-1.3278622645884752e-08	1.5000005078036338e-06	1.622538547962904e-09	-1.3278622645884752e-08	9.999999974752427e-07	-1.3278622645884752e-08	1.622538547962904e-09	0.21618443727493286	0.015137098729610443	0.171462744474411	0.21618443727493286	0.39345014095306396	0.3461630940437317	0.05255882441997528	0.005072489380836487	9.999999974752427e-07	0.02286946028470993	0.1714627593755722	1.622538547962904e-09	0.01513710618019104	0.37913358211517334	0.1495407670736313	0.06023794412612915	0.014316461980342865	0.02286946028470993	0.008695651777088642	0.1714627593755722	1.622538547962904e-09	0.010177051648497581	0.012431896291673183	1.622538547962904e-09	5.000001692678779e-07	9.999999974752427e-07	0.0066950395703315735	0.007796458899974823	-1.3278622645884752e-08	0.030927835032343864	-1.3278622645884752e-08	0.007485583424568176	-1.3278622645884752e-08	0.02777777798473835	-1.3278622645884752e-08	9.999999974752427e-07	0.008695651777088642	0.3669218420982361	0.04854368790984154	5.000001692678779e-07	0.1923389881849289	1.622538547962904e-09	0.021178677678108215	0.019078675657510757	0.26595741510391235	9.999999974752427e-07	0.0752153992652893	0.2984440326690674	0.01907867193222046	9.999999974752427e-07	0.010416666977107525	0.19233901798725128	0.010324249044060707	0.007624335587024689	1.622538547962904e-09	1.622538547962904e-09	1.622538547962904e-09	9.999999974752427e-07	0.1923390030860901	0.19233904778957367	1.622538547962904e-09	0.026356376707553864	0.1634756177663803	0.040257349610328674	1.622538547962904e-09	1.622538547962904e-09	0.1923390030860901	1.622538547962904e-09	0.015331998467445374	0.0117647061124444	0.24910277128219604	0.017785046249628067	-1.3278622645884752e-08	0.24910274147987366	1.622538547962904e-09	9.999999974752427e-07	1.622538547962904e-09	0.11703038215637207	0.015458546578884125	0.0752154290676117	-1.3278622645884752e-08	0.00909090880304575	-1.3278622645884752e-08	0.009573204442858696	0.021178673952817917	0.0752154290676117	0.018691588193178177	0.015458546578884125	5.000001692678779e-07	0.005539201200008392	1.622538547962904e-09	0.017785048112273216	9.999999974752427e-07	0.028220519423484802	1.5000005078036338e-06	1.622538547962904e-09	9.999999974752427e-07	9.999999974752427e-07	-1.3278622645884752e-08	9.999999974752427e-07	0.16347555816173553	1.622538547962904e-09	0.14051920175552368	0.16347557306289673	0.24910278618335724	0.1923390030860901	0.011078393086791039	0.010101010091602802	0.009573204442858696	0.009177446365356445	0.1405191868543625	0.008695651777088642	1.622538547962904e-09	0.2222221940755844	0.11703035235404968	0.04181492328643799	0.011904762126505375	0.009177444502711296	0.010869565419852734	0.14051920175552368	-1.3278622645884752e-08	0.005539201200008392	0.026356376707553864	1.622538547962904e-09	5.000001692678779e-07	0.009999999776482582	0.019078673794865608	1.622538547962904e-09	0.010324249044060707	9.999999974752427e-07	9.999999974752427e-07	1.622538547962904e-09	9.999999974752427e-07	9.999999974752427e-07	1.622538547962904e-09	-1.3278622645884752e-08	0.012001223862171173	0.43699365854263306	0.05826278030872345	9.999999974752427e-07	0.2679571211338043	9.999999974752427e-07	0.04900254309177399	1.622538547962904e-09	0.3783048689365387	0.009493403136730194	0.06596280634403229	0.3783048391342163	1.622538547962904e-09	9.999999974752427e-07	0.01123595517128706	0.2679571211338043	-2.4010660126805305e-10	1.622538547962904e-09	-1.3278622645884752e-08	1.622538547962904e-09	1.622538547962904e-09	6.666664376098197e-07	0.2545320391654968	0.2679571211338043	0.010989011265337467	1.3333333299669903e-06	0.2075660675764084	0.04900255799293518	1.622538547962904e-09	0.005720071494579315	0.2679571211338043	1.622538547962904e-09	0.01575428992509842	0.010256939567625523	0.3783048391342163	0.016017906367778778	-2.4010660126805305e-10	0.3783048391342163	0.01991109922528267	9.999999974752427e-07	1.622538547962904e-09	0.15682576596736908	0.013005442917346954	0.11561182141304016	0.018151983618736267	6.666664376098197e-07	0.01815197989344597	0.010526316240429878	0.049002498388290405	0.06741572916507721	0.03269492834806442	0.018725495785474777	0.00909090880304575	-2.4010660126805305e-10	1.622538547962904e-09	0.00917431153357029	0.009686248376965523	0.009686246514320374	0.025567827746272087	9.999999974752427e-07	0.043478261679410934	0.01575428992509842	-2.4010660126805305e-10	0.009493403136730194	0.2075660675764084	9.999999974752427e-07	0.1568257212638855	0.2075660675764084	0.3783048093318939	0.2679571211338043	0.03094799816608429	0.025567827746272087	9.999999974752427e-07	9.999999974752427e-07	0.17497767508029938	0.009708737954497337	0.00909090880304575	0.31831997632980347	0.15682575106620789	0.04121395945549011	0.04972796142101288	0.010204081423580647	0.007700018584728241	0.19181180000305176	9.999999974752427e-07	0.011036902666091919	0.022488459944725037	0.016806723549962044	9.999999974752427e-07	0.009615384973585606	1.622538547962904e-09	1.622538547962904e-09	-2.4010660126805305e-10	1.622538547962904e-09	9.999999974752427e-07	1.622538547962904e-09	0.009803921915590763	1.622538547962904e-09	1.622538547962904e-09	-1.3278622645884752e-08	9.999999974752427e-07	0.3545213043689728	0.02059110254049301	0.010625112801790237	0.21123084425926208	0.02664199471473694	0.0061219222843647	9.999999974752427e-07	0.3018166422843933	0.006626579910516739	0.02059112675487995	0.3018166720867157	0.01864650845527649	-1.3278622645884752e-08	1.622538547962904e-09	0.1669045239686966	0.015181045979261398	9.999999974752427e-07	1.622538547962904e-09	1.622538547962904e-09	0.010238776914775372	1.622538547962904e-09	0.14026254415512085	0.2112308144569397	-1.3278622645884752e-08	1.622538547962904e-09	0.14026251435279846	0.024768419563770294	1.622538547962904e-09	1.622538547962904e-09	0.2112308144569397	-1.3278622645884752e-08	0.011363636702299118	6.912159733474255e-10	0.23242251574993134	-1.3278622645884752e-08	0.006100691854953766	0.29567739367485046	-1.3278622645884752e-08	-1.3278622645884752e-08	1.622538547962904e-09	0.09294700622558594	1.622538547962904e-09	0.06100180745124817	0.01366463303565979	1.622538547962904e-09	0.007563948631286621	0.011995955370366573	0.0061219483613967896	0.030612245202064514	0.00662657618522644	9.073119144886732e-09	-2.4010660126805305e-10	-1.3278622645884752e-08	-1.3278622645884752e-08	-1.3278622645884752e-08	9.999999974752427e-07	0.027936100959777832	0.010625114664435387	0.027522936463356018	0.007871739566326141	9.999999974752427e-07	1.622538547962904e-09	0.006626579910516739	0.14026251435279846	0.010101010091602802	0.09294699132442474	0.14026251435279846	0.29567742347717285	0.21123076975345612	-1.3278622645884752e-08	0.013964534737169743	0.011995954439043999	0.0061219483613967896	0.10661163181066513	1.622538547962904e-09	0.02664199471473694	0.2191026210784912	0.061001840978860855	1.622538547962904e-09	0.013319892808794975	0.0061219483613967896	1.622538547962904e-09	0.10661161690950394	9.999999974752427e-07	-1.3278622645884752e-08	1.622538547962904e-09	1.622538547962904e-09	-2.4010660126805305e-10	1.622538547962904e-09	9.999999974752427e-07	1.622538547962904e-09	0.015181045979261398	1.622538547962904e-09	6.912159733474255e-10	0.010238775983452797	0.007871739566326141	0.006139293313026428	1.622538547962904e-09	9.999999974752427e-07	1.622538547962904e-09	0.3608143925666809	0.07295437157154083	0.008505983278155327	0.28163689374923706	0.009365733712911606	0.026101574301719666	-1.3278622645884752e-08	0.3097529113292694	8.000001798791345e-07	0.07295437157154083	0.3097529113292694	-1.3278622645884752e-08	2.255546860396862e-10	-5.828042048960924e-09	0.22092559933662415	0.024959847331047058	-1.3278622645884752e-08	1.622538547962904e-09	1.622538547962904e-09	-1.3278622645884752e-08	9.999999974752427e-07	0.21155989170074463	0.22092561423778534	2.255546860396862e-10	0.00917431153357029	0.18405704200267792	0.026101604104042053	1.622538547962904e-09	-5.828042048960924e-09	0.22092561423778534	1.622538547962904e-09	-1.3278622645884752e-08	0.008564628660678864	0.29866212606430054	1.622538547962904e-09	9.999999974752427e-07	0.2986621558666229	2.255546860396862e-10	2.255546860396862e-10	1.622538547962904e-09	0.12735037505626678	-5.828042048960924e-09	0.08163265138864517	0.015164926648139954	0.008196720853447914	9.999999974752427e-07	-2.4010660126805305e-10	0.026101581752300262	0.07547169923782349	1.3999997463542968e-06	0.015599853359162807	0.01042632944881916	0.00933072715997696	0.018172089010477066	1.622538547962904e-09	1.622538547962904e-09	0.024959847331047058	0.028257330879569054	9.999999974752427e-07	0.008460670709609985	-1.3278622645884752e-08	9.999999974752427e-07	8.000001798791345e-07	0.14251524209976196	0.009365729987621307	0.12735037505626678	0.14251527190208435	0.2986621558666229	0.2816368341445923	0.00933072715997696	0.05747126415371895	-2.4010660126805305e-10	9.999999974752427e-07	0.14251524209976196	6.000000212225132e-07	0.009365737438201904	0.29009753465652466	0.12735037505626678	0.04308461770415306	-2.4010660126805305e-10	0.00928221084177494	1.622538547962904e-09	0.14251519739627838	9.999999974752427e-07	2.255546860396862e-10	0.027484744787216187	0.017241379246115685	0.009325018152594566	-5.828042048960924e-09	-1.3278622645884752e-08	0.015599831938743591	0.02495983988046646	-2.4010660126805305e-10	9.999999974752427e-07	-1.3278622645884752e-08	0.008460670709609985	0.011090738698840141	1.622538547962904e-09	1.622538547962904e-09	0.01681937463581562
41	-15547.466796875	-1	9	57	76	75	26	89	10	62	48	0	26	84	41	29	91	66	5	0	11	24	14	68	37	85	21	0	0	50	22	3	66	33	67	21	43	7	69	12	0	65	50	77	73	24	43	79	5	42	1	78	57	69	21	34	56	0	70	42	76	31	43	49	25	4	73	63	36	3	21	1	46	80	82	49	14	33	40	77	33	47	9	66	48	69	78	85	57	13	11	50	56	7	32	19	59	7	0	41	47	0.5437127947807312	0.08644906431436539	0.010285336524248123	0.4145510792732239	0.012830331921577454	0.010498285293579102	0.010526316240429878	0.4251323938369751	9.999999974752427e-07	0.08644905686378479	0.44155386090278625	0.06554710865020752	9.999999974752427e-07	9.999999974752427e-07	0.4095746874809265	9.999999974752427e-07	0.005317971110343933	1.622538547962904e-09	1.622538547962904e-09	9.999999974752427e-07	0.02298850566148758	0.39674437046051025	0.4095746576786041	9.999999974752427e-07	0.03314200043678284	0.2897196114063263	0.07604538649320602	1.622538547962904e-09	9.999999974752427e-07	0.4095746576786041	0.0049764662981033325	1.622538547962904e-09	1.622538547962904e-09	0.4145510196685791	0.03333333507180214	-1.3278622645884752e-08	0.42513248324394226	9.999999974752427e-07	9.999999974752427e-07	1.622538547962904e-09	0.22580645978450775	0.012048192322254181	0.1361638456583023	-1.3278622645884752e-08	9.999999974752427e-07	-1.3278622645884752e-08	1.622538547962904e-09	0.010498279705643654	0.1361638605594635	0.030567780137062073	0.02411612868309021	1.622538547962904e-09	0.008196720853447914	0.010869565419852734	9.999999974752427e-07	0.010526316240429878	0.026113219559192657	0.019338728860020638	-2.4010660126805305e-10	-1.3278622645884752e-08	1.622538547962904e-09	-1.3278622645884752e-08	0.030567795038223267	0.2705919146537781	9.999999974752427e-07	0.26527389883995056	0.2705919146537781	0.4251324534416199	0.40957462787628174	0.030927833169698715	0.05588129162788391	1.622538547962904e-09	0.010498277842998505	0.2652738690376282	-1.3278622645884752e-08	0.012830331921577454	0.4145510792732239	0.22250455617904663	0.08634074777364731	1.622538547962904e-09	0.010498279705643654	1.622538547962904e-09	0.26527389883995056	0.036036036908626556	0.009900989942252636	0.062224678695201874	0.029082641005516052	0.009053405374288559	9.999999974752427e-07	0.012195121496915817	9.999999974752427e-07	0.008547008968889713	-1.3278622645884752e-08	1.622538547962904e-09	9.999999974752427e-07	-1.3278622645884752e-08	-1.3278622645884752e-08	1.622538547962904e-09	9.999999974752427e-07	1.622538547962904e-09	0.4231007397174835	0.044965580105781555	0.010405870154500008	0.2722354531288147	0.010044899769127369	0.021052632480859756	9.999999974752427e-07	0.31625208258628845	0.018691588193178177	0.052262965589761734	0.31625211238861084	0.01785714365541935	0.010989011265337467	1.622538547962904e-09	0.2722354531288147	9.999999974752427e-07	1.622538547962904e-09	0.019417475908994675	1.622538547962904e-09	9.999999974752427e-07	6.666664376098197e-07	0.2291666716337204	0.2722354531288147	9.999999974752427e-07	1.3333333299669903e-06	0.1819043606519699	0.09699182957410812	1.622538547962904e-09	0.0078512504696846	0.2722354531288147	1.622538547962904e-09	1.622538547962904e-09	0.010638297535479069	0.31625205278396606	9.999999974752427e-07	-7.275957614183426e-12	0.31625205278396606	0.010526316240429878	0.009009009227156639	1.622538547962904e-09	0.10256189852952957	1.622538547962904e-09	0.060657065361738205	0.008510754443705082	6.666664376098197e-07	-7.275957614183426e-12	9.999999974752427e-07	1.3999997463542968e-06	0.05226297304034233	0.034559719264507294	0.022432170808315277	2.255546860396862e-10	9.999999974752427e-07	9.999999974752427e-07	9.999999974752427e-07	0.008264463394880295	0.009856700897216797	0.010405870154500008	0.008394069969654083	1.622538547962904e-09	1.622538547962904e-09	0.008510754443705082	0.03455972298979759	0.18190431594848633	0.010044899769127369	0.11764705926179886	0.18190434575080872	0.31625205278396606	0.2722354531288147	0.042105261236429214	0.010405870154500008	9.999999974752427e-07	8.000001798791345e-07	0.18190434575080872	1.622538547962904e-09	0.010044898837804794	0.2722354531288147	0.10256187617778778	0.04190480709075928	9.999999974752427e-07	8.000001798791345e-07	0.00729738175868988	0.18190434575080872	1.622538547962904e-09	0.016949152573943138	0.019472597166895866	9.999999974752427e-07	2.255546860396862e-10	1.622538547962904e-09	0.011627906933426857	0.014580920338630676	9.999999974752427e-07	1.622538547962904e-09	9.999999974752427e-07	9.999999974752427e-07	1.622538547962904e-09	1.622538547962904e-09	1.622538547962904e-09	1.622538547962904e-09	6.000000212225132e-07	0.4494662880897522	0.08000115305185318	9.999999974752427e-07	0.3330483138561249	-1.3278622645884752e-08	0.03483249247074127	9.999999974752427e-07	0.386263370513916	0.009220771491527557	0.08756303787231445	0.38626334071159363	0.013322077691555023	-1.3278622645884752e-08	8.000001798791345e-07	0.2947915494441986	9.999999974752427e-07	0.029411764815449715	9.999999974752427e-07	-1.3278622645884752e-08	0.008118398487567902	0.010526316240429878	0.2947915494441986	0.2947915196418762	-1.3278622645884752e-08	0.01075268816202879	0.2947915196418762	0.04815460741519928	-1.3278622645884752e-08	0.02777777798473835	0.2947915494441986	0.019186578691005707	9.999999974752427e-07	0.008000463247299194	0.38626325130462646	-1.3278622645884752e-08	1.622538547962904e-09	0.38626331090927124	-1.3278622645884752e-08	-1.3278622645884752e-08	-1.3278622645884752e-08	0.1528805047273636	1.3999997463542968e-06	0.08756301552057266	0.009048528037965298	9.999999974752427e-07	1.622538547962904e-09	0.009130984544754028	0.02860131859779358	0.08756303787231445	0.009220770560204983	0.04123711213469505	9.999999974752427e-07	-1.3278622645884752e-08	-1.3278622645884752e-08	-1.3278622645884752e-08	0.008003763854503632	0.015048369765281677	0.029999999329447746	1.622538547962904e-09	0.00909090880304575	9.999999974752427e-07	0.009048528969287872	0.009220771491527557	0.2947915196418762	-1.3278622645884752e-08	0.15288051962852478	0.2499999850988388	0.38626334071159363	0.31386175751686096	-1.3278622645884752e-08	0.032608695328235626	0.009130991995334625	9.999999974752427e-07	0.16192904114723206	-2.4010660126805305e-10	-1.3278622645884752e-08	0.36913180351257324	0.1528804898262024	0.06531748175621033	0.009130977094173431	0.028601333498954773	0.00756189227104187	0.16814157366752625	1.622538547962904e-09	-1.3278622645884752e-08	0.021052632480859756	0.009900989942252636	0.027272727340459824	8.000001798791345e-07	0.005203664302825928	0.008620689623057842	0.007044591009616852	-1.3278622645884752e-08	0.008000463247299194	0.008118398487567902	9.999999974752427e-07	-1.3278622645884752e-08	-1.3278622645884752e-08	6.000000212225132e-07	1.622538547962904e-09	0.4417252242565155	0.024390242993831635	9.999999974752427e-07	0.30527326464653015	0.010416666977107525	0.014637134969234467	9.999999974752427e-07	0.3760969042778015	9.999999974752427e-07	0.04878048598766327	0.3760969042778015	0.05099133402109146	9.999999974752427e-07	0.008882244117558002	0.30527329444885254	1.622538547962904e-09	1.622538547962904e-09	1.622538547962904e-09	1.622538547962904e-09	0.030414395034313202	0.012048192322254181	0.29318323731422424	0.30527329444885254	9.999999974752427e-07	0.017391303554177284	0.2670987844467163	0.06562843918800354	1.622538547962904e-09	0.010416666977107525	0.30527329444885254	1.622538547962904e-09	1.622538547962904e-09	1.622538547962904e-09	0.30527329444885254	1.622538547962904e-09	0.010526316240429878	0.3760969042778015	9.999999974752427e-07	9.999999974752427e-07	1.622538547962904e-09	0.14387741684913635	0.025641025975346565	0.07431013137102127	0.032608695328235626	9.999999974752427e-07	0.009615384973585606	1.622538547962904e-09	0.014637134969234467	0.07431011646986008	0.010309278033673763	0.04452747106552124	0.009433962404727936	9.999999974752427e-07	1.622538547962904e-09	1.622538547962904e-09	1.622538547962904e-09	1.622538547962904e-09	0.009569531306624413	1.622538547962904e-09	1.622538547962904e-09	1.622538547962904e-09	0.01123595517128706	9.999999974752427e-07	0.20471768081188202	9.999999974752427e-07	0.14387740194797516	0.2047176957130432	0.3052733242511749	0.30527329444885254	0.026084452867507935	0.009569531306624413	1.622538547962904e-09	0.010101010091602802	0.204717755317688	0.010204081423580647	0.010989011265337467	0.30527329444885254	0.14387741684913635	0.06956732273101807	1.622538547962904e-09	0.01463712751865387	9.999999974752427e-07	0.20471777021884918	0.009803921915590763	9.999999974752427e-07	0.025039762258529663	9.999999974752427e-07	9.999999974752427e-07	0.008882243186235428	0.020576931536197662	9.999999974752427e-07	1.622538547962904e-09	1.622538547962904e-09	1.622538547962904e-09	9.999999974752427e-07	1.622538547962904e-09	1.622538547962904e-09	1.622538547962904e-09	9.999999974752427e-07	1.622538547962904e-09	0.3537144362926483	0.02641158550977707	4.2857209336943924e-07	0.20192477107048035	1.622538547962904e-09	0.027027027681469917	-7.275957614183426e-12	0.28152182698249817	1.622538547962904e-09	0.026411592960357666	0.2815217971801758	0.010256588459014893	9.999999974752427e-07	1.622538547962904e-09	0.20192477107048035	9.999999974752427e-07	1.622538547962904e-09	9.999999974752427e-07	1.622538547962904e-09	0.010256589390337467	1.622538547962904e-09	0.20192474126815796	0.20192478597164154	1.622538547962904e-09	1.622538547962904e-09	0.16246558725833893	0.05873368680477142	1.622538547962904e-09	0.027633346617221832	0.20192477107048035	-1.3278622645884752e-08	1.622538547962904e-09	-1.3278622645884752e-08	0.20192483067512512	0.008206691592931747	9.999999974752427e-07	0.2740027904510498	1.622538547962904e-09	9.999999974752427e-07	1.622538547962904e-09	0.05703481286764145	1.622538547962904e-09	0.026411592960357666	0.03179077059030533	1.622538547962904e-09	9.999999974752427e-07	-1.3278622645884752e-08	0.009401541203260422	0.026411592960357666	0.009916093200445175	0.027633368968963623	4.2857209336943924e-07	1.622538547962904e-09	0.013445600867271423	0.008206691592931747	9.999999974752427e-07	0.013458997011184692	1.2857158253609668e-06	-1.3278622645884752e-08	-1.3278622645884752e-08	1.622538547962904e-09	9.999999974752427e-07	1.622538547962904e-09	0.16246557235717773	1.622538547962904e-09	0.05703481659293175	0.10570608824491501	0.2626262605190277	0.20192477107048035	0.01780684106051922	1.2857121873821598e-06	-1.3278622645884752e-08	9.999999974752427e-07	0.08882559835910797	0.009916089475154877	1.622538547962904e-09	0.20192478597164154	0.05404490604996681	0.027633339166641235	-1.3278622645884752e-08	0.009401543065905571	1.622538547962904e-09	0.1057060956954956	-1.3278622645884752e-08	0.017806850373744965	1.622538547962904e-09	1.622538547962904e-09	4.2857209336943924e-07	1.622538547962904e-09	-7.275957614183426e-12	1.622538547962904e-09	9.999999974752427e-07	1.622538547962904e-09	-1.3278622645884752e-08	9.999999974752427e-07	-1.3278622645884752e-08	0.007519088685512543	1.622538547962904e-09	1.622538547962904e-09	2.255546860396862e-10	0.5330701470375061	0.005072489380836487	5.000001692678779e-07	0.3791336119174957	0.015137098729610443	0.04571789503097534	9.999999974752427e-07	0.47317150235176086	1.622538547962904e-09	0.08930285274982452	0.47317150235176086	0.014180606231093407	0.010177051648497581	9.999999974752427e-07	0.283880352973938	-1.3278622645884752e-08	1.622538547962904e-09	0.009429067373275757	-1.3278622645884752e-08	0.007485583424568176	9.999999974752427e-07	0.2687433063983917	0.3461630940437317	0.011049933731555939	0.012431889772415161	0.21618443727493286	0.059898555278778076	-1.3278622645884752e-08	1.622538547962904e-09	0.2838802933692932	0.030927835032343864	0.04472166299819946	-1.3278622645884752e-08	0.39345017075538635	1.622538547962904e-09	-1.3278622645884752e-08	0.39345014095306396	0.011049933731555939	0.010177051648497581	-1.3278622645884752e-08	0.16346153616905212	0.04000958055257797	0.08930287510156631	-1.3278622645884752e-08	0.010416666977107525	-1.3278622645884752e-08	0.014316469430923462	0.036288827657699585	0.08930285274982452	1.622538547962904e-09	0.0478060245513916	5.000001692678779e-07	0.028037382289767265	1.622538547962904e-09	1.622538547962904e-09	-1.3278622645884752e-08	-1.3278622645884752e-08	1.5000005078036338e-06	1.622538547962904e-09	-1.3278622645884752e-08	9.999999974752427e-07	-1.3278622645884752e-08	1.622538547962904e-09	0.21618443727493286	0.015137098729610443	0.171462744474411	0.21618443727493286	0.39345014095306396	0.3461630940437317	0.05255882441997528	0.005072489380836487	9.999999974752427e-07	0.02286946028470993	0.1714627593755722	1.622538547962904e-09	0.01513710618019104	0.37913358211517334	0.1495407670736313	0.06023794412612915	0.014316461980342865	0.02286946028470993	0.008695651777088642	0.1714627593755722	1.622538547962904e-09	0.010177051648497581	0.012431896291673183	1.622538547962904e-09	5.000001692678779e-07	9.999999974752427e-07	0.0066950395703315735	0.007796458899974823	-1.3278622645884752e-08	0.030927835032343864	-1.3278622645884752e-08	0.007485583424568176	-1.3278622645884752e-08	0.02777777798473835	-1.3278622645884752e-08	9.999999974752427e-07	0.008695651777088642	0.3669218420982361	0.04854368790984154	5.000001692678779e-07	0.19233903288841248	1.622538547962904e-09	0.021178677678108215	0.01907866820693016	0.26595741510391235	9.999999974752427e-07	0.0752153992652893	0.2984440326690674	0.01907867193222046	9.999999974752427e-07	0.010416666977107525	0.19233903288841248	0.010324249044060707	0.007624365389347076	1.622538547962904e-09	1.622538547962904e-09	1.622538547962904e-09	9.999999974752427e-07	0.19233901798725128	0.19233904778957367	1.622538547962904e-09	0.026356376707553864	0.16347560286521912	0.04025731980800629	1.622538547962904e-09	1.622538547962904e-09	0.19233901798725128	1.622538547962904e-09	0.015332028269767761	0.0117647061124444	0.24910278618335724	0.01778506115078926	-1.3278622645884752e-08	0.24910277128219604	1.622538547962904e-09	9.999999974752427e-07	1.622538547962904e-09	0.1170303225517273	0.015458554029464722	0.0752154290676117	-1.3278622645884752e-08	0.00909090880304575	-1.3278622645884752e-08	0.009573204442858696	0.02117867022752762	0.0752154216170311	0.018691588193178177	0.015458546578884125	5.000001692678779e-07	0.005539216101169586	1.622538547962904e-09	0.01778506115078926	9.999999974752427e-07	0.02822047472000122	1.5000005078036338e-06	1.622538547962904e-09	9.999999974752427e-07	9.999999974752427e-07	-1.3278622645884752e-08	9.999999974752427e-07	0.16347560286521912	1.622538547962904e-09	0.14051920175552368	0.16347560286521912	0.24910280108451843	0.19233901798725128	0.011078406125307083	0.010101010091602802	0.009573204442858696	0.009177442640066147	0.14051921665668488	0.008695651777088642	1.622538547962904e-09	0.2222222089767456	0.11703035235404968	0.04181492328643799	0.011904762126505375	0.009177440777420998	0.010869565419852734	0.14051920175552368	-1.3278622645884752e-08	0.005539216101169586	0.026356376707553864	1.622538547962904e-09	5.000001692678779e-07	0.009999999776482582	0.01907867006957531	1.622538547962904e-09	0.010324249044060707	9.999999974752427e-07	9.999999974752427e-07	1.622538547962904e-09	9.999999974752427e-07	9.999999974752427e-07	1.622538547962904e-09	9.999999974752427e-07	0.012001216411590576	0.43699371814727783	0.05826278030872345	9.999999974752427e-07	0.2679571807384491	9.999999974752427e-07	0.04900254309177399	1.622538547962904e-09	0.3783048689365387	0.009493403136730194	0.06596280634403229	0.3783048391342163	1.622538547962904e-09	9.999999974752427e-07	0.01123595517128706	0.2679571509361267	-2.4010660126805305e-10	1.622538547962904e-09	-1.3278622645884752e-08	1.622538547962904e-09	1.622538547962904e-09	6.666664376098197e-07	0.2545320391654968	0.2679571509361267	0.010989011265337467	1.3333333299669903e-06	0.20756608247756958	0.04900255426764488	1.622538547962904e-09	0.005720056593418121	0.2679571509361267	1.622538547962904e-09	0.01575428992509842	0.010256931185722351	0.3783048391342163	0.01601792871952057	-2.4010660126805305e-10	0.3783048689365387	0.019911106675863266	9.999999974752427e-07	1.622538547962904e-09	0.1568257212638855	0.013005435466766357	0.11561180651187897	0.01815195381641388	6.666664376098197e-07	0.01815195381641388	0.010526316240429878	0.04900252819061279	0.06741572916507721	0.03269492834806442	0.018725495785474777	0.00909090880304575	-2.4010660126805305e-10	1.622538547962904e-09	0.00917431153357029	0.009686267003417015	0.009686268866062164	0.025567827746272087	9.999999974752427e-07	0.043478261679410934	0.01575428992509842	-2.4010660126805305e-10	0.009493403136730194	0.20756609737873077	9.999999974752427e-07	0.15682576596736908	0.20756609737873077	0.3783048689365387	0.2679571211338043	0.030948013067245483	0.025567827746272087	9.999999974752427e-07	9.999999974752427e-07	0.17497771978378296	0.009708737954497337	0.00909090880304575	0.31832000613212585	0.1568257361650467	0.04121395945549011	0.04972795397043228	0.010204081423580647	0.007700018584728241	0.19181180000305176	9.999999974752427e-07	0.011036910116672516	0.022488445043563843	0.016806723549962044	9.999999974752427e-07	0.009615384973585606	1.622538547962904e-09	1.622538547962904e-09	-2.4010660126805305e-10	1.622538547962904e-09	9.999999974752427e-07	1.622538547962904e-09	0.009803921915590763	1.622538547962904e-09	1.622538547962904e-09	9.999999974752427e-07	9.999999974752427e-07	0.3545213043689728	0.02059110254049301	0.010625112801790237	0.21123084425926208	0.02664199471473694	0.0061219222843647	9.999999974752427e-07	0.3018166422843933	0.006626579910516739	0.02059112675487995	0.3018166720867157	0.01864650845527649	-1.3278622645884752e-08	1.622538547962904e-09	0.1669045239686966	0.015181045979261398	9.999999974752427e-07	1.622538547962904e-09	1.622538547962904e-09	0.010238776914775372	1.622538547962904e-09	0.14026254415512085	0.2112308144569397	-1.3278622645884752e-08	1.622538547962904e-09	0.14026251435279846	0.024768419563770294	1.622538547962904e-09	1.622538547962904e-09	0.2112308144569397	-1.3278622645884752e-08	0.011363636702299118	6.912159733474255e-10	0.23242251574993134	-1.3278622645884752e-08	0.006100691854953766	0.29567739367485046	-1.3278622645884752e-08	-1.3278622645884752e-08	1.622538547962904e-09	0.09294700622558594	1.622538547962904e-09	0.06100182980298996	0.01366463303565979	1.622538547962904e-09	0.007563948631286621	0.011995955370366573	0.0061219483613967896	0.030612245202064514	0.00662657618522644	9.073119144886732e-09	-2.4010660126805305e-10	-1.3278622645884752e-08	-1.3278622645884752e-08	-1.3278622645884752e-08	9.999999974752427e-07	0.027936100959777832	0.010625114664435387	0.027522936463356018	0.007871739566326141	9.999999974752427e-07	1.622538547962904e-09	0.006626579910516739	0.14026251435279846	0.010101010091602802	0.09294699132442474	0.14026251435279846	0.29567742347717285	0.21123076975345612	-1.3278622645884752e-08	0.013964534737169743	0.011995954439043999	0.0061219483613967896	0.10661163181066513	1.622538547962904e-09	0.02664199471473694	0.2191026210784912	0.06100182980298996	9.073119144886732e-09	0.013319892808794975	0.0061219483613967896	1.622538547962904e-09	0.10661161690950394	9.999999974752427e-07	-1.3278622645884752e-08	1.622538547962904e-09	1.622538547962904e-09	-2.4010660126805305e-10	1.622538547962904e-09	9.999999974752427e-07	1.622538547962904e-09	0.015181045979261398	1.622538547962904e-09	6.912159733474255e-10	0.010238775983452797	0.007871739566326141	0.006139293313026428	1.622538547962904e-09	1.622538547962904e-09	1.622538547962904e-09	0.36081433296203613	0.07295437157154083	0.008505983278155327	0.2816368341445923	0.009365733712911606	0.02610158920288086	-1.3278622645884752e-08	0.3097529113292694	8.000001798791345e-07	0.07295437157154083	0.3097529113292694	-1.3278622645884752e-08	2.255546860396862e-10	-5.828042048960924e-09	0.22092562913894653	0.024959862232208252	-1.3278622645884752e-08	1.622538547962904e-09	1.622538547962904e-09	-1.3278622645884752e-08	9.999999974752427e-07	0.21155990660190582	0.22092559933662415	2.255546860396862e-10	0.00917431153357029	0.1840570569038391	0.026101604104042053	1.622538547962904e-09	-5.828042048960924e-09	0.22092556953430176	1.622538547962904e-09	-1.3278622645884752e-08	0.008564617484807968	0.29866212606430054	1.622538547962904e-09	9.999999974752427e-07	0.29866212606430054	2.255546860396862e-10	2.255546860396862e-10	1.622538547962904e-09	0.1273503601551056	-5.828042048960924e-09	0.08163265138864517	0.015164881944656372	0.008196720853447914	9.999999974752427e-07	-2.4010660126805305e-10	0.026101604104042053	0.07547169923782349	1.3999997463542968e-06	0.015599875710904598	0.01042632944881916	0.009330730885267258	0.018172092735767365	1.622538547962904e-09	1.622538547962904e-09	0.024959862232208252	0.028257330879569054	9.999999974752427e-07	0.008460670709609985	-1.3278622645884752e-08	9.999999974752427e-07	8.000001798791345e-07	0.14251528680324554	0.009365737438201904	0.12735037505626678	0.14251530170440674	0.29866212606430054	0.2816368341445923	0.009330730885267258	0.05747126415371895	-2.4010660126805305e-10	9.999999974752427e-07	0.14251524209976196	6.000000212225132e-07	0.009365744888782501	0.29009750485420227	0.1273503601551056	0.04308459907770157	-2.4010660126805305e-10	0.009282222017645836	1.622538547962904e-09	0.14251519739627838	9.999999974752427e-07	2.255546860396862e-10	0.027484767138957977	0.017241379246115685	0.009325018152594566	-5.828042048960924e-09	-1.3278622645884752e-08	0.015599831938743591	0.02495986968278885	-2.4010660126805305e-10	9.999999974752427e-07	-1.3278622645884752e-08	0.008460666984319687	0.011090755462646484	1.622538547962904e-09	-5.828042048960924e-09	0.016819385811686516
42	-15547.466796875	-1	9	57	76	75	26	89	10	62	48	0	26	84	41	29	91	66	5	0	11	24	14	68	37	85	21	0	0	50	22	3	66	33	67	21	43	7	69	12	0	65	50	77	73	24	43	79	5	42	1	78	57	69	21	34	56	0	70	42	76	31	43	49	25	4	73	63	36	3	21	1	46	80	82	49	14	33	40	77	33	47	9	66	48	69	78	85	57	13	11	50	56	7	32	19	59	7	0	42	47	0.543712854385376	0.08644906431436539	0.010285336524248123	0.41455113887786865	0.01283031702041626	0.010498285293579102	0.010526316240429878	0.42513251304626465	9.999999974752427e-07	0.08644905686378479	0.44155392050743103	0.06554712355136871	9.999999974752427e-07	9.999999974752427e-07	0.4095746576786041	9.999999974752427e-07	0.005318000912666321	1.622538547962904e-09	1.622538547962904e-09	9.999999974752427e-07	0.02298850566148758	0.39674434065818787	0.4095746576786041	9.999999974752427e-07	0.03314200043678284	0.2897196412086487	0.07604538649320602	1.622538547962904e-09	9.999999974752427e-07	0.4095746576786041	0.0049764662981033325	1.622538547962904e-09	1.622538547962904e-09	0.4145510792732239	0.03333333507180214	-1.3278622645884752e-08	0.42513248324394226	9.999999974752427e-07	9.999999974752427e-07	1.622538547962904e-09	0.22580642998218536	0.012048192322254181	0.1361638307571411	-1.3278622645884752e-08	9.999999974752427e-07	-1.3278622645884752e-08	1.622538547962904e-09	0.01049828715622425	0.1361638456583023	0.030567780137062073	0.024116113781929016	1.622538547962904e-09	0.008196720853447914	0.010869565419852734	9.999999974752427e-07	0.010526316240429878	0.026113241910934448	0.019338728860020638	-2.4010660126805305e-10	-1.3278622645884752e-08	1.622538547962904e-09	-1.3278622645884752e-08	0.030567795038223267	0.2705919146537781	9.999999974752427e-07	0.26527392864227295	0.27059194445610046	0.42513251304626465	0.4095746874809265	0.030927833169698715	0.05588129162788391	1.622538547962904e-09	0.010498285293579102	0.26527389883995056	-1.3278622645884752e-08	0.01283031702041626	0.41455113887786865	0.22250455617904663	0.08634073287248611	1.622538547962904e-09	0.01049828715622425	1.622538547962904e-09	0.26527392864227295	0.036036036908626556	0.009900989942252636	0.06222467124462128	0.029082641005516052	0.009053405374288559	9.999999974752427e-07	0.012195121496915817	9.999999974752427e-07	0.008547008968889713	-1.3278622645884752e-08	1.622538547962904e-09	9.999999974752427e-07	-1.3278622645884752e-08	-1.3278622645884752e-08	1.622538547962904e-09	-2.4010660126805305e-10	1.622538547962904e-09	0.4231007397174835	0.04496558755636215	0.010405870154500008	0.2722354531288147	0.010044899769127369	0.021052632480859756	9.999999974752427e-07	0.31625208258628845	0.018691588193178177	0.05226297304034233	0.31625211238861084	0.01785714365541935	0.010989011265337467	1.622538547962904e-09	0.2722354531288147	9.999999974752427e-07	1.622538547962904e-09	0.019417475908994675	1.622538547962904e-09	9.999999974752427e-07	6.666664376098197e-07	0.2291666716337204	0.2722354531288147	9.999999974752427e-07	1.3333333299669903e-06	0.1819043606519699	0.09699182957410812	1.622538547962904e-09	0.0078512541949749	0.2722354531288147	1.622538547962904e-09	1.622538547962904e-09	0.010638297535479069	0.31625205278396606	9.999999974752427e-07	-7.275957614183426e-12	0.31625205278396606	0.010526316240429878	0.009009009227156639	1.622538547962904e-09	0.10256185382604599	1.622538547962904e-09	0.06065705046057701	0.008510754443705082	6.666664376098197e-07	-7.275957614183426e-12	9.999999974752427e-07	1.3999997463542968e-06	0.05226297304034233	0.034559719264507294	0.022432178258895874	2.255546860396862e-10	9.999999974752427e-07	9.999999974752427e-07	9.999999974752427e-07	0.008264463394880295	0.009856700897216797	0.010405870154500008	0.008394096046686172	1.622538547962904e-09	1.622538547962904e-09	0.008510754443705082	0.03455972298979759	0.18190431594848633	0.010044899769127369	0.11764705181121826	0.18190434575080872	0.31625205278396606	0.2722354531288147	0.042105261236429214	0.010405870154500008	9.999999974752427e-07	8.000001798791345e-07	0.18190434575080872	1.622538547962904e-09	0.010044898837804794	0.2722354531288147	0.10256189107894897	0.04190480709075928	9.999999974752427e-07	8.000001798791345e-07	0.007297396659851074	0.18190434575080872	1.622538547962904e-09	0.016949152573943138	0.01947261206805706	9.999999974752427e-07	2.255546860396862e-10	1.622538547962904e-09	0.011627906933426857	0.014580924063920975	9.999999974752427e-07	1.622538547962904e-09	9.999999974752427e-07	9.999999974752427e-07	1.622538547962904e-09	1.622538547962904e-09	1.622538547962904e-09	1.622538547962904e-09	6.000000212225132e-07	0.449466347694397	0.08000114560127258	9.999999974752427e-07	0.33304834365844727	-1.3278622645884752e-08	0.03483249247074127	9.999999974752427e-07	0.3862634003162384	0.009220771491527557	0.08756303787231445	0.386263370513916	0.013322077691555023	-1.3278622645884752e-08	9.999999974752427e-07	0.294791579246521	9.999999974752427e-07	0.029411764815449715	9.999999974752427e-07	-1.3278622645884752e-08	0.008118398487567902	0.010526316240429878	0.294791579246521	0.2947915494441986	-1.3278622645884752e-08	0.01075268816202879	0.2947915494441986	0.04815460741519928	-1.3278622645884752e-08	0.02777777798473835	0.294791579246521	0.019186578691005707	9.999999974752427e-07	0.008000463247299194	0.38626328110694885	-1.3278622645884752e-08	1.622538547962904e-09	0.38626334071159363	-1.3278622645884752e-08	-1.3278622645884752e-08	-1.3278622645884752e-08	0.1528805047273636	9.999999974752427e-07	0.08756304532289505	0.009048539213836193	9.999999974752427e-07	1.622538547962904e-09	0.009130984544754028	0.02860131859779358	0.08756302297115326	0.009220770560204983	0.04123711213469505	9.999999974752427e-07	-1.3278622645884752e-08	-1.3278622645884752e-08	-1.3278622645884752e-08	0.008003763854503632	0.015048369765281677	0.029999999329447746	1.622538547962904e-09	0.00909090880304575	9.999999974752427e-07	0.009048540145158768	0.009220771491527557	0.2947915494441986	-1.3278622645884752e-08	0.15288051962852478	0.25	0.386263370513916	0.31386178731918335	-1.3278622645884752e-08	0.032608695328235626	0.009130991995334625	9.999999974752427e-07	0.16192904114723206	-2.4010660126805305e-10	-1.3278622645884752e-08	0.36913183331489563	0.15288051962852478	0.06531751155853271	0.009130977094173431	0.028601333498954773	0.007561886683106422	0.16814158856868744	1.622538547962904e-09	-1.3278622645884752e-08	0.021052632480859756	0.009900989942252636	0.027272727340459824	9.999999974752427e-07	0.005203664302825928	0.008620689623057842	0.007044591009616852	-1.3278622645884752e-08	0.008000463247299194	0.008118398487567902	9.999999974752427e-07	-1.3278622645884752e-08	-1.3278622645884752e-08	1.622538547962904e-09	1.622538547962904e-09	0.4417252242565155	0.024390242993831635	9.999999974752427e-07	0.30527326464653015	0.010416666977107525	0.014637134969234467	9.999999974752427e-07	0.3760969042778015	9.999999974752427e-07	0.04878048598766327	0.3760969042778015	0.05099133402109146	9.999999974752427e-07	0.008882244117558002	0.30527329444885254	1.622538547962904e-09	1.622538547962904e-09	1.622538547962904e-09	1.622538547962904e-09	0.030414395034313202	0.012048192322254181	0.29318323731422424	0.30527329444885254	9.999999974752427e-07	0.017391303554177284	0.2670987844467163	0.06562843918800354	1.622538547962904e-09	0.010416666977107525	0.30527329444885254	1.622538547962904e-09	1.622538547962904e-09	1.622538547962904e-09	0.30527329444885254	1.622538547962904e-09	0.010526316240429878	0.3760969042778015	9.999999974752427e-07	9.999999974752427e-07	1.622538547962904e-09	0.14387741684913635	0.025641024112701416	0.07431013137102127	0.032608695328235626	9.999999974752427e-07	0.009615384973585606	1.622538547962904e-09	0.014637134969234467	0.07431011646986008	0.010309278033673763	0.04452746734023094	0.009433962404727936	9.999999974752427e-07	1.622538547962904e-09	1.622538547962904e-09	1.622538547962904e-09	1.622538547962904e-09	0.009569531306624413	1.622538547962904e-09	1.622538547962904e-09	1.622538547962904e-09	0.01123595517128706	9.999999974752427e-07	0.20471768081188202	9.999999974752427e-07	0.14387740194797516	0.2047176957130432	0.3052733242511749	0.30527329444885254	0.026084452867507935	0.009569531306624413	1.622538547962904e-09	0.010101010091602802	0.204717755317688	0.010204081423580647	0.010989011265337467	0.30527329444885254	0.14387740194797516	0.06956732273101807	1.622538547962904e-09	0.01463712751865387	9.999999974752427e-07	0.20471777021884918	0.009803921915590763	9.999999974752427e-07	0.025039762258529663	9.999999974752427e-07	9.999999974752427e-07	0.008882243186235428	0.020576931536197662	9.999999974752427e-07	1.622538547962904e-09	1.622538547962904e-09	1.622538547962904e-09	9.999999974752427e-07	1.622538547962904e-09	1.622538547962904e-09	1.622538547962904e-09	1.622538547962904e-09	1.622538547962904e-09	0.3537144362926483	0.02641158550977707	4.2857209336943924e-07	0.20192477107048035	1.622538547962904e-09	0.027027027681469917	-7.275957614183426e-12	0.28152182698249817	1.622538547962904e-09	0.026411592960357666	0.2815217971801758	0.010256588459014893	9.999999974752427e-07	1.622538547962904e-09	0.20192477107048035	9.999999974752427e-07	1.622538547962904e-09	9.999999974752427e-07	1.622538547962904e-09	0.010256589390337467	1.622538547962904e-09	0.20192474126815796	0.20192478597164154	1.622538547962904e-09	1.622538547962904e-09	0.16246558725833893	0.05873368680477142	1.622538547962904e-09	0.027633335441350937	0.20192477107048035	-1.3278622645884752e-08	1.622538547962904e-09	-1.3278622645884752e-08	0.20192483067512512	0.008206691592931747	9.999999974752427e-07	0.2740027904510498	1.622538547962904e-09	9.999999974752427e-07	1.622538547962904e-09	0.057034820318222046	1.622538547962904e-09	0.026411592960357666	0.03179077059030533	1.622538547962904e-09	9.999999974752427e-07	-1.3278622645884752e-08	0.009401541203260422	0.02641156315803528	0.009916093200445175	0.027633339166641235	4.2857209336943924e-07	1.622538547962904e-09	0.013445600867271423	0.008206691592931747	9.999999974752427e-07	0.013458997011184692	1.2857158253609668e-06	-1.3278622645884752e-08	-1.3278622645884752e-08	1.622538547962904e-09	9.999999974752427e-07	1.622538547962904e-09	0.16246557235717773	1.622538547962904e-09	0.05703481286764145	0.1057061031460762	0.2626262605190277	0.20192477107048035	0.01780684106051922	1.2857121873821598e-06	-1.3278622645884752e-08	9.999999974752427e-07	0.08882559835910797	0.009916089475154877	1.622538547962904e-09	0.20192478597164154	0.0540449321269989	0.027633339166641235	-1.3278622645884752e-08	0.009401543065905571	1.622538547962904e-09	0.1057060956954956	-1.3278622645884752e-08	0.017806850373744965	1.622538547962904e-09	1.622538547962904e-09	4.2857209336943924e-07	1.622538547962904e-09	-7.275957614183426e-12	1.622538547962904e-09	9.999999974752427e-07	1.622538547962904e-09	-1.3278622645884752e-08	9.999999974752427e-07	-1.3278622645884752e-08	0.007519088685512543	1.622538547962904e-09	-1.3278622645884752e-08	2.255546860396862e-10	0.5330700874328613	0.005072489380836487	5.000001692678779e-07	0.37913358211517334	0.015137091279029846	0.045717909932136536	9.999999974752427e-07	0.4731714725494385	1.622538547962904e-09	0.08930286765098572	0.4731714725494385	0.01418062299489975	0.010177051648497581	9.999999974752427e-07	0.2838802933692932	-1.3278622645884752e-08	1.622538547962904e-09	0.009429080411791801	-1.3278622645884752e-08	0.007485583424568176	9.999999974752427e-07	0.26874327659606934	0.3461630642414093	0.011049933731555939	0.012431904673576355	0.21618437767028809	0.059898510575294495	-1.3278622645884752e-08	1.622538547962904e-09	0.2838802933692932	0.030927835032343864	0.04472170025110245	-1.3278622645884752e-08	0.3934501111507416	1.622538547962904e-09	-1.3278622645884752e-08	0.39345014095306396	0.011049933731555939	0.010177051648497581	-1.3278622645884752e-08	0.16346153616905212	0.04000958800315857	0.08930283784866333	-1.3278622645884752e-08	0.010416666977107525	-1.3278622645884752e-08	0.014316454529762268	0.03628883510828018	0.08930286765098572	1.622538547962904e-09	0.047806039452552795	5.000001692678779e-07	0.028037382289767265	1.622538547962904e-09	1.622538547962904e-09	-1.3278622645884752e-08	-1.3278622645884752e-08	1.5000005078036338e-06	1.622538547962904e-09	-1.3278622645884752e-08	9.999999974752427e-07	-1.3278622645884752e-08	1.622538547962904e-09	0.21618446707725525	0.015137091279029846	0.171462744474411	0.21618443727493286	0.39345014095306396	0.3461630642414093	0.05255882441997528	0.005072489380836487	9.999999974752427e-07	0.02286946028470993	0.1714627593755722	1.622538547962904e-09	0.015137091279029846	0.37913355231285095	0.14954078197479248	0.06023792922496796	0.014316447079181671	0.02286946028470993	0.008695651777088642	0.1714627742767334	1.622538547962904e-09	0.010177051648497581	0.012431896291673183	1.622538547962904e-09	5.000001692678779e-07	9.999999974752427e-07	0.0066950395703315735	0.007796458899974823	-1.3278622645884752e-08	0.030927835032343864	-1.3278622645884752e-08	0.007485583424568176	-1.3278622645884752e-08	0.02777777798473835	-1.3278622645884752e-08	1.622538547962904e-09	0.008695651777088642	0.36692190170288086	0.04854368790984154	5.000001692678779e-07	0.19233906269073486	1.622538547962904e-09	0.02117866277694702	0.019078675657510757	0.2659575045108795	9.999999974752427e-07	0.07521533966064453	0.29844412207603455	0.01907867193222046	9.999999974752427e-07	0.010416666977107525	0.19233909249305725	0.010324249044060707	0.007624350488185883	1.622538547962904e-09	1.622538547962904e-09	1.622538547962904e-09	9.999999974752427e-07	0.19233912229537964	0.19233906269073486	1.622538547962904e-09	0.02635636180639267	0.1634756475687027	0.04025733470916748	1.622538547962904e-09	1.622538547962904e-09	0.19233909249305725	1.622538547962904e-09	0.015332013368606567	0.0117647061124444	0.24910284578800201	0.01778506487607956	-1.3278622645884752e-08	0.2491028606891632	1.622538547962904e-09	9.999999974752427e-07	1.622538547962904e-09	0.11703035235404968	0.015458531677722931	0.07521546632051468	-1.3278622645884752e-08	0.00909090880304575	-1.3278622645884752e-08	0.009573204442858696	0.02117867022752762	0.0752153992652893	0.018691588193178177	0.015458531677722931	5.000001692678779e-07	0.005539223551750183	1.622538547962904e-09	0.01778506487607956	9.999999974752427e-07	0.02822050452232361	1.5000005078036338e-06	1.622538547962904e-09	9.999999974752427e-07	9.999999974752427e-07	-1.3278622645884752e-08	9.999999974752427e-07	0.16347560286521912	1.622538547962904e-09	0.14051920175552368	0.1634756326675415	0.24910284578800201	0.19233910739421844	0.011078409850597382	0.010101010091602802	0.009573204442858696	0.009177442640066147	0.1405191868543625	0.008695651777088642	1.622538547962904e-09	0.22222226858139038	0.11703038215637207	0.0418149009346962	0.011904762126505375	0.009177442640066147	0.010869565419852734	0.14051921665668488	-1.3278622645884752e-08	0.005539223551750183	0.02635636180639267	1.622538547962904e-09	5.000001692678779e-07	0.009999999776482582	0.019078677520155907	1.622538547962904e-09	0.010324249044060707	9.999999974752427e-07	9.999999974752427e-07	1.622538547962904e-09	9.999999974752427e-07	9.999999974752427e-07	1.622538547962904e-09	1.622538547962904e-09	0.012001220136880875	0.43699371814727783	0.05826278030872345	9.999999974752427e-07	0.2679571807384491	9.999999974752427e-07	0.04900254309177399	1.622538547962904e-09	0.3783048689365387	0.009493403136730194	0.06596280634403229	0.3783048391342163	1.622538547962904e-09	9.999999974752427e-07	0.01123595517128706	0.2679571509361267	-2.4010660126805305e-10	1.622538547962904e-09	-1.3278622645884752e-08	1.622538547962904e-09	1.622538547962904e-09	6.666664376098197e-07	0.2545320391654968	0.2679571509361267	0.010989011265337467	1.3333333299669903e-06	0.20756608247756958	0.04900255426764488	1.622538547962904e-09	0.005720056593418121	0.2679571509361267	1.622538547962904e-09	0.01575428992509842	0.010256931185722351	0.3783048391342163	0.01601792871952057	-2.4010660126805305e-10	0.3783048689365387	0.019911106675863266	9.999999974752427e-07	1.622538547962904e-09	0.1568257212638855	0.013005435466766357	0.11561180651187897	0.01815195381641388	6.666664376098197e-07	0.01815195381641388	0.010526316240429878	0.04900252819061279	0.06741572916507721	0.03269492834806442	0.018725495785474777	0.00909090880304575	-2.4010660126805305e-10	1.622538547962904e-09	0.00917431153357029	0.009686267003417015	0.009686268866062164	0.025567827746272087	9.999999974752427e-07	0.043478261679410934	0.01575428992509842	-2.4010660126805305e-10	0.009493403136730194	0.20756609737873077	9.999999974752427e-07	0.15682576596736908	0.20756609737873077	0.3783048689365387	0.2679571211338043	0.030948013067245483	0.025567827746272087	9.999999974752427e-07	9.999999974752427e-07	0.17497771978378296	0.009708737954497337	0.00909090880304575	0.31832000613212585	0.1568257361650467	0.04121395945549011	0.04972795397043228	0.010204081423580647	0.007700018584728241	0.19181180000305176	9.999999974752427e-07	0.011036910116672516	0.022488445043563843	0.016806723549962044	9.999999974752427e-07	0.009615384973585606	1.622538547962904e-09	1.622538547962904e-09	-2.4010660126805305e-10	1.622538547962904e-09	9.999999974752427e-07	1.622538547962904e-09	0.009803921915590763	1.622538547962904e-09	1.622538547962904e-09	9.999999974752427e-07	9.999999974752427e-07	0.3545213043689728	0.02059110254049301	0.010625112801790237	0.21123084425926208	0.02664199471473694	0.0061219222843647	9.999999974752427e-07	0.3018166422843933	0.006626579910516739	0.02059112675487995	0.3018166720867157	0.01864650845527649	-1.3278622645884752e-08	1.622538547962904e-09	0.1669045239686966	0.015181045979261398	9.999999974752427e-07	1.622538547962904e-09	1.622538547962904e-09	0.010238776914775372	1.622538547962904e-09	0.14026254415512085	0.2112308144569397	-1.3278622645884752e-08	1.622538547962904e-09	0.14026251435279846	0.024768419563770294	1.622538547962904e-09	1.622538547962904e-09	0.2112308144569397	-1.3278622645884752e-08	0.011363636702299118	6.912159733474255e-10	0.23242251574993134	-1.3278622645884752e-08	0.006100691854953766	0.29567739367485046	-1.3278622645884752e-08	-1.3278622645884752e-08	1.622538547962904e-09	0.09294700622558594	1.622538547962904e-09	0.06100180745124817	0.01366463303565979	1.622538547962904e-09	0.007563948631286621	0.011995955370366573	0.0061219483613967896	0.030612245202064514	0.00662657618522644	9.073119144886732e-09	-2.4010660126805305e-10	-1.3278622645884752e-08	-1.3278622645884752e-08	-1.3278622645884752e-08	9.999999974752427e-07	0.027936100959777832	0.010625114664435387	0.027522936463356018	0.007871739566326141	9.999999974752427e-07	1.622538547962904e-09	0.006626579910516739	0.14026251435279846	0.010101010091602802	0.09294699132442474	0.14026251435279846	0.29567742347717285	0.21123076975345612	-1.3278622645884752e-08	0.013964534737169743	0.011995954439043999	0.0061219483613967896	0.10661163181066513	1.622538547962904e-09	0.02664199471473694	0.2191026210784912	0.061001840978860855	1.622538547962904e-09	0.013319892808794975	0.0061219483613967896	1.622538547962904e-09	0.10661161690950394	9.999999974752427e-07	-1.3278622645884752e-08	1.622538547962904e-09	1.622538547962904e-09	-2.4010660126805305e-10	1.622538547962904e-09	9.999999974752427e-07	1.622538547962904e-09	0.015181045979261398	1.622538547962904e-09	6.912159733474255e-10	0.010238775983452797	0.007871739566326141	0.006139293313026428	1.622538547962904e-09	9.999999974752427e-07	1.622538547962904e-09	0.36081427335739136	0.07295437157154083	0.008505983278155327	0.2816368341445923	0.009365733712911606	0.026101619005203247	-1.3278622645884752e-08	0.3097529113292694	8.000001798791345e-07	0.07295437157154083	0.3097529113292694	-1.3278622645884752e-08	2.255546860396862e-10	-5.828042048960924e-09	0.22092559933662415	0.024959877133369446	-1.3278622645884752e-08	1.622538547962904e-09	1.622538547962904e-09	-1.3278622645884752e-08	9.999999974752427e-07	0.21155986189842224	0.22092559933662415	2.255546860396862e-10	0.00917431153357029	0.1840570569038391	0.026101604104042053	1.622538547962904e-09	-5.828042048960924e-09	0.22092559933662415	1.622538547962904e-09	-1.3278622645884752e-08	0.008564604446291924	0.2986621558666229	1.622538547962904e-09	9.999999974752427e-07	0.2986621558666229	2.255546860396862e-10	2.255546860396862e-10	1.622538547962904e-09	0.1273503601551056	-5.828042048960924e-09	0.08163265138864517	0.01516491174697876	0.008196720853447914	9.999999974752427e-07	-2.4010660126805305e-10	0.026101619005203247	0.07547169923782349	1.3999997463542968e-06	0.015599853359162807	0.01042632944881916	0.009330726228654385	0.018172089010477066	1.622538547962904e-09	1.622538547962904e-09	0.024959877133369446	0.028257330879569054	9.999999974752427e-07	0.008460652083158493	-1.3278622645884752e-08	9.999999974752427e-07	8.000001798791345e-07	0.14251525700092316	0.009365729987621307	0.1273503601551056	0.14251527190208435	0.2986621558666229	0.2816368341445923	0.00933072715997696	0.05747126415371895	-2.4010660126805305e-10	9.999999974752427e-07	0.14251521229743958	6.000000212225132e-07	0.009365737438201904	0.29009753465652466	0.1273503601551056	0.04308461770415306	-2.4010660126805305e-10	0.009282229468226433	1.622538547962904e-09	0.14251525700092316	9.999999974752427e-07	2.255546860396862e-10	0.027484744787216187	0.017241379246115685	0.009325018152594566	-5.828042048960924e-09	-1.3278622645884752e-08	0.015599831938743591	0.02495986968278885	-2.4010660126805305e-10	9.999999974752427e-07	-1.3278622645884752e-08	0.008460652083158493	0.011090751737356186	1.622538547962904e-09	9.999999974752427e-07	0.016819393262267113
43	-15547.466796875	-1	9	57	76	75	26	89	10	62	48	0	26	84	41	29	91	66	5	0	11	24	14	68	37	85	21	0	0	50	22	3	66	33	67	21	43	7	69	12	0	65	50	77	73	24	43	79	5	42	1	78	57	69	21	34	56	0	70	42	76	31	43	49	25	4	73	63	36	3	21	1	46	80	82	49	14	33	40	77	33	47	9	66	48	69	78	85	57	13	11	50	56	7	32	19	59	7	0	43	47	0.5437127947807312	0.08644906431436539	0.010285336524248123	0.4145510196685791	0.012830302119255066	0.010498285293579102	0.010526316240429878	0.4251324534416199	9.999999974752427e-07	0.08644905686378479	0.4415539503097534	0.06554713845252991	9.999999974752427e-07	9.999999974752427e-07	0.40957462787628174	9.999999974752427e-07	0.005317986011505127	1.622538547962904e-09	1.622538547962904e-09	9.999999974752427e-07	0.02298850566148758	0.3967443108558655	0.40957462787628174	9.999999974752427e-07	0.03314200043678284	0.2897196114063263	0.0760454535484314	1.622538547962904e-09	9.999999974752427e-07	0.40957462787628174	0.004976436495780945	1.622538547962904e-09	1.622538547962904e-09	0.4145510494709015	0.03333333507180214	-1.3278622645884752e-08	0.4251324236392975	9.999999974752427e-07	9.999999974752427e-07	1.622538547962904e-09	0.22580645978450775	0.012048192322254181	0.1361638456583023	-1.3278622645884752e-08	9.999999974752427e-07	-1.3278622645884752e-08	1.622538547962904e-09	0.01049828715622425	0.1361638605594635	0.030567780137062073	0.02411612868309021	1.622538547962904e-09	0.008196720853447914	0.010869565419852734	9.999999974752427e-07	0.010526316240429878	0.02611330896615982	0.019338728860020638	-2.4010660126805305e-10	-1.3278622645884752e-08	1.622538547962904e-09	-1.3278622645884752e-08	0.030567795038223267	0.2705919146537781	9.999999974752427e-07	0.2652738690376282	0.2705919146537781	0.4251324236392975	0.4095746874809265	0.030927833169698715	0.05588129162788391	1.622538547962904e-09	0.0104982890188694	0.26527389883995056	-1.3278622645884752e-08	0.012830302119255066	0.41455113887786865	0.22250455617904663	0.08634074777364731	1.622538547962904e-09	0.01049829088151455	1.622538547962904e-09	0.26527392864227295	0.036036036908626556	0.009900989942252636	0.062224678695201874	0.029082641005516052	0.009053405374288559	9.999999974752427e-07	0.012195121496915817	9.999999974752427e-07	0.008547008968889713	-1.3278622645884752e-08	1.622538547962904e-09	9.999999974752427e-07	-1.3278622645884752e-08	-1.3278622645884752e-08	1.622538547962904e-09	-1.3278622645884752e-08	1.622538547962904e-09	0.4231007397174835	0.04496558755636215	0.010405869223177433	0.2722354531288147	0.010044899769127369	0.021052632480859756	9.999999974752427e-07	0.31625208258628845	0.018691588193178177	0.05226296931505203	0.31625211238861084	0.01785714365541935	0.010989011265337467	1.622538547962904e-09	0.2722354531288147	9.999999974752427e-07	1.622538547962904e-09	0.019417475908994675	1.622538547962904e-09	9.999999974752427e-07	6.666664376098197e-07	0.2291666716337204	0.2722354531288147	9.999999974752427e-07	1.3333333299669903e-06	0.1819043606519699	0.09699182957410812	1.622538547962904e-09	0.0078512541949749	0.2722354531288147	1.622538547962904e-09	1.622538547962904e-09	0.010638297535479069	0.31625205278396606	9.999999974752427e-07	-7.275957614183426e-12	0.31625205278396606	0.010526316240429878	0.009009009227156639	1.622538547962904e-09	0.10256187617778778	1.622538547962904e-09	0.0606570690870285	0.008510754443705082	6.666664376098197e-07	-7.275957614183426e-12	9.999999974752427e-07	1.3999997463542968e-06	0.05226297304034233	0.034559715539216995	0.022432174533605576	2.255546860396862e-10	9.999999974752427e-07	9.999999974752427e-07	9.999999974752427e-07	0.008264463394880295	0.009856700897216797	0.010405868291854858	0.008394084870815277	1.622538547962904e-09	1.622538547962904e-09	0.008510754443705082	0.034559715539216995	0.18190431594848633	0.010044899769127369	0.11764705926179886	0.18190434575080872	0.31625205278396606	0.2722354531288147	0.042105261236429214	0.010405870154500008	9.999999974752427e-07	8.000001798791345e-07	0.18190434575080872	1.622538547962904e-09	0.010044898837804794	0.2722354531288147	0.10256189107894897	0.04190482199192047	9.999999974752427e-07	8.000001798791345e-07	0.00729738175868988	0.18190434575080872	1.622538547962904e-09	0.016949152573943138	0.01947261206805706	9.999999974752427e-07	2.255546860396862e-10	1.622538547962904e-09	0.011627906933426857	0.014580924063920975	9.999999974752427e-07	1.622538547962904e-09	9.999999974752427e-07	9.999999974752427e-07	1.622538547962904e-09	1.622538547962904e-09	1.622538547962904e-09	-7.275957614183426e-12	6.000000212225132e-07	0.449466347694397	0.08000114560127258	9.999999974752427e-07	0.33304834365844727	-1.3278622645884752e-08	0.03483249247074127	9.999999974752427e-07	0.3862634003162384	0.009220771491527557	0.08756303787231445	0.386263370513916	0.013322077691555023	-1.3278622645884752e-08	9.999999974752427e-07	0.294791579246521	9.999999974752427e-07	0.029411764815449715	9.999999974752427e-07	-1.3278622645884752e-08	0.008118398487567902	0.010526316240429878	0.294791579246521	0.2947915494441986	-1.3278622645884752e-08	0.01075268816202879	0.2947915494441986	0.04815460741519928	-1.3278622645884752e-08	0.02777777798473835	0.294791579246521	0.019186578691005707	9.999999974752427e-07	0.008000463247299194	0.38626328110694885	-1.3278622645884752e-08	1.622538547962904e-09	0.38626334071159363	-1.3278622645884752e-08	-1.3278622645884752e-08	-1.3278622645884752e-08	0.15288053452968597	9.999999974752427e-07	0.08756302297115326	0.00904853641986847	9.999999974752427e-07	1.622538547962904e-09	0.009130984544754028	0.02860131859779358	0.08756303787231445	0.009220770560204983	0.04123711213469505	9.999999974752427e-07	-1.3278622645884752e-08	-1.3278622645884752e-08	-1.3278622645884752e-08	0.008003763854503632	0.015048369765281677	0.029999999329447746	1.622538547962904e-09	0.00909090880304575	9.999999974752427e-07	0.009048540145158768	0.009220771491527557	0.2947915494441986	-1.3278622645884752e-08	0.1528805047273636	0.25	0.386263370513916	0.31386178731918335	-1.3278622645884752e-08	0.032608695328235626	0.009130991995334625	9.999999974752427e-07	0.16192905604839325	-2.4010660126805305e-10	-1.3278622645884752e-08	0.36913183331489563	0.15288051962852478	0.06531748175621033	0.009130977094173431	0.028601333498954773	0.007561886683106422	0.16814158856868744	1.622538547962904e-09	-1.3278622645884752e-08	0.021052632480859756	0.009900989942252636	0.027272727340459824	9.999999974752427e-07	0.005203664302825928	0.008620689623057842	0.007044591009616852	-1.3278622645884752e-08	0.008000463247299194	0.008118398487567902	9.999999974752427e-07	-1.3278622645884752e-08	-1.3278622645884752e-08	1.622538547962904e-09	1.622538547962904e-09	0.4417252242565155	0.024390242993831635	9.999999974752427e-07	0.30527326464653015	0.010416666977107525	0.014637134969234467	9.999999974752427e-07	0.3760969042778015	9.999999974752427e-07	0.04878048598766327	0.3760969042778015	0.05099133402109146	9.999999974752427e-07	0.008882244117558002	0.30527329444885254	1.622538547962904e-09	1.622538547962904e-09	1.622538547962904e-09	1.622538547962904e-09	0.030414395034313202	0.012048192322254181	0.29318323731422424	0.30527329444885254	9.999999974752427e-07	0.017391303554177284	0.2670987844467163	0.06562843918800354	1.622538547962904e-09	0.010416666977107525	0.30527329444885254	1.622538547962904e-09	1.622538547962904e-09	1.622538547962904e-09	0.30527329444885254	1.622538547962904e-09	0.010526316240429878	0.3760969042778015	9.999999974752427e-07	9.999999974752427e-07	1.622538547962904e-09	0.14387741684913635	0.025641024112701416	0.07431011646986008	0.032608695328235626	9.999999974752427e-07	0.009615384973585606	1.622538547962904e-09	0.014637134969234467	0.07431010156869888	0.010309278033673763	0.04452749714255333	0.009433962404727936	9.999999974752427e-07	1.622538547962904e-09	1.622538547962904e-09	1.622538547962904e-09	1.622538547962904e-09	0.009569531306624413	1.622538547962904e-09	1.622538547962904e-09	1.622538547962904e-09	0.01123595517128706	9.999999974752427e-07	0.20471768081188202	9.999999974752427e-07	0.14387744665145874	0.2047176957130432	0.3052733242511749	0.30527329444885254	0.026084452867507935	0.009569531306624413	1.622538547962904e-09	0.010101010091602802	0.204717755317688	0.010204081423580647	0.010989011265337467	0.30527329444885254	0.14387741684913635	0.06956726312637329	1.622538547962904e-09	0.01463712751865387	9.999999974752427e-07	0.20471777021884918	0.009803921915590763	9.999999974752427e-07	0.02503982186317444	9.999999974752427e-07	9.999999974752427e-07	0.008882243186235428	0.020576931536197662	9.999999974752427e-07	1.622538547962904e-09	1.622538547962904e-09	1.622538547962904e-09	9.999999974752427e-07	1.622538547962904e-09	1.622538547962904e-09	1.622538547962904e-09	9.999999974752427e-07	1.622538547962904e-09	0.3537144362926483	0.026411600410938263	4.2857209336943924e-07	0.20192477107048035	1.622538547962904e-09	0.027027027681469917	-7.275957614183426e-12	0.28152182698249817	1.622538547962904e-09	0.026411622762680054	0.2815217971801758	0.010256588459014893	9.999999974752427e-07	1.622538547962904e-09	0.20192477107048035	9.999999974752427e-07	1.622538547962904e-09	9.999999974752427e-07	1.622538547962904e-09	0.010256589390337467	1.622538547962904e-09	0.20192474126815796	0.20192478597164154	1.622538547962904e-09	1.622538547962904e-09	0.16246558725833893	0.05873368680477142	1.622538547962904e-09	0.027633339166641235	0.20192477107048035	-1.3278622645884752e-08	1.622538547962904e-09	-1.3278622645884752e-08	0.20192483067512512	0.008206691592931747	9.999999974752427e-07	0.2740027904510498	1.622538547962904e-09	9.999999974752427e-07	1.622538547962904e-09	0.05703481286764145	1.622538547962904e-09	0.02641153335571289	0.03179077059030533	1.622538547962904e-09	9.999999974752427e-07	-1.3278622645884752e-08	0.009401541203260422	0.026411622762680054	0.009916093200445175	0.027633339166641235	4.2857209336943924e-07	1.622538547962904e-09	0.013445600867271423	0.008206691592931747	9.999999974752427e-07	0.013458997011184692	1.2857158253609668e-06	-1.3278622645884752e-08	-1.3278622645884752e-08	1.622538547962904e-09	9.999999974752427e-07	1.622538547962904e-09	0.16246557235717773	1.622538547962904e-09	0.05703481659293175	0.10570608824491501	0.2626262605190277	0.20192477107048035	0.01780684106051922	1.2857121873821598e-06	-1.3278622645884752e-08	9.999999974752427e-07	0.08882559835910797	0.009916089475154877	1.622538547962904e-09	0.20192478597164154	0.05404491350054741	0.027633339166641235	-1.3278622645884752e-08	0.009401543065905571	1.622538547962904e-09	0.1057060956954956	-1.3278622645884752e-08	0.017806850373744965	1.622538547962904e-09	1.622538547962904e-09	4.2857209336943924e-07	1.622538547962904e-09	-7.275957614183426e-12	1.622538547962904e-09	9.999999974752427e-07	1.622538547962904e-09	-1.3278622645884752e-08	9.999999974752427e-07	-1.3278622645884752e-08	0.007519088685512543	1.622538547962904e-09	9.999999974752427e-07	2.255546860396862e-10	0.5330701470375061	0.005072489380836487	5.000001692678779e-07	0.3791336715221405	0.015137091279029846	0.04571790248155594	9.999999974752427e-07	0.4731714725494385	1.622538547962904e-09	0.08930285274982452	0.4731714725494385	0.014180619269609451	0.010177051648497581	9.999999974752427e-07	0.2838802933692932	-1.3278622645884752e-08	1.622538547962904e-09	0.009429072961211205	-1.3278622645884752e-08	0.007485583424568176	9.999999974752427e-07	0.26874321699142456	0.3461630940437317	0.011049933731555939	0.012431889772415161	0.21618440747261047	0.05989854037761688	-1.3278622645884752e-08	1.622538547962904e-09	0.2838802933692932	0.030927835032343864	0.04472167789936066	-1.3278622645884752e-08	0.39345014095306396	1.622538547962904e-09	-1.3278622645884752e-08	0.3934501111507416	0.011049933731555939	0.010177051648497581	-1.3278622645884752e-08	0.16346153616905212	0.04000958055257797	0.08930287510156631	-1.3278622645884752e-08	0.010416666977107525	-1.3278622645884752e-08	0.01431649923324585	0.03628883510828018	0.08930285274982452	1.622538547962904e-09	0.0478060245513916	5.000001692678779e-07	0.028037382289767265	1.622538547962904e-09	1.622538547962904e-09	-1.3278622645884752e-08	-1.3278622645884752e-08	1.5000005078036338e-06	1.622538547962904e-09	-1.3278622645884752e-08	9.999999974752427e-07	-1.3278622645884752e-08	1.622538547962904e-09	0.21618445217609406	0.015137091279029846	0.171462744474411	0.21618443727493286	0.3934501111507416	0.3461630940437317	0.05255886912345886	0.005072489380836487	9.999999974752427e-07	0.02286946028470993	0.1714627593755722	1.622538547962904e-09	0.015137098729610443	0.3791336417198181	0.1495407670736313	0.06023794412612915	0.014316506683826447	0.02286946028470993	0.008695651777088642	0.1714627742767334	1.622538547962904e-09	0.010177051648497581	0.012431896291673183	1.622538547962904e-09	5.000001692678779e-07	9.999999974752427e-07	0.0066950395703315735	0.007796458899974823	-1.3278622645884752e-08	0.030927835032343864	-1.3278622645884752e-08	0.007485583424568176	-1.3278622645884752e-08	0.02777777798473835	-1.3278622645884752e-08	-1.3278622645884752e-08	0.008695651777088642	0.3669218122959137	0.04854368790984154	5.000001692678779e-07	0.19233903288841248	1.622538547962904e-09	0.02117866277694702	0.01907867193222046	0.26595741510391235	9.999999974752427e-07	0.0752153992652893	0.29844409227371216	0.01907867193222046	9.999999974752427e-07	0.010416666977107525	0.19233907759189606	0.010324249044060707	0.007624365389347076	1.622538547962904e-09	1.622538547962904e-09	1.622538547962904e-09	9.999999974752427e-07	0.19233906269073486	0.19233904778957367	1.622538547962904e-09	0.026356376707553864	0.1634756177663803	0.040257349610328674	1.622538547962904e-09	1.622538547962904e-09	0.19233904778957367	1.622538547962904e-09	0.015332028269767761	0.0117647061124444	0.24910278618335724	0.017785053700208664	-1.3278622645884752e-08	0.24910277128219604	1.622538547962904e-09	9.999999974752427e-07	1.622538547962904e-09	0.1170303225517273	0.015458554029464722	0.0752154290676117	-1.3278622645884752e-08	0.00909090880304575	-1.3278622645884752e-08	0.009573204442858696	0.021178673952817917	0.0752154216170311	0.018691588193178177	0.015458546578884125	5.000001692678779e-07	0.005539201200008392	1.622538547962904e-09	0.017785053700208664	9.999999974752427e-07	0.02822050452232361	1.5000005078036338e-06	1.622538547962904e-09	9.999999974752427e-07	9.999999974752427e-07	-1.3278622645884752e-08	9.999999974752427e-07	0.16347554326057434	1.622538547962904e-09	0.14051920175552368	0.16347557306289673	0.24910280108451843	0.1923389881849289	0.011078400537371635	0.010101010091602802	0.009573204442858696	0.009177446365356445	0.1405191868543625	0.008695651777088642	1.622538547962904e-09	0.2222222089767456	0.11703035235404968	0.04181492328643799	0.011904762126505375	0.009177444502711296	0.010869565419852734	0.14051923155784607	-1.3278622645884752e-08	0.005539201200008392	0.026356376707553864	1.622538547962904e-09	5.000001692678779e-07	0.009999999776482582	0.01907867006957531	1.622538547962904e-09	0.010324249044060707	9.999999974752427e-07	9.999999974752427e-07	1.622538547962904e-09	9.999999974752427e-07	9.999999974752427e-07	1.622538547962904e-09	-1.3278622645884752e-08	0.012001220136880875	0.43699362874031067	0.05826278030872345	9.999999974752427e-07	0.2679571211338043	9.999999974752427e-07	0.04900254309177399	1.622538547962904e-09	0.3783048391342163	0.009493403136730194	0.06596280634403229	0.3783048391342163	1.622538547962904e-09	9.999999974752427e-07	0.01123595517128706	0.26795709133148193	-2.4010660126805305e-10	1.622538547962904e-09	-1.3278622645884752e-08	1.622538547962904e-09	1.622538547962904e-09	6.666664376098197e-07	0.25453197956085205	0.2679571211338043	0.010989011265337467	1.3333333299669903e-06	0.20756608247756958	0.049002550542354584	1.622538547962904e-09	0.005720056593418121	0.26795709133148193	1.622538547962904e-09	0.015754282474517822	0.010256924666464329	0.3783048093318939	0.01601792871952057	-2.4010660126805305e-10	0.3783048391342163	0.019911102950572968	9.999999974752427e-07	1.622538547962904e-09	0.1568257063627243	0.013005435466766357	0.11561182141304016	0.01815195381641388	6.666664376098197e-07	0.018151961266994476	0.010526316240429878	0.04900252819061279	0.06741572916507721	0.03269492834806442	0.018725495785474777	0.00909090880304575	-2.4010660126805305e-10	1.622538547962904e-09	0.00917431153357029	0.009686263278126717	0.009686261415481567	0.025567827746272087	9.999999974752427e-07	0.043478261679410934	0.01575428619980812	-2.4010660126805305e-10	0.009493403136730194	0.2075660526752472	9.999999974752427e-07	0.15682576596736908	0.2075660526752472	0.3783048093318939	0.26795709133148193	0.030948005616664886	0.025567827746272087	9.999999974752427e-07	9.999999974752427e-07	0.17497770488262177	0.009708737954497337	0.00909090880304575	0.3183199465274811	0.15682575106620789	0.0412139892578125	0.049727946519851685	0.010204081423580647	0.007700018584728241	0.19181174039840698	9.999999974752427e-07	0.011036906391382217	0.022488445043563843	0.016806723549962044	9.999999974752427e-07	0.009615384973585606	1.622538547962904e-09	1.622538547962904e-09	-2.4010660126805305e-10	1.622538547962904e-09	9.999999974752427e-07	1.622538547962904e-09	0.009803921915590763	1.622538547962904e-09	1.622538547962904e-09	-2.4010660126805305e-10	9.999999974752427e-07	0.3545213043689728	0.02059110254049301	0.010625112801790237	0.21123084425926208	0.02664199471473694	0.0061219222843647	9.999999974752427e-07	0.3018166422843933	0.006626579910516739	0.02059112675487995	0.3018166720867157	0.01864650845527649	-1.3278622645884752e-08	1.622538547962904e-09	0.1669045239686966	0.015181045979261398	9.999999974752427e-07	1.622538547962904e-09	1.622538547962904e-09	0.010238776914775372	1.622538547962904e-09	0.14026254415512085	0.2112308144569397	-1.3278622645884752e-08	1.622538547962904e-09	0.14026251435279846	0.024768419563770294	1.622538547962904e-09	1.622538547962904e-09	0.2112308144569397	-1.3278622645884752e-08	0.011363636702299118	6.912159733474255e-10	0.23242251574993134	-1.3278622645884752e-08	0.006100684404373169	0.29567739367485046	-1.3278622645884752e-08	-1.3278622645884752e-08	1.622538547962904e-09	0.09294699132442474	1.622538547962904e-09	0.06100180745124817	0.01366463303565979	1.622538547962904e-09	0.007563941180706024	0.011995955370366573	0.0061219483613967896	0.030612245202064514	0.00662657618522644	9.073119144886732e-09	-2.4010660126805305e-10	-1.3278622645884752e-08	-1.3278622645884752e-08	-1.3278622645884752e-08	9.999999974752427e-07	0.027936100959777832	0.010625114664435387	0.027522936463356018	0.007871739566326141	9.999999974752427e-07	1.622538547962904e-09	0.006626579910516739	0.14026251435279846	0.010101010091602802	0.09294699132442474	0.14026251435279846	0.29567742347717285	0.21123076975345612	-1.3278622645884752e-08	0.013964534737169743	0.011995954439043999	0.0061219483613967896	0.10661164671182632	1.622538547962904e-09	0.02664199471473694	0.2191026210784912	0.061001840978860855	1.622538547962904e-09	0.013319892808794975	0.0061219483613967896	1.622538547962904e-09	0.10661161690950394	9.999999974752427e-07	-1.3278622645884752e-08	1.622538547962904e-09	1.622538547962904e-09	-2.4010660126805305e-10	1.622538547962904e-09	9.999999974752427e-07	1.622538547962904e-09	0.015181045979261398	1.622538547962904e-09	6.912159733474255e-10	0.010238775983452797	0.007871739566326141	0.006139293313026428	1.622538547962904e-09	1.622538547962904e-09	1.622538547962904e-09	0.36081427335739136	0.07295437157154083	0.008505983278155327	0.2816368341445923	0.009365733712911606	0.026101619005203247	-1.3278622645884752e-08	0.3097529113292694	8.000001798791345e-07	0.07295437157154083	0.3097529113292694	-1.3278622645884752e-08	2.255546860396862e-10	-5.828042048960924e-09	0.22092559933662415	0.024959877133369446	-1.3278622645884752e-08	1.622538547962904e-09	1.622538547962904e-09	-1.3278622645884752e-08	9.999999974752427e-07	0.21155986189842224	0.22092559933662415	2.255546860396862e-10	0.00917431153357029	0.1840570569038391	0.026101604104042053	1.622538547962904e-09	-5.828042048960924e-09	0.22092559933662415	1.622538547962904e-09	-1.3278622645884752e-08	0.008564604446291924	0.2986621558666229	1.622538547962904e-09	9.999999974752427e-07	0.2986621558666229	2.255546860396862e-10	2.255546860396862e-10	1.622538547962904e-09	0.1273503601551056	-5.828042048960924e-09	0.08163265138864517	0.01516491174697876	0.008196720853447914	9.999999974752427e-07	-2.4010660126805305e-10	0.026101619005203247	0.07547169923782349	1.3999997463542968e-06	0.015599853359162807	0.01042632944881916	0.009330726228654385	0.018172089010477066	1.622538547962904e-09	1.622538547962904e-09	0.024959877133369446	0.028257330879569054	9.999999974752427e-07	0.008460652083158493	-1.3278622645884752e-08	9.999999974752427e-07	8.000001798791345e-07	0.14251525700092316	0.009365729987621307	0.1273503601551056	0.14251527190208435	0.2986621558666229	0.2816368341445923	0.00933072715997696	0.05747126415371895	-2.4010660126805305e-10	9.999999974752427e-07	0.14251521229743958	6.000000212225132e-07	0.009365737438201904	0.29009753465652466	0.1273503601551056	0.04308461770415306	-2.4010660126805305e-10	0.009282229468226433	1.622538547962904e-09	0.14251525700092316	9.999999974752427e-07	2.255546860396862e-10	0.027484744787216187	0.017241379246115685	0.009325018152594566	-5.828042048960924e-09	-1.3278622645884752e-08	0.015599831938743591	0.02495986968278885	-2.4010660126805305e-10	9.999999974752427e-07	-1.3278622645884752e-08	0.008460652083158493	0.011090751737356186	1.622538547962904e-09	9.999999974752427e-07	0.016819393262267113
44	-15547.466796875	-1	9	57	76	75	26	89	10	62	48	0	26	84	41	29	91	66	5	0	11	24	14	68	37	85	21	0	0	50	22	3	66	33	67	21	43	7	69	12	0	65	50	77	73	24	43	79	5	42	1	78	57	69	21	34	56	0	70	42	76	31	43	49	25	4	73	63	36	3	21	1	46	80	82	49	14	33	40	77	33	47	9	66	48	69	78	85	57	13	11	50	56	7	32	19	59	7	0	44	47	0.5437127947807312	0.08644906431436539	0.010285336524248123	0.4145510792732239	0.012830331921577454	0.010498285293579102	0.010526316240429878	0.4251323938369751	9.999999974752427e-07	0.08644905686378479	0.44155386090278625	0.06554710865020752	9.999999974752427e-07	9.999999974752427e-07	0.4095746874809265	9.999999974752427e-07	0.005317971110343933	1.622538547962904e-09	1.622538547962904e-09	9.999999974752427e-07	0.02298850566148758	0.39674437046051025	0.4095746576786041	9.999999974752427e-07	0.03314200043678284	0.2897196114063263	0.07604538649320602	1.622538547962904e-09	9.999999974752427e-07	0.4095746576786041	0.0049764662981033325	1.622538547962904e-09	1.622538547962904e-09	0.4145510196685791	0.03333333507180214	-1.3278622645884752e-08	0.42513248324394226	9.999999974752427e-07	9.999999974752427e-07	1.622538547962904e-09	0.22580645978450775	0.012048192322254181	0.1361638456583023	-1.3278622645884752e-08	9.999999974752427e-07	-1.3278622645884752e-08	1.622538547962904e-09	0.010498279705643654	0.1361638605594635	0.030567780137062073	0.02411612868309021	1.622538547962904e-09	0.008196720853447914	0.010869565419852734	9.999999974752427e-07	0.010526316240429878	0.026113219559192657	0.019338728860020638	-2.4010660126805305e-10	-1.3278622645884752e-08	1.622538547962904e-09	-1.3278622645884752e-08	0.030567795038223267	0.2705919146537781	9.999999974752427e-07	0.26527389883995056	0.2705919146537781	0.4251324534416199	0.40957462787628174	0.030927833169698715	0.05588129162788391	1.622538547962904e-09	0.010498277842998505	0.2652738690376282	-1.3278622645884752e-08	0.012830331921577454	0.4145510792732239	0.22250455617904663	0.08634074777364731	1.622538547962904e-09	0.010498279705643654	1.622538547962904e-09	0.26527389883995056	0.036036036908626556	0.009900989942252636	0.062224678695201874	0.029082641005516052	0.009053405374288559	9.999999974752427e-07	0.012195121496915817	9.999999974752427e-07	0.008547008968889713	-1.3278622645884752e-08	1.622538547962904e-09	9.999999974752427e-07	-1.3278622645884752e-08	-1.3278622645884752e-08	1.622538547962904e-09	9.999999974752427e-07	1.622538547962904e-09	0.4231007397174835	0.04496558755636215	0.010405869223177433	0.2722354531288147	0.010044899769127369	0.021052632480859756	9.999999974752427e-07	0.31625208258628845	0.018691588193178177	0.05226296931505203	0.31625211238861084	0.01785714365541935	0.010989011265337467	1.622538547962904e-09	0.2722354531288147	9.999999974752427e-07	1.622538547962904e-09	0.019417475908994675	1.622538547962904e-09	9.999999974752427e-07	6.000000212225132e-07	0.2291666716337204	0.2722354531288147	9.999999974752427e-07	1.3999997463542968e-06	0.1819043606519699	0.09699182957410812	1.622538547962904e-09	0.0078512541949749	0.2722354531288147	1.622538547962904e-09	1.622538547962904e-09	0.010638297535479069	0.31625205278396606	9.999999974752427e-07	-7.275957614183426e-12	0.31625205278396606	0.010526316240429878	0.009009009227156639	1.622538547962904e-09	0.10256187617778778	1.622538547962904e-09	0.0606570690870285	0.008510754443705082	8.000001798791345e-07	-7.275957614183426e-12	9.999999974752427e-07	1.3999997463542968e-06	0.05226297304034233	0.034559715539216995	0.022432174533605576	2.255546860396862e-10	9.999999974752427e-07	9.999999974752427e-07	9.999999974752427e-07	0.008264463394880295	0.009856700897216797	0.010405868291854858	0.008394084870815277	1.622538547962904e-09	1.622538547962904e-09	0.008510754443705082	0.034559715539216995	0.18190431594848633	0.010044899769127369	0.11764705926179886	0.18190434575080872	0.31625205278396606	0.2722354531288147	0.042105261236429214	0.010405870154500008	9.999999974752427e-07	8.000001798791345e-07	0.18190434575080872	1.622538547962904e-09	0.010044898837804794	0.2722354531288147	0.10256189107894897	0.04190482199192047	9.999999974752427e-07	8.000001798791345e-07	0.00729738175868988	0.18190434575080872	1.622538547962904e-09	0.016949152573943138	0.01947261206805706	9.999999974752427e-07	2.255546860396862e-10	1.622538547962904e-09	0.011627906933426857	0.014580924063920975	9.999999974752427e-07	1.622538547962904e-09	9.999999974752427e-07	9.999999974752427e-07	1.622538547962904e-09	1.622538547962904e-09	1.622538547962904e-09	8.000001798791345e-07	6.000000212225132e-07	0.4494662880897522	0.08000115305185318	9.999999974752427e-07	0.3330483138561249	-1.3278622645884752e-08	0.03483249247074127	9.999999974752427e-07	0.386263370513916	0.009220771491527557	0.08756303787231445	0.38626334071159363	0.013322077691555023	-1.3278622645884752e-08	9.999999974752427e-07	0.2947915494441986	9.999999974752427e-07	0.029411764815449715	9.999999974752427e-07	-1.3278622645884752e-08	0.008118398487567902	0.010526316240429878	0.2947915494441986	0.2947915196418762	-1.3278622645884752e-08	0.01075268816202879	0.2947915196418762	0.04815460741519928	-1.3278622645884752e-08	0.02777777798473835	0.2947915494441986	0.019186578691005707	9.999999974752427e-07	0.008000463247299194	0.38626325130462646	-1.3278622645884752e-08	1.622538547962904e-09	0.38626331090927124	-1.3278622645884752e-08	-1.3278622645884752e-08	-1.3278622645884752e-08	0.1528805047273636	9.999999974752427e-07	0.08756301552057266	0.009048528037965298	9.999999974752427e-07	1.622538547962904e-09	0.009130984544754028	0.02860131859779358	0.08756303787231445	0.009220770560204983	0.04123711213469505	9.999999974752427e-07	-1.3278622645884752e-08	-1.3278622645884752e-08	-1.3278622645884752e-08	0.008003763854503632	0.015048369765281677	0.029999999329447746	1.622538547962904e-09	0.00909090880304575	9.999999974752427e-07	0.009048528969287872	0.009220771491527557	0.2947915196418762	-1.3278622645884752e-08	0.15288051962852478	0.2499999850988388	0.38626334071159363	0.31386175751686096	-1.3278622645884752e-08	0.032608695328235626	0.009130991995334625	9.999999974752427e-07	0.16192904114723206	-2.4010660126805305e-10	-1.3278622645884752e-08	0.36913180351257324	0.1528804898262024	0.06531748175621033	0.009130977094173431	0.028601333498954773	0.00756189227104187	0.16814157366752625	1.622538547962904e-09	-1.3278622645884752e-08	0.021052632480859756	0.009900989942252636	0.027272727340459824	9.999999974752427e-07	0.005203664302825928	0.008620689623057842	0.007044591009616852	-1.3278622645884752e-08	0.008000463247299194	0.008118398487567902	9.999999974752427e-07	-1.3278622645884752e-08	-1.3278622645884752e-08	9.999999974752427e-07	1.622538547962904e-09	0.4417252242565155	0.024390242993831635	9.999999974752427e-07	0.30527326464653015	0.010416666977107525	0.014637134969234467	9.999999974752427e-07	0.3760969042778015	9.999999974752427e-07	0.04878048598766327	0.3760969042778015	0.05099133402109146	9.999999974752427e-07	0.008882244117558002	0.30527329444885254	1.622538547962904e-09	1.622538547962904e-09	1.622538547962904e-09	1.622538547962904e-09	0.030414395034313202	0.012048192322254181	0.29318323731422424	0.30527329444885254	9.999999974752427e-07	0.017391303554177284	0.2670987844467163	0.06562843918800354	1.622538547962904e-09	0.010416666977107525	0.30527329444885254	1.622538547962904e-09	1.622538547962904e-09	1.622538547962904e-09	0.30527329444885254	1.622538547962904e-09	0.010526316240429878	0.3760969042778015	9.999999974752427e-07	9.999999974752427e-07	1.622538547962904e-09	0.14387741684913635	0.025641024112701416	0.07431011646986008	0.032608695328235626	9.999999974752427e-07	0.009615384973585606	1.622538547962904e-09	0.014637134969234467	0.07431010156869888	0.010309278033673763	0.04452749714255333	0.009433962404727936	9.999999974752427e-07	1.622538547962904e-09	1.622538547962904e-09	1.622538547962904e-09	1.622538547962904e-09	0.009569531306624413	1.622538547962904e-09	1.622538547962904e-09	1.622538547962904e-09	0.01123595517128706	9.999999974752427e-07	0.20471768081188202	9.999999974752427e-07	0.14387744665145874	0.2047176957130432	0.3052733242511749	0.30527329444885254	0.026084452867507935	0.009569531306624413	1.622538547962904e-09	0.010101010091602802	0.204717755317688	0.010204081423580647	0.010989011265337467	0.30527329444885254	0.14387741684913635	0.06956726312637329	1.622538547962904e-09	0.01463712751865387	9.999999974752427e-07	0.20471777021884918	0.009803921915590763	9.999999974752427e-07	0.02503982186317444	9.999999974752427e-07	9.999999974752427e-07	0.008882243186235428	0.020576931536197662	9.999999974752427e-07	1.622538547962904e-09	1.622538547962904e-09	1.622538547962904e-09	9.999999974752427e-07	1.622538547962904e-09	1.622538547962904e-09	1.622538547962904e-09	9.999999974752427e-07	1.622538547962904e-09	0.3537144362926483	0.026411600410938263	4.2857209336943924e-07	0.20192477107048035	1.622538547962904e-09	0.027027027681469917	-7.275957614183426e-12	0.28152182698249817	1.622538547962904e-09	0.026411622762680054	0.2815217971801758	0.010256588459014893	9.999999974752427e-07	1.622538547962904e-09	0.20192477107048035	9.999999974752427e-07	1.622538547962904e-09	9.999999974752427e-07	1.622538547962904e-09	0.010256589390337467	1.622538547962904e-09	0.20192474126815796	0.20192478597164154	1.622538547962904e-09	1.622538547962904e-09	0.16246558725833893	0.05873368680477142	1.622538547962904e-09	0.02763335034251213	0.20192477107048035	-1.3278622645884752e-08	1.622538547962904e-09	-1.3278622645884752e-08	0.20192483067512512	0.008206691592931747	9.999999974752427e-07	0.2740027904510498	1.622538547962904e-09	9.999999974752427e-07	1.622538547962904e-09	0.057034820318222046	1.622538547962904e-09	0.02641153335571289	0.03179077059030533	1.622538547962904e-09	9.999999974752427e-07	-1.3278622645884752e-08	0.009401541203260422	0.026411622762680054	0.009916093200445175	0.02763335406780243	4.2857209336943924e-07	1.622538547962904e-09	0.013445600867271423	0.008206691592931747	9.999999974752427e-07	0.013458997011184692	1.2857158253609668e-06	-1.3278622645884752e-08	-1.3278622645884752e-08	1.622538547962904e-09	9.999999974752427e-07	1.622538547962904e-09	0.16246557235717773	1.622538547962904e-09	0.05703481286764145	0.1057061031460762	0.2626262605190277	0.20192477107048035	0.01780684106051922	1.2857121873821598e-06	-1.3278622645884752e-08	9.999999974752427e-07	0.08882559835910797	0.009916089475154877	1.622538547962904e-09	0.20192478597164154	0.05404491722583771	0.027633346617221832	-1.3278622645884752e-08	0.009401543065905571	1.622538547962904e-09	0.1057060956954956	-1.3278622645884752e-08	0.017806850373744965	1.622538547962904e-09	1.622538547962904e-09	4.2857209336943924e-07	1.622538547962904e-09	-7.275957614183426e-12	1.622538547962904e-09	9.999999974752427e-07	1.622538547962904e-09	-1.3278622645884752e-08	9.999999974752427e-07	-1.3278622645884752e-08	0.007519088685512543	1.622538547962904e-09	1.622538547962904e-09	2.255546860396862e-10	0.5330701470375061	0.005072489380836487	5.000001692678779e-07	0.3791336119174957	0.015137098729610443	0.04571789503097534	9.999999974752427e-07	0.47317150235176086	1.622538547962904e-09	0.08930285274982452	0.47317150235176086	0.014180606231093407	0.010177051648497581	9.999999974752427e-07	0.283880352973938	-1.3278622645884752e-08	1.622538547962904e-09	0.009429067373275757	-1.3278622645884752e-08	0.007485583424568176	9.999999974752427e-07	0.2687433063983917	0.3461630940437317	0.011049933731555939	0.012431889772415161	0.21618443727493286	0.059898555278778076	-1.3278622645884752e-08	1.622538547962904e-09	0.2838802933692932	0.030927835032343864	0.04472166299819946	-1.3278622645884752e-08	0.39345017075538635	1.622538547962904e-09	-1.3278622645884752e-08	0.39345014095306396	0.011049933731555939	0.010177051648497581	-1.3278622645884752e-08	0.16346153616905212	0.04000958055257797	0.08930287510156631	-1.3278622645884752e-08	0.010416666977107525	-1.3278622645884752e-08	0.014316469430923462	0.036288827657699585	0.08930285274982452	1.622538547962904e-09	0.0478060245513916	5.000001692678779e-07	0.028037382289767265	1.622538547962904e-09	1.622538547962904e-09	-1.3278622645884752e-08	-1.3278622645884752e-08	1.5000005078036338e-06	1.622538547962904e-09	-1.3278622645884752e-08	9.999999974752427e-07	-1.3278622645884752e-08	1.622538547962904e-09	0.21618443727493286	0.015137098729610443	0.171462744474411	0.21618443727493286	0.39345014095306396	0.3461630940437317	0.05255882441997528	0.005072489380836487	9.999999974752427e-07	0.02286946028470993	0.1714627593755722	1.622538547962904e-09	0.01513710618019104	0.37913358211517334	0.1495407670736313	0.06023794412612915	0.014316461980342865	0.02286946028470993	0.008695651777088642	0.1714627593755722	1.622538547962904e-09	0.010177051648497581	0.012431896291673183	1.622538547962904e-09	5.000001692678779e-07	9.999999974752427e-07	0.0066950395703315735	0.007796458899974823	-1.3278622645884752e-08	0.030927835032343864	-1.3278622645884752e-08	0.007485583424568176	-1.3278622645884752e-08	0.02777777798473835	-1.3278622645884752e-08	9.999999974752427e-07	0.008695651777088642	0.3669218420982361	0.04854368790984154	5.000001692678779e-07	0.19233903288841248	1.622538547962904e-09	0.021178677678108215	0.01907866820693016	0.26595741510391235	9.999999974752427e-07	0.0752153992652893	0.2984440326690674	0.01907867193222046	9.999999974752427e-07	0.010416666977107525	0.19233903288841248	0.010324249044060707	0.007624365389347076	1.622538547962904e-09	1.622538547962904e-09	1.622538547962904e-09	9.999999974752427e-07	0.19233901798725128	0.19233904778957367	1.622538547962904e-09	0.026356376707553864	0.16347560286521912	0.04025731980800629	1.622538547962904e-09	1.622538547962904e-09	0.19233901798725128	1.622538547962904e-09	0.015332028269767761	0.0117647061124444	0.24910278618335724	0.01778506115078926	-1.3278622645884752e-08	0.24910277128219604	1.622538547962904e-09	9.999999974752427e-07	1.622538547962904e-09	0.1170303225517273	0.015458554029464722	0.0752154290676117	-1.3278622645884752e-08	0.00909090880304575	-1.3278622645884752e-08	0.009573204442858696	0.02117867022752762	0.0752154216170311	0.018691588193178177	0.015458546578884125	5.000001692678779e-07	0.005539216101169586	1.622538547962904e-09	0.01778506115078926	9.999999974752427e-07	0.02822047472000122	1.5000005078036338e-06	1.622538547962904e-09	9.999999974752427e-07	9.999999974752427e-07	-1.3278622645884752e-08	9.999999974752427e-07	0.16347560286521912	1.622538547962904e-09	0.14051920175552368	0.16347560286521912	0.24910280108451843	0.19233901798725128	0.011078406125307083	0.010101010091602802	0.009573204442858696	0.009177442640066147	0.14051921665668488	0.008695651777088642	1.622538547962904e-09	0.2222222089767456	0.11703035235404968	0.04181492328643799	0.011904762126505375	0.009177440777420998	0.010869565419852734	0.14051920175552368	-1.3278622645884752e-08	0.005539216101169586	0.026356376707553864	1.622538547962904e-09	5.000001692678779e-07	0.009999999776482582	0.01907867006957531	1.622538547962904e-09	0.010324249044060707	9.999999974752427e-07	9.999999974752427e-07	1.622538547962904e-09	9.999999974752427e-07	9.999999974752427e-07	1.622538547962904e-09	9.999999974752427e-07	0.012001216411590576	0.43699371814727783	0.05826278030872345	9.999999974752427e-07	0.2679571807384491	9.999999974752427e-07	0.04900254309177399	1.622538547962904e-09	0.3783048689365387	0.009493403136730194	0.06596280634403229	0.3783048391342163	1.622538547962904e-09	9.999999974752427e-07	0.01123595517128706	0.2679571509361267	-2.4010660126805305e-10	1.622538547962904e-09	-1.3278622645884752e-08	1.622538547962904e-09	1.622538547962904e-09	6.000000212225132e-07	0.2545320391654968	0.2679571509361267	0.010989011265337467	1.3999997463542968e-06	0.20756608247756958	0.04900255426764488	1.622538547962904e-09	0.005720056593418121	0.2679571509361267	1.622538547962904e-09	0.01575428992509842	0.010256931185722351	0.3783048391342163	0.01601792871952057	-2.4010660126805305e-10	0.3783048689365387	0.019911106675863266	9.999999974752427e-07	1.622538547962904e-09	0.1568257212638855	0.013005435466766357	0.11561180651187897	0.01815195381641388	8.000001798791345e-07	0.01815195381641388	0.010526316240429878	0.04900252819061279	0.06741572916507721	0.03269492834806442	0.018725495785474777	0.00909090880304575	-2.4010660126805305e-10	1.622538547962904e-09	0.00917431153357029	0.009686267003417015	0.009686268866062164	0.025567827746272087	9.999999974752427e-07	0.043478261679410934	0.01575428992509842	-2.4010660126805305e-10	0.009493403136730194	0.20756609737873077	9.999999974752427e-07	0.15682576596736908	0.20756609737873077	0.3783048689365387	0.2679571211338043	0.030948013067245483	0.025567827746272087	9.999999974752427e-07	9.999999974752427e-07	0.17497771978378296	0.009708737954497337	0.00909090880304575	0.31832000613212585	0.1568257361650467	0.04121395945549011	0.04972795397043228	0.010204081423580647	0.007700018584728241	0.19181180000305176	9.999999974752427e-07	0.011036910116672516	0.022488445043563843	0.016806723549962044	9.999999974752427e-07	0.009615384973585606	1.622538547962904e-09	1.622538547962904e-09	-2.4010660126805305e-10	1.622538547962904e-09	9.999999974752427e-07	1.622538547962904e-09	0.009803921915590763	1.622538547962904e-09	1.622538547962904e-09	8.000001798791345e-07	9.999999974752427e-07	0.3545213043689728	0.02059110254049301	0.010625112801790237	0.21123084425926208	0.02664199471473694	0.0061219222843647	9.999999974752427e-07	0.3018166422843933	0.006626579910516739	0.02059112675487995	0.3018166720867157	0.01864650845527649	-1.3278622645884752e-08	1.622538547962904e-09	0.1669045239686966	0.015181045979261398	9.999999974752427e-07	1.622538547962904e-09	1.622538547962904e-09	0.010238776914775372	1.622538547962904e-09	0.14026254415512085	0.2112308144569397	-1.3278622645884752e-08	1.622538547962904e-09	0.14026251435279846	0.024768419563770294	1.622538547962904e-09	1.622538547962904e-09	0.2112308144569397	-1.3278622645884752e-08	0.011363636702299118	6.912159733474255e-10	0.23242251574993134	-1.3278622645884752e-08	0.006100691854953766	0.29567739367485046	-1.3278622645884752e-08	-1.3278622645884752e-08	1.622538547962904e-09	0.09294700622558594	1.622538547962904e-09	0.06100182235240936	0.01366463303565979	1.622538547962904e-09	0.007563948631286621	0.011995955370366573	0.0061219483613967896	0.030612245202064514	0.00662657618522644	9.073119144886732e-09	-2.4010660126805305e-10	-1.3278622645884752e-08	-1.3278622645884752e-08	-1.3278622645884752e-08	9.999999974752427e-07	0.027936100959777832	0.010625114664435387	0.027522936463356018	0.007871739566326141	9.999999974752427e-07	1.622538547962904e-09	0.006626579910516739	0.14026251435279846	0.010101010091602802	0.09294699132442474	0.14026251435279846	0.29567742347717285	0.21123076975345612	-1.3278622645884752e-08	0.013964534737169743	0.011995954439043999	0.0061219483613967896	0.10661163181066513	1.622538547962904e-09	0.02664199471473694	0.2191026210784912	0.06100183725357056	1.622538547962904e-09	0.013319892808794975	0.0061219483613967896	1.622538547962904e-09	0.10661161690950394	9.999999974752427e-07	-1.3278622645884752e-08	1.622538547962904e-09	1.622538547962904e-09	-2.4010660126805305e-10	1.622538547962904e-09	9.999999974752427e-07	1.622538547962904e-09	0.015181045979261398	1.622538547962904e-09	6.912159733474255e-10	0.010238775983452797	0.007871739566326141	0.006139293313026428	1.622538547962904e-09	1.622538547962904e-09	1.622538547962904e-09	0.36081427335739136	0.07295437157154083	0.008505983278155327	0.2816368341445923	0.009365733712911606	0.026101619005203247	-1.3278622645884752e-08	0.3097529113292694	8.000001798791345e-07	0.07295437157154083	0.3097529113292694	-1.3278622645884752e-08	2.255546860396862e-10	-5.828042048960924e-09	0.22092559933662415	0.024959877133369446	-1.3278622645884752e-08	1.622538547962904e-09	1.622538547962904e-09	-1.3278622645884752e-08	9.999999974752427e-07	0.21155986189842224	0.22092559933662415	2.255546860396862e-10	0.00917431153357029	0.1840570569038391	0.026101604104042053	1.622538547962904e-09	-5.828042048960924e-09	0.22092559933662415	1.622538547962904e-09	-1.3278622645884752e-08	0.008564604446291924	0.2986621558666229	1.622538547962904e-09	9.999999974752427e-07	0.2986621558666229	2.255546860396862e-10	2.255546860396862e-10	1.622538547962904e-09	0.1273503601551056	-5.828042048960924e-09	0.08163265138864517	0.01516491174697876	0.008196720853447914	9.999999974752427e-07	-2.4010660126805305e-10	0.026101619005203247	0.07547169923782349	1.3999997463542968e-06	0.015599853359162807	0.01042632944881916	0.009330726228654385	0.018172089010477066	1.622538547962904e-09	1.622538547962904e-09	0.024959877133369446	0.028257330879569054	9.999999974752427e-07	0.008460652083158493	-1.3278622645884752e-08	9.999999974752427e-07	8.000001798791345e-07	0.14251525700092316	0.009365729987621307	0.1273503601551056	0.14251527190208435	0.2986621558666229	0.2816368341445923	0.00933072715997696	0.05747126415371895	-2.4010660126805305e-10	9.999999974752427e-07	0.14251521229743958	6.000000212225132e-07	0.009365737438201904	0.29009753465652466	0.1273503601551056	0.04308461770415306	-2.4010660126805305e-10	0.009282229468226433	1.622538547962904e-09	0.14251525700092316	9.999999974752427e-07	2.255546860396862e-10	0.027484744787216187	0.017241379246115685	0.009325018152594566	-5.828042048960924e-09	-1.3278622645884752e-08	0.015599831938743591	0.02495986968278885	-2.4010660126805305e-10	9.999999974752427e-07	-1.3278622645884752e-08	0.008460652083158493	0.011090751737356186	1.622538547962904e-09	9.999999974752427e-07	0.016819393262267113
45	-15547.466796875	-1	9	57	76	75	26	89	10	62	48	0	26	84	41	29	91	66	5	0	11	24	14	68	37	85	21	0	0	50	22	3	66	33	67	21	43	7	69	12	0	65	50	77	73	24	43	79	5	42	1	78	57	69	21	34	56	0	70	42	76	31	43	49	25	4	73	63	36	3	21	1	46	80	82	49	14	33	40	77	33	47	9	66	48	69	78	85	57	13	11	50	56	7	32	19	59	7	0	45	47	0.5437126159667969	0.08644906431436539	0.010285336524248123	0.4145510196685791	0.012830331921577454	0.010498285293579102	0.010526316240429878	0.4251324534416199	9.999999974752427e-07	0.08644905686378479	0.44155392050743103	0.0655471682548523	9.999999974752427e-07	9.999999974752427e-07	0.40957462787628174	9.999999974752427e-07	0.005317956209182739	1.622538547962904e-09	1.622538547962904e-09	9.999999974752427e-07	0.02298850566148758	0.39674437046051025	0.4095746874809265	9.999999974752427e-07	0.03314200043678284	0.2897196114063263	0.0760454460978508	1.622538547962904e-09	9.999999974752427e-07	0.4095746576786041	0.004976451396942139	1.622538547962904e-09	1.622538547962904e-09	0.4145510494709015	0.03333333507180214	-1.3278622645884752e-08	0.4251324236392975	9.999999974752427e-07	9.999999974752427e-07	1.622538547962904e-09	0.22580645978450775	0.012048192322254181	0.1361638456583023	-1.3278622645884752e-08	9.999999974752427e-07	-1.3278622645884752e-08	1.622538547962904e-09	0.010498294606804848	0.1361638605594635	0.030567780137062073	0.02411612868309021	1.622538547962904e-09	0.008196720853447914	0.010869565419852734	9.999999974752427e-07	0.010526316240429878	0.026113338768482208	0.019338728860020638	-2.4010660126805305e-10	-1.3278622645884752e-08	1.622538547962904e-09	-1.3278622645884752e-08	0.030567795038223267	0.2705919146537781	9.999999974752427e-07	0.26527392864227295	0.2705919146537781	0.4251324236392975	0.40957462787628174	0.030927833169698715	0.05588129162788391	1.622538547962904e-09	0.010498292744159698	0.2652738690376282	-1.3278622645884752e-08	0.012830331921577454	0.41455110907554626	0.22250455617904663	0.08634074777364731	1.622538547962904e-09	0.010498294606804848	1.622538547962904e-09	0.26527389883995056	0.036036036908626556	0.009900989942252636	0.062224678695201874	0.029082641005516052	0.009053405374288559	9.999999974752427e-07	0.012195121496915817	9.999999974752427e-07	0.008547008968889713	-1.3278622645884752e-08	1.622538547962904e-09	9.999999974752427e-07	-1.3278622645884752e-08	-1.3278622645884752e-08	1.622538547962904e-09	-1.3278622645884752e-08	1.622538547962904e-09	0.4231007397174835	0.04496558755636215	0.010405869223177433	0.2722354531288147	0.010044899769127369	0.021052632480859756	9.999999974752427e-07	0.31625208258628845	0.018691588193178177	0.05226296931505203	0.31625211238861084	0.01785714365541935	0.010989011265337467	1.622538547962904e-09	0.2722354531288147	9.999999974752427e-07	1.622538547962904e-09	0.019417475908994675	1.622538547962904e-09	9.999999974752427e-07	6.666664376098197e-07	0.2291666716337204	0.2722354531288147	9.999999974752427e-07	1.3333333299669903e-06	0.1819043606519699	0.09699182957410812	1.622538547962904e-09	0.0078512541949749	0.2722354531288147	1.622538547962904e-09	1.622538547962904e-09	0.010638297535479069	0.31625205278396606	9.999999974752427e-07	-7.275957614183426e-12	0.31625205278396606	0.010526316240429878	0.009009009227156639	1.622538547962904e-09	0.10256187617778778	1.622538547962904e-09	0.0606570690870285	0.008510754443705082	6.666664376098197e-07	-7.275957614183426e-12	9.999999974752427e-07	1.3999997463542968e-06	0.05226297304034233	0.034559715539216995	0.022432174533605576	2.255546860396862e-10	9.999999974752427e-07	9.999999974752427e-07	9.999999974752427e-07	0.008264463394880295	0.009856700897216797	0.010405868291854858	0.008394084870815277	1.622538547962904e-09	1.622538547962904e-09	0.008510754443705082	0.034559715539216995	0.18190431594848633	0.010044899769127369	0.11764705926179886	0.18190434575080872	0.31625205278396606	0.2722354531288147	0.042105261236429214	0.010405870154500008	9.999999974752427e-07	8.000001798791345e-07	0.18190434575080872	1.622538547962904e-09	0.010044898837804794	0.2722354531288147	0.10256189107894897	0.04190482199192047	9.999999974752427e-07	8.000001798791345e-07	0.00729738175868988	0.18190434575080872	1.622538547962904e-09	0.016949152573943138	0.01947261206805706	9.999999974752427e-07	2.255546860396862e-10	1.622538547962904e-09	0.011627906933426857	0.014580924063920975	9.999999974752427e-07	1.622538547962904e-09	9.999999974752427e-07	9.999999974752427e-07	1.622538547962904e-09	1.622538547962904e-09	1.622538547962904e-09	-7.275957614183426e-12	6.000000212225132e-07	0.449466347694397	0.08000115305185318	9.999999974752427e-07	0.33304834365844727	-1.3278622645884752e-08	0.03483247756958008	9.999999974752427e-07	0.386263370513916	0.009220771491527557	0.08756303787231445	0.386263370513916	0.01332206092774868	-1.3278622645884752e-08	9.999999974752427e-07	0.2947916090488434	9.999999974752427e-07	0.029411764815449715	9.999999974752427e-07	-1.3278622645884752e-08	0.008118398487567902	0.010526316240429878	0.294791579246521	0.2947916090488434	-1.3278622645884752e-08	0.01075268816202879	0.2947915196418762	0.048154592514038086	-1.3278622645884752e-08	0.02777777798473835	0.2947916090488434	0.019186578691005707	9.999999974752427e-07	0.008000463247299194	0.38626328110694885	-1.3278622645884752e-08	1.622538547962904e-09	0.386263370513916	-1.3278622645884752e-08	-1.3278622645884752e-08	-1.3278622645884752e-08	0.1528804898262024	9.999999974752427e-07	0.08756303042173386	0.009048542939126492	9.999999974752427e-07	1.622538547962904e-09	0.009130984544754028	0.02860131859779358	0.08756303787231445	0.009220770560204983	0.04123711213469505	9.999999974752427e-07	-1.3278622645884752e-08	-1.3278622645884752e-08	-1.3278622645884752e-08	0.008003756403923035	0.01504833996295929	0.029999999329447746	1.622538547962904e-09	0.00909090880304575	9.999999974752427e-07	0.009048543870449066	0.009220771491527557	0.2947915196418762	-1.3278622645884752e-08	0.15288051962852478	0.2499999850988388	0.38626334071159363	0.31386175751686096	-1.3278622645884752e-08	0.032608695328235626	0.009130991995334625	9.999999974752427e-07	0.16192902624607086	-2.4010660126805305e-10	-1.3278622645884752e-08	0.36913183331489563	0.15288051962852478	0.06531751155853271	0.009130977094173431	0.028601333498954773	0.00756189227104187	0.16814157366752625	1.622538547962904e-09	-1.3278622645884752e-08	0.021052632480859756	0.009900989942252636	0.027272727340459824	9.999999974752427e-07	0.005203664302825928	0.008620689623057842	0.007044583559036255	-1.3278622645884752e-08	0.008000463247299194	0.008118398487567902	9.999999974752427e-07	-1.3278622645884752e-08	-1.3278622645884752e-08	1.622538547962904e-09	1.622538547962904e-09	0.4417252242565155	0.024390242993831635	9.999999974752427e-07	0.30527326464653015	0.010416666977107525	0.014637134969234467	9.999999974752427e-07	0.3760969042778015	9.999999974752427e-07	0.04878048598766327	0.3760969042778015	0.05099133402109146	9.999999974752427e-07	0.008882244117558002	0.30527329444885254	1.622538547962904e-09	1.622538547962904e-09	1.622538547962904e-09	1.622538547962904e-09	0.030414395034313202	0.012048192322254181	0.29318323731422424	0.30527329444885254	9.999999974752427e-07	0.017391303554177284	0.2670987844467163	0.06562843918800354	1.622538547962904e-09	0.010416666977107525	0.30527329444885254	1.622538547962904e-09	1.622538547962904e-09	1.622538547962904e-09	0.30527329444885254	1.622538547962904e-09	0.010526316240429878	0.3760969042778015	9.999999974752427e-07	9.999999974752427e-07	1.622538547962904e-09	0.14387741684913635	0.025641024112701416	0.07431011646986008	0.032608695328235626	9.999999974752427e-07	0.009615384973585606	1.622538547962904e-09	0.014637134969234467	0.07431010156869888	0.010309278033673763	0.04452749714255333	0.009433962404727936	9.999999974752427e-07	1.622538547962904e-09	1.622538547962904e-09	1.622538547962904e-09	1.622538547962904e-09	0.009569531306624413	1.622538547962904e-09	1.622538547962904e-09	1.622538547962904e-09	0.01123595517128706	9.999999974752427e-07	0.20471768081188202	9.999999974752427e-07	0.14387744665145874	0.2047176957130432	0.3052733242511749	0.30527329444885254	0.026084452867507935	0.009569531306624413	1.622538547962904e-09	0.010101010091602802	0.204717755317688	0.010204081423580647	0.010989011265337467	0.30527329444885254	0.14387741684913635	0.06956726312637329	1.622538547962904e-09	0.01463712751865387	9.999999974752427e-07	0.20471777021884918	0.009803921915590763	9.999999974752427e-07	0.02503982186317444	9.999999974752427e-07	9.999999974752427e-07	0.008882243186235428	0.020576931536197662	9.999999974752427e-07	1.622538547962904e-09	1.622538547962904e-09	1.622538547962904e-09	9.999999974752427e-07	1.622538547962904e-09	1.622538547962904e-09	1.622538547962904e-09	9.999999974752427e-07	1.622538547962904e-09	0.3537144362926483	0.026411600410938263	4.2857209336943924e-07	0.20192477107048035	1.622538547962904e-09	0.027027027681469917	-7.275957614183426e-12	0.28152182698249817	1.622538547962904e-09	0.026411622762680054	0.2815217971801758	0.010256588459014893	9.999999974752427e-07	1.622538547962904e-09	0.20192477107048035	9.999999974752427e-07	1.622538547962904e-09	9.999999974752427e-07	1.622538547962904e-09	0.010256589390337467	1.622538547962904e-09	0.20192474126815796	0.20192478597164154	1.622538547962904e-09	1.622538547962904e-09	0.16246558725833893	0.05873368680477142	1.622538547962904e-09	0.027633339166641235	0.20192477107048035	-1.3278622645884752e-08	1.622538547962904e-09	-1.3278622645884752e-08	0.20192483067512512	0.008206691592931747	9.999999974752427e-07	0.2740027904510498	1.622538547962904e-09	9.999999974752427e-07	1.622538547962904e-09	0.05703481286764145	1.622538547962904e-09	0.02641153335571289	0.03179077059030533	1.622538547962904e-09	9.999999974752427e-07	-1.3278622645884752e-08	0.009401541203260422	0.026411622762680054	0.009916093200445175	0.027633339166641235	4.2857209336943924e-07	1.622538547962904e-09	0.013445600867271423	0.008206691592931747	9.999999974752427e-07	0.013458997011184692	1.2857158253609668e-06	-1.3278622645884752e-08	-1.3278622645884752e-08	1.622538547962904e-09	9.999999974752427e-07	1.622538547962904e-09	0.16246557235717773	1.622538547962904e-09	0.05703481659293175	0.10570608824491501	0.2626262605190277	0.20192477107048035	0.01780684106051922	1.2857121873821598e-06	-1.3278622645884752e-08	9.999999974752427e-07	0.08882559835910797	0.009916089475154877	1.622538547962904e-09	0.20192478597164154	0.05404491350054741	0.027633339166641235	-1.3278622645884752e-08	0.009401543065905571	1.622538547962904e-09	0.1057060956954956	-1.3278622645884752e-08	0.017806850373744965	1.622538547962904e-09	1.622538547962904e-09	4.2857209336943924e-07	1.622538547962904e-09	-7.275957614183426e-12	1.622538547962904e-09	9.999999974752427e-07	1.622538547962904e-09	-1.3278622645884752e-08	9.999999974752427e-07	-1.3278622645884752e-08	0.007519088685512543	1.622538547962904e-09	9.999999974752427e-07	2.255546860396862e-10	0.5330701470375061	0.005072489380836487	5.000001692678779e-07	0.3791336715221405	0.015137098729610443	0.04571791738271713	9.999999974752427e-07	0.47317150235176086	1.622538547962904e-09	0.08930285274982452	0.47317150235176086	0.014180630445480347	0.010177051648497581	9.999999974752427e-07	0.2838802933692932	-1.3278622645884752e-08	1.622538547962904e-09	0.009429076686501503	-1.3278622645884752e-08	0.007485575973987579	9.999999974752427e-07	0.26874327659606934	0.3461630940437317	0.011049933731555939	0.012431889772415161	0.21618443727493286	0.05989854037761688	-1.3278622645884752e-08	1.622538547962904e-09	0.2838802933692932	0.030927835032343864	0.04472167789936066	-1.3278622645884752e-08	0.39345017075538635	1.622538547962904e-09	-1.3278622645884752e-08	0.3934501111507416	0.011049933731555939	0.010177051648497581	-1.3278622645884752e-08	0.16346153616905212	0.04000958055257797	0.08930287510156631	-1.3278622645884752e-08	0.010416666977107525	-1.3278622645884752e-08	0.01431649923324585	0.03628883510828018	0.08930285274982452	1.622538547962904e-09	0.0478060245513916	5.000001692678779e-07	0.028037382289767265	1.622538547962904e-09	1.622538547962904e-09	-1.3278622645884752e-08	-1.3278622645884752e-08	1.5000005078036338e-06	1.622538547962904e-09	-1.3278622645884752e-08	9.999999974752427e-07	-1.3278622645884752e-08	1.622538547962904e-09	0.21618445217609406	0.015137098729610443	0.171462744474411	0.21618443727493286	0.3934501111507416	0.3461630940437317	0.05255886912345886	0.005072489380836487	9.999999974752427e-07	0.02286946028470993	0.1714627742767334	1.622538547962904e-09	0.01513710618019104	0.3791336417198181	0.1495407670736313	0.06023794412612915	0.014316491782665253	0.02286946028470993	0.008695651777088642	0.1714627593755722	1.622538547962904e-09	0.010177051648497581	0.012431896291673183	1.622538547962904e-09	5.000001692678779e-07	9.999999974752427e-07	0.0066950321197509766	0.007796458899974823	-1.3278622645884752e-08	0.030927835032343864	-1.3278622645884752e-08	0.007485579699277878	-1.3278622645884752e-08	0.02777777798473835	-1.3278622645884752e-08	-1.3278622645884752e-08	0.008695651777088642	0.3669218420982361	0.04854368790984154	5.000001692678779e-07	0.19233903288841248	1.622538547962904e-09	0.02117866277694702	0.01907867193222046	0.26595741510391235	9.999999974752427e-07	0.0752153992652893	0.2984440326690674	0.01907867193222046	9.999999974752427e-07	0.010416666977107525	0.19233904778957367	0.010324249044060707	0.007624350488185883	1.622538547962904e-09	1.622538547962904e-09	1.622538547962904e-09	9.999999974752427e-07	0.19233903288841248	0.19233903288841248	1.622538547962904e-09	0.026356376707553864	0.16347558796405792	0.04025731980800629	1.622538547962904e-09	1.622538547962904e-09	0.19233904778957367	1.622538547962904e-09	0.015332013368606567	0.0117647061124444	0.24910278618335724	0.017785057425498962	-1.3278622645884752e-08	0.24910280108451843	1.622538547962904e-09	9.999999974752427e-07	1.622538547962904e-09	0.1170303225517273	0.015458554029464722	0.0752154290676117	-1.3278622645884752e-08	0.00909090880304575	-1.3278622645884752e-08	0.009573204442858696	0.021178659051656723	0.0752154216170311	0.018691588193178177	0.015458546578884125	5.000001692678779e-07	0.005539208650588989	1.622538547962904e-09	0.017785057425498962	9.999999974752427e-07	0.02822047472000122	1.5000005078036338e-06	1.622538547962904e-09	9.999999974752427e-07	9.999999974752427e-07	-1.3278622645884752e-08	9.999999974752427e-07	0.16347558796405792	1.622538547962904e-09	0.1405191719532013	0.1634756326675415	0.24910277128219604	0.19233903288841248	0.011078409850597382	0.010101010091602802	0.009573204442858696	0.009177442640066147	0.14051920175552368	0.008695651777088642	1.622538547962904e-09	0.2222222089767456	0.11703035235404968	0.04181492328643799	0.011904762126505375	0.009177442640066147	0.010869565419852734	0.14051920175552368	-1.3278622645884752e-08	0.005539208650588989	0.026356376707553864	1.622538547962904e-09	5.000001692678779e-07	0.009999999776482582	0.019078673794865608	1.622538547962904e-09	0.010324249044060707	9.999999974752427e-07	9.999999974752427e-07	1.622538547962904e-09	9.999999974752427e-07	9.999999974752427e-07	1.622538547962904e-09	-1.3278622645884752e-08	0.012001220136880875	0.43699371814727783	0.05826278030872345	9.999999974752427e-07	0.2679571807384491	9.999999974752427e-07	0.04900254309177399	1.622538547962904e-09	0.3783048689365387	0.009493403136730194	0.06596280634403229	0.3783048391342163	1.622538547962904e-09	9.999999974752427e-07	0.01123595517128706	0.2679571509361267	-2.4010660126805305e-10	1.622538547962904e-09	-1.3278622645884752e-08	1.622538547962904e-09	1.622538547962904e-09	6.666664376098197e-07	0.2545320391654968	0.2679571509361267	0.010989011265337467	1.3333333299669903e-06	0.20756608247756958	0.04900255426764488	1.622538547962904e-09	0.005720056593418121	0.2679571509361267	1.622538547962904e-09	0.01575428992509842	0.010256931185722351	0.3783048391342163	0.01601792871952057	-2.4010660126805305e-10	0.3783048689365387	0.019911106675863266	9.999999974752427e-07	1.622538547962904e-09	0.1568257212638855	0.013005435466766357	0.11561180651187897	0.01815195381641388	6.666664376098197e-07	0.01815195381641388	0.010526316240429878	0.04900252819061279	0.06741572916507721	0.03269492834806442	0.018725495785474777	0.00909090880304575	-2.4010660126805305e-10	1.622538547962904e-09	0.00917431153357029	0.009686267003417015	0.009686268866062164	0.025567827746272087	9.999999974752427e-07	0.043478261679410934	0.01575428992509842	-2.4010660126805305e-10	0.009493403136730194	0.20756609737873077	9.999999974752427e-07	0.15682576596736908	0.20756609737873077	0.3783048689365387	0.2679571211338043	0.030948013067245483	0.025567827746272087	9.999999974752427e-07	9.999999974752427e-07	0.17497771978378296	0.009708737954497337	0.00909090880304575	0.31832000613212585	0.1568257361650467	0.04121395945549011	0.04972795397043228	0.010204081423580647	0.007700018584728241	0.19181180000305176	9.999999974752427e-07	0.011036910116672516	0.022488445043563843	0.016806723549962044	9.999999974752427e-07	0.009615384973585606	1.622538547962904e-09	1.622538547962904e-09	-2.4010660126805305e-10	1.622538547962904e-09	9.999999974752427e-07	1.622538547962904e-09	0.009803921915590763	1.622538547962904e-09	1.622538547962904e-09	9.999999974752427e-07	9.999999974752427e-07	0.3545213043689728	0.02059110254049301	0.010625112801790237	0.21123084425926208	0.02664199471473694	0.0061219222843647	9.999999974752427e-07	0.3018166422843933	0.006626579910516739	0.02059112675487995	0.3018166720867157	0.01864650845527649	-1.3278622645884752e-08	1.622538547962904e-09	0.1669045239686966	0.015181045979261398	9.999999974752427e-07	1.622538547962904e-09	1.622538547962904e-09	0.010238776914775372	1.622538547962904e-09	0.14026254415512085	0.2112308144569397	-1.3278622645884752e-08	1.622538547962904e-09	0.14026251435279846	0.024768419563770294	1.622538547962904e-09	1.622538547962904e-09	0.2112308144569397	-1.3278622645884752e-08	0.011363636702299118	6.912159733474255e-10	0.23242251574993134	-1.3278622645884752e-08	0.006100691854953766	0.29567739367485046	-1.3278622645884752e-08	-1.3278622645884752e-08	1.622538547962904e-09	0.09294700622558594	1.622538547962904e-09	0.06100180745124817	0.01366463303565979	1.622538547962904e-09	0.007563948631286621	0.011995955370366573	0.0061219483613967896	0.030612245202064514	0.00662657618522644	9.073119144886732e-09	-2.4010660126805305e-10	-1.3278622645884752e-08	-1.3278622645884752e-08	-1.3278622645884752e-08	9.999999974752427e-07	0.027936100959777832	0.010625114664435387	0.027522936463356018	0.007871739566326141	9.999999974752427e-07	1.622538547962904e-09	0.006626579910516739	0.14026251435279846	0.010101010091602802	0.09294699132442474	0.14026251435279846	0.29567742347717285	0.21123076975345612	-1.3278622645884752e-08	0.013964534737169743	0.011995954439043999	0.0061219483613967896	0.10661163181066513	1.622538547962904e-09	0.02664199471473694	0.2191026210784912	0.061001840978860855	1.622538547962904e-09	0.013319892808794975	0.0061219483613967896	1.622538547962904e-09	0.10661161690950394	9.999999974752427e-07	-1.3278622645884752e-08	1.622538547962904e-09	1.622538547962904e-09	-2.4010660126805305e-10	1.622538547962904e-09	9.999999974752427e-07	1.622538547962904e-09	0.015181045979261398	1.622538547962904e-09	6.912159733474255e-10	0.010238775983452797	0.007871739566326141	0.006139293313026428	1.622538547962904e-09	9.999999974752427e-07	1.622538547962904e-09	0.36081427335739136	0.07295437157154083	0.008505983278155327	0.2816368341445923	0.009365733712911606	0.026101619005203247	-1.3278622645884752e-08	0.3097529113292694	8.000001798791345e-07	0.07295437157154083	0.3097529113292694	-1.3278622645884752e-08	2.255546860396862e-10	-5.828042048960924e-09	0.22092559933662415	0.024959877133369446	-1.3278622645884752e-08	1.622538547962904e-09	1.622538547962904e-09	-1.3278622645884752e-08	9.999999974752427e-07	0.21155986189842224	0.22092559933662415	2.255546860396862e-10	0.00917431153357029	0.1840570569038391	0.026101604104042053	1.622538547962904e-09	-5.828042048960924e-09	0.22092559933662415	1.622538547962904e-09	-1.3278622645884752e-08	0.008564604446291924	0.2986621558666229	1.622538547962904e-09	9.999999974752427e-07	0.2986621558666229	2.255546860396862e-10	2.255546860396862e-10	1.622538547962904e-09	0.1273503601551056	-5.828042048960924e-09	0.08163265138864517	0.01516491174697876	0.008196720853447914	9.999999974752427e-07	-2.4010660126805305e-10	0.026101619005203247	0.07547169923782349	1.3999997463542968e-06	0.015599853359162807	0.01042632944881916	0.009330726228654385	0.018172089010477066	1.622538547962904e-09	1.622538547962904e-09	0.024959877133369446	0.028257330879569054	9.999999974752427e-07	0.008460652083158493	-1.3278622645884752e-08	9.999999974752427e-07	8.000001798791345e-07	0.14251525700092316	0.009365729987621307	0.1273503601551056	0.14251527190208435	0.2986621558666229	0.2816368341445923	0.00933072715997696	0.05747126415371895	-2.4010660126805305e-10	9.999999974752427e-07	0.14251521229743958	6.000000212225132e-07	0.009365737438201904	0.29009753465652466	0.1273503601551056	0.04308461770415306	-2.4010660126805305e-10	0.009282229468226433	1.622538547962904e-09	0.14251525700092316	9.999999974752427e-07	2.255546860396862e-10	0.027484744787216187	0.017241379246115685	0.009325018152594566	-5.828042048960924e-09	-1.3278622645884752e-08	0.015599831938743591	0.02495986968278885	-2.4010660126805305e-10	9.999999974752427e-07	-1.3278622645884752e-08	0.008460652083158493	0.011090751737356186	1.622538547962904e-09	9.999999974752427e-07	0.016819393262267113
46	-15547.466796875	-1	9	57	76	75	26	89	10	62	48	0	26	84	41	29	91	66	5	0	11	24	14	68	37	85	21	0	0	50	22	3	66	33	67	21	43	7	69	12	0	65	50	77	73	24	43	79	5	42	1	78	57	69	21	34	56	0	70	42	76	31	43	49	25	4	73	63	36	3	21	1	46	80	82	49	14	33	40	77	33	47	9	66	48	69	78	85	57	13	11	50	56	7	32	19	59	7	0	46	47	0.5437126159667969	0.08644906431436539	0.010285336524248123	0.4145510792732239	0.012830331921577454	0.010498285293579102	0.010526316240429878	0.4251324534416199	9.999999974752427e-07	0.08644905686378479	0.44155392050743103	0.0655471682548523	9.999999974752427e-07	9.999999974752427e-07	0.40957462787628174	9.999999974752427e-07	0.005317971110343933	1.622538547962904e-09	1.622538547962904e-09	9.999999974752427e-07	0.02298850566148758	0.39674437046051025	0.4095746576786041	9.999999974752427e-07	0.03314200043678284	0.2897196114063263	0.0760454460978508	1.622538547962904e-09	9.999999974752427e-07	0.4095746576786041	0.004976451396942139	1.622538547962904e-09	1.622538547962904e-09	0.4145510494709015	0.03333333507180214	-1.3278622645884752e-08	0.4251324236392975	9.999999974752427e-07	9.999999974752427e-07	1.622538547962904e-09	0.22580645978450775	0.012048192322254181	0.1361638456583023	-1.3278622645884752e-08	9.999999974752427e-07	-1.3278622645884752e-08	1.622538547962904e-09	0.010498294606804848	0.1361638605594635	0.030567780137062073	0.02411612868309021	1.622538547962904e-09	0.008196720853447914	0.010869565419852734	9.999999974752427e-07	0.010526316240429878	0.026113338768482208	0.019338728860020638	-2.4010660126805305e-10	-1.3278622645884752e-08	1.622538547962904e-09	-1.3278622645884752e-08	0.030567795038223267	0.2705919146537781	9.999999974752427e-07	0.26527389883995056	0.2705919146537781	0.4251324236392975	0.4095746576786041	0.030927833169698715	0.05588129162788391	1.622538547962904e-09	0.010498292744159698	0.2652738690376282	-1.3278622645884752e-08	0.012830331921577454	0.4145510494709015	0.22250455617904663	0.08634074777364731	1.622538547962904e-09	0.010498294606804848	1.622538547962904e-09	0.26527389883995056	0.036036036908626556	0.009900989942252636	0.062224678695201874	0.029082641005516052	0.009053405374288559	9.999999974752427e-07	0.012195121496915817	9.999999974752427e-07	0.008547008968889713	-1.3278622645884752e-08	1.622538547962904e-09	9.999999974752427e-07	-1.3278622645884752e-08	-1.3278622645884752e-08	1.622538547962904e-09	1.622538547962904e-09	1.622538547962904e-09	0.42310065031051636	0.04496558755636215	0.010405869223177433	0.2722354531288147	0.010044899769127369	0.021052632480859756	9.999999974752427e-07	0.31625208258628845	0.018691588193178177	0.05226296931505203	0.31625211238861084	0.01785714365541935	0.010989011265337467	1.622538547962904e-09	0.2722354531288147	9.999999974752427e-07	1.622538547962904e-09	0.019417475908994675	1.622538547962904e-09	9.999999974752427e-07	6.666664376098197e-07	0.2291666716337204	0.2722354531288147	9.999999974752427e-07	1.3333333299669903e-06	0.1819043606519699	0.09699185937643051	1.622538547962904e-09	0.0078512541949749	0.2722354531288147	1.622538547962904e-09	1.622538547962904e-09	0.010638297535479069	0.31625208258628845	9.999999974752427e-07	-7.275957614183426e-12	0.31625205278396606	0.010526316240429878	0.009009009227156639	1.622538547962904e-09	0.10256187617778778	1.622538547962904e-09	0.0606570690870285	0.008510754443705082	6.666664376098197e-07	-7.275957614183426e-12	1.2000018614344299e-06	1.3999997463542968e-06	0.05226297304034233	0.034559715539216995	0.022432174533605576	2.255546860396862e-10	9.999999974752427e-07	9.999999974752427e-07	9.999999974752427e-07	0.008264463394880295	0.009856734424829483	0.010405868291854858	0.008394084870815277	1.622538547962904e-09	1.622538547962904e-09	0.008510754443705082	0.034559715539216995	0.18190431594848633	0.010044899769127369	0.11764705926179886	0.18190434575080872	0.31625208258628845	0.2722354531288147	0.042105261236429214	0.010405870154500008	6.000000212225132e-07	8.000001798791345e-07	0.18190434575080872	1.622538547962904e-09	0.010044898837804794	0.2722354531288147	0.10256189107894897	0.04190482199192047	1.199997768708272e-06	8.000001798791345e-07	0.00729738175868988	0.18190434575080872	1.622538547962904e-09	0.016949152573943138	0.01947261206805706	9.999999974752427e-07	2.255546860396862e-10	1.622538547962904e-09	0.011627906933426857	0.014580924063920975	9.999999974752427e-07	1.622538547962904e-09	9.999999974752427e-07	9.999999974752427e-07	1.622538547962904e-09	1.622538547962904e-09	1.622538547962904e-09	6.000000212225132e-07	6.000000212225132e-07	0.449466347694397	0.08000115305185318	9.999999974752427e-07	0.3330483138561249	-1.3278622645884752e-08	0.03483247756958008	9.999999974752427e-07	0.386263370513916	0.009220771491527557	0.08756303787231445	0.386263370513916	0.01332206092774868	-1.3278622645884752e-08	9.999999974752427e-07	0.2947915494441986	9.999999974752427e-07	0.029411764815449715	9.999999974752427e-07	-1.3278622645884752e-08	0.008118398487567902	0.010526316240429878	0.2947915494441986	0.2947915196418762	-1.3278622645884752e-08	0.01075268816202879	0.2947915196418762	0.04815457761287689	-1.3278622645884752e-08	0.02777777798473835	0.2947915494441986	0.019186578691005707	9.999999974752427e-07	0.008000478148460388	0.38626325130462646	-1.3278622645884752e-08	1.622538547962904e-09	0.3862634003162384	-1.3278622645884752e-08	-1.3278622645884752e-08	-1.3278622645884752e-08	0.1528805047273636	9.999999974752427e-07	0.08756301552057266	0.009048528037965298	9.999999974752427e-07	1.622538547962904e-09	0.009130999445915222	0.02860131859779358	0.08756303787231445	0.009220770560204983	0.04123711213469505	9.999999974752427e-07	-1.3278622645884752e-08	-1.3278622645884752e-08	-1.3278622645884752e-08	0.008003763854503632	0.01504833996295929	0.029999999329447746	1.622538547962904e-09	0.00909090880304575	9.999999974752427e-07	0.009048528969287872	0.009220771491527557	0.2947915196418762	-1.3278622645884752e-08	0.15288051962852478	0.2499999850988388	0.386263370513916	0.31386175751686096	-1.3278622645884752e-08	0.032608695328235626	0.009131006896495819	9.999999974752427e-07	0.16192904114723206	-2.4010660126805305e-10	-1.3278622645884752e-08	0.36913180351257324	0.1528804898262024	0.06531748175621033	0.009130977094173431	0.028601333498954773	0.00756189227104187	0.16814157366752625	1.622538547962904e-09	-1.3278622645884752e-08	0.021052632480859756	0.009900989942252636	0.027272727340459824	9.999999974752427e-07	0.005203664302825928	0.008620689623057842	0.007044576108455658	-1.3278622645884752e-08	0.008000478148460388	0.008118398487567902	9.999999974752427e-07	-1.3278622645884752e-08	-1.3278622645884752e-08	1.622538547962904e-09	1.622538547962904e-09	0.4417252242565155	0.024390242993831635	9.999999974752427e-07	0.30527326464653015	0.010416666977107525	0.014637134969234467	9.999999974752427e-07	0.3760969042778015	9.999999974752427e-07	0.04878048598766327	0.3760969042778015	0.05099133402109146	9.999999974752427e-07	0.008882244117558002	0.30527329444885254	1.622538547962904e-09	1.622538547962904e-09	1.622538547962904e-09	1.622538547962904e-09	0.030414395034313202	0.012048192322254181	0.29318323731422424	0.3052733242511749	9.999999974752427e-07	0.017391303554177284	0.2670987844467163	0.06562843918800354	1.622538547962904e-09	0.010416666977107525	0.3052733242511749	1.622538547962904e-09	1.622538547962904e-09	1.622538547962904e-09	0.30527329444885254	1.622538547962904e-09	0.010526316240429878	0.3760969042778015	9.999999974752427e-07	9.999999974752427e-07	1.622538547962904e-09	0.14387741684913635	0.025641024112701416	0.07431011646986008	0.032608695328235626	9.999999974752427e-07	0.009615384973585606	1.622538547962904e-09	0.014637134969234467	0.07431010156869888	0.010309278033673763	0.04452749714255333	0.009433962404727936	9.999999974752427e-07	1.622538547962904e-09	1.622538547962904e-09	1.622538547962904e-09	1.622538547962904e-09	0.009569531306624413	1.622538547962904e-09	1.622538547962904e-09	1.622538547962904e-09	0.01123595517128706	9.999999974752427e-07	0.20471768081188202	9.999999974752427e-07	0.14387744665145874	0.2047176957130432	0.30527329444885254	0.30527329444885254	0.026084452867507935	0.009569531306624413	1.622538547962904e-09	0.010101010091602802	0.204717755317688	0.010204081423580647	0.010989011265337467	0.30527326464653015	0.14387741684913635	0.06956726312637329	1.622538547962904e-09	0.01463712751865387	9.999999974752427e-07	0.20471777021884918	0.009803921915590763	9.999999974752427e-07	0.02503982186317444	9.999999974752427e-07	9.999999974752427e-07	0.008882243186235428	0.020576931536197662	9.999999974752427e-07	1.622538547962904e-09	1.622538547962904e-09	1.622538547962904e-09	9.999999974752427e-07	1.622538547962904e-09	1.622538547962904e-09	1.622538547962904e-09	1.622538547962904e-09	1.622538547962904e-09	0.3537144362926483	0.026411600410938263	4.2857209336943924e-07	0.20192483067512512	1.622538547962904e-09	0.027027027681469917	-7.275957614183426e-12	0.28152185678482056	1.622538547962904e-09	0.026411622762680054	0.28152185678482056	0.010256588459014893	9.999999974752427e-07	1.622538547962904e-09	0.20192480087280273	9.999999974752427e-07	1.622538547962904e-09	9.999999974752427e-07	1.622538547962904e-09	0.010256589390337467	1.622538547962904e-09	0.20192477107048035	0.20192478597164154	1.622538547962904e-09	1.622538547962904e-09	0.1624656319618225	0.05873368680477142	1.622538547962904e-09	0.027633339166641235	0.20192477107048035	-1.3278622645884752e-08	1.622538547962904e-09	-1.3278622645884752e-08	0.20192472636699677	0.008206713944673538	9.999999974752427e-07	0.2740027904510498	1.622538547962904e-09	9.999999974752427e-07	1.622538547962904e-09	0.05703481286764145	1.622538547962904e-09	0.02641153335571289	0.03179077059030533	1.622538547962904e-09	9.999999974752427e-07	-1.3278622645884752e-08	0.009401541203260422	0.026411622762680054	0.009916093200445175	0.027633339166641235	4.2857209336943924e-07	1.622538547962904e-09	0.013445638120174408	0.008206712082028389	9.999999974752427e-07	0.013458997011184692	1.2857158253609668e-06	-1.3278622645884752e-08	-1.3278622645884752e-08	1.622538547962904e-09	9.999999974752427e-07	1.622538547962904e-09	0.1624656319618225	1.622538547962904e-09	0.05703481659293175	0.10570608824491501	0.2626262903213501	0.20192480087280273	0.01780686341226101	1.2857121873821598e-06	-1.3278622645884752e-08	9.999999974752427e-07	0.08882559835910797	0.009916089475154877	1.622538547962904e-09	0.20192478597164154	0.05404491350054741	0.027633339166641235	-1.3278622645884752e-08	0.009401543065905571	1.622538547962904e-09	0.1057060956954956	-1.3278622645884752e-08	0.017806872725486755	1.622538547962904e-09	1.622538547962904e-09	4.2857209336943924e-07	1.622538547962904e-09	-7.275957614183426e-12	1.622538547962904e-09	9.999999974752427e-07	1.622538547962904e-09	-1.3278622645884752e-08	9.999999974752427e-07	-1.3278622645884752e-08	0.007519088685512543	1.622538547962904e-09	-1.3278622645884752e-08	2.255546860396862e-10	0.5330701470375061	0.005072489380836487	5.000001692678779e-07	0.3791336119174957	0.015137098729610443	0.04571789503097534	9.999999974752427e-07	0.47317150235176086	1.622538547962904e-09	0.08930285274982452	0.47317150235176086	0.014180606231093407	0.010177051648497581	9.999999974752427e-07	0.283880352973938	-1.3278622645884752e-08	1.622538547962904e-09	0.009429067373275757	-1.3278622645884752e-08	0.007485583424568176	9.999999974752427e-07	0.2687433063983917	0.3461630940437317	0.011049933731555939	0.012431889772415161	0.21618443727493286	0.059898555278778076	-1.3278622645884752e-08	1.622538547962904e-09	0.2838802933692932	0.030927835032343864	0.04472166299819946	-1.3278622645884752e-08	0.39345017075538635	1.622538547962904e-09	-1.3278622645884752e-08	0.39345014095306396	0.011049933731555939	0.010177051648497581	-1.3278622645884752e-08	0.16346153616905212	0.04000958055257797	0.08930287510156631	-1.3278622645884752e-08	0.010416666977107525	-1.3278622645884752e-08	0.014316469430923462	0.036288827657699585	0.08930285274982452	1.622538547962904e-09	0.0478060245513916	5.000001692678779e-07	0.028037382289767265	1.622538547962904e-09	1.622538547962904e-09	-1.3278622645884752e-08	-1.3278622645884752e-08	1.5000005078036338e-06	1.622538547962904e-09	-1.3278622645884752e-08	9.999999974752427e-07	-1.3278622645884752e-08	1.622538547962904e-09	0.21618443727493286	0.015137098729610443	0.171462744474411	0.21618443727493286	0.39345014095306396	0.3461630940437317	0.05255882441997528	0.005072489380836487	9.999999974752427e-07	0.02286946028470993	0.1714627593755722	1.622538547962904e-09	0.01513710618019104	0.37913358211517334	0.1495407670736313	0.06023794412612915	0.014316461980342865	0.02286946028470993	0.008695651777088642	0.1714627593755722	1.622538547962904e-09	0.010177051648497581	0.012431896291673183	1.622538547962904e-09	5.000001692678779e-07	9.999999974752427e-07	0.0066950395703315735	0.007796458899974823	-1.3278622645884752e-08	0.030927835032343864	-1.3278622645884752e-08	0.007485583424568176	-1.3278622645884752e-08	0.02777777798473835	-1.3278622645884752e-08	9.999999974752427e-07	0.008695651777088642	0.3669218420982361	0.04854368790984154	5.000001692678779e-07	0.19233903288841248	1.622538547962904e-09	0.021178677678108215	0.01907866820693016	0.26595741510391235	9.999999974752427e-07	0.0752153992652893	0.2984440326690674	0.01907867193222046	9.999999974752427e-07	0.010416666977107525	0.19233903288841248	0.010324249044060707	0.007624365389347076	1.622538547962904e-09	1.622538547962904e-09	1.622538547962904e-09	9.999999974752427e-07	0.19233901798725128	0.19233904778957367	1.622538547962904e-09	0.026356376707553864	0.16347560286521912	0.04025731980800629	1.622538547962904e-09	1.622538547962904e-09	0.19233901798725128	1.622538547962904e-09	0.015332028269767761	0.0117647061124444	0.24910278618335724	0.01778506115078926	-1.3278622645884752e-08	0.24910277128219604	1.622538547962904e-09	9.999999974752427e-07	1.622538547962904e-09	0.1170303225517273	0.015458554029464722	0.0752154290676117	-1.3278622645884752e-08	0.00909090880304575	-1.3278622645884752e-08	0.009573204442858696	0.02117867022752762	0.0752154216170311	0.018691588193178177	0.015458546578884125	5.000001692678779e-07	0.005539216101169586	1.622538547962904e-09	0.01778506115078926	9.999999974752427e-07	0.02822047472000122	1.5000005078036338e-06	1.622538547962904e-09	9.999999974752427e-07	9.999999974752427e-07	-1.3278622645884752e-08	9.999999974752427e-07	0.16347560286521912	1.622538547962904e-09	0.14051920175552368	0.16347560286521912	0.24910280108451843	0.19233901798725128	0.011078406125307083	0.010101010091602802	0.009573202580213547	0.009177442640066147	0.14051921665668488	0.008695651777088642	1.622538547962904e-09	0.2222222089767456	0.11703035235404968	0.04181492328643799	0.011904762126505375	0.009177440777420998	0.010869565419852734	0.14051920175552368	-1.3278622645884752e-08	0.005539216101169586	0.026356376707553864	1.622538547962904e-09	5.000001692678779e-07	0.009999999776482582	0.01907867006957531	1.622538547962904e-09	0.010324249044060707	9.999999974752427e-07	9.999999974752427e-07	1.622538547962904e-09	9.999999974752427e-07	9.999999974752427e-07	1.622538547962904e-09	2.255546860396862e-10	0.012001216411590576	0.43699371814727783	0.05826278030872345	9.999999974752427e-07	0.2679571807384491	9.999999974752427e-07	0.04900254309177399	1.622538547962904e-09	0.3783048689365387	0.009493403136730194	0.06596280634403229	0.3783048391342163	1.622538547962904e-09	9.999999974752427e-07	0.01123595517128706	0.2679571509361267	-2.4010660126805305e-10	1.622538547962904e-09	-1.3278622645884752e-08	1.622538547962904e-09	1.622538547962904e-09	6.666664376098197e-07	0.2545320391654968	0.2679571509361267	0.010989011265337467	1.3333333299669903e-06	0.20756608247756958	0.04900255426764488	1.622538547962904e-09	0.005720056593418121	0.2679571509361267	1.622538547962904e-09	0.01575428992509842	0.010256931185722351	0.3783048391342163	0.01601792871952057	-2.4010660126805305e-10	0.3783048689365387	0.019911106675863266	9.999999974752427e-07	1.622538547962904e-09	0.1568257212638855	0.013005435466766357	0.11561180651187897	0.01815195381641388	6.666664376098197e-07	0.01815195381641388	0.010526316240429878	0.04900252819061279	0.06741572916507721	0.03269492834806442	0.018725495785474777	0.00909090880304575	-2.4010660126805305e-10	1.622538547962904e-09	0.00917431153357029	0.009686267003417015	0.009686268866062164	0.025567827746272087	9.999999974752427e-07	0.043478261679410934	0.01575428992509842	-2.4010660126805305e-10	0.009493403136730194	0.20756609737873077	9.999999974752427e-07	0.15682576596736908	0.20756609737873077	0.3783048689365387	0.2679571211338043	0.030948013067245483	0.025567827746272087	9.999999974752427e-07	9.999999974752427e-07	0.17497771978378296	0.009708737954497337	0.00909090880304575	0.31832000613212585	0.1568257361650467	0.04121395945549011	0.04972795397043228	0.010204081423580647	0.007700018584728241	0.19181180000305176	9.999999974752427e-07	0.011036910116672516	0.022488445043563843	0.016806723549962044	9.999999974752427e-07	0.009615384973585606	1.622538547962904e-09	1.622538547962904e-09	-2.4010660126805305e-10	1.622538547962904e-09	9.999999974752427e-07	1.622538547962904e-09	0.009803921915590763	1.622538547962904e-09	1.622538547962904e-09	9.999999974752427e-07	9.999999974752427e-07	0.3545213043689728	0.02059110254049301	0.010625112801790237	0.21123084425926208	0.02664199471473694	0.0061219222843647	9.999999974752427e-07	0.3018166422843933	0.006626579910516739	0.02059112675487995	0.3018166720867157	0.01864650845527649	-1.3278622645884752e-08	1.622538547962904e-09	0.1669045239686966	0.015181045979261398	9.999999974752427e-07	1.622538547962904e-09	1.622538547962904e-09	0.010238776914775372	1.622538547962904e-09	0.14026254415512085	0.2112308144569397	-1.3278622645884752e-08	1.622538547962904e-09	0.14026251435279846	0.024768419563770294	1.622538547962904e-09	1.622538547962904e-09	0.2112308144569397	-1.3278622645884752e-08	0.011363636702299118	6.912159733474255e-10	0.23242251574993134	-1.3278622645884752e-08	0.006100691854953766	0.29567739367485046	-1.3278622645884752e-08	-1.3278622645884752e-08	1.622538547962904e-09	0.09294700622558594	1.622538547962904e-09	0.06100180745124817	0.01366463303565979	1.622538547962904e-09	0.007563948631286621	0.011995953507721424	0.0061219483613967896	0.030612245202064514	0.00662657618522644	9.073119144886732e-09	-2.4010660126805305e-10	-1.3278622645884752e-08	-1.3278622645884752e-08	-1.3278622645884752e-08	9.999999974752427e-07	0.027936100959777832	0.010625114664435387	0.027522936463356018	0.007871739566326141	9.999999974752427e-07	1.622538547962904e-09	0.006626579910516739	0.14026251435279846	0.010101010091602802	0.09294699132442474	0.14026251435279846	0.29567742347717285	0.21123076975345612	-1.3278622645884752e-08	0.013964534737169743	0.011995954439043999	0.0061219483613967896	0.10661163181066513	1.622538547962904e-09	0.02664199471473694	0.2191026210784912	0.061001840978860855	1.622538547962904e-09	0.013319892808794975	0.0061219483613967896	1.622538547962904e-09	0.10661161690950394	9.999999974752427e-07	-1.3278622645884752e-08	1.622538547962904e-09	1.622538547962904e-09	-2.4010660126805305e-10	1.622538547962904e-09	9.999999974752427e-07	1.622538547962904e-09	0.015181045979261398	1.622538547962904e-09	6.912159733474255e-10	0.010238775983452797	0.007871739566326141	0.006139293313026428	1.622538547962904e-09	-2.4010660126805305e-10	1.622538547962904e-09	0.36081433296203613	0.07295437157154083	0.008505983278155327	0.2816368341445923	0.009365733712911606	0.026101604104042053	-1.3278622645884752e-08	0.309752881526947	8.000001798791345e-07	0.07295437157154083	0.3097529113292694	-1.3278622645884752e-08	2.255546860396862e-10	-5.828042048960924e-09	0.22092559933662415	0.024959862232208252	-1.3278622645884752e-08	1.622538547962904e-09	1.622538547962904e-09	-1.3278622645884752e-08	9.999999974752427e-07	0.21155986189842224	0.22092559933662415	2.255546860396862e-10	0.00917431153357029	0.1840570569038391	0.026101619005203247	1.622538547962904e-09	-5.828042048960924e-09	0.22092559933662415	1.622538547962904e-09	-1.3278622645884752e-08	0.008564619347453117	0.29866212606430054	1.622538547962904e-09	9.999999974752427e-07	0.29866212606430054	2.255546860396862e-10	2.255546860396862e-10	1.622538547962904e-09	0.1273503601551056	-5.828042048960924e-09	0.08163265138864517	0.01516491174697876	0.008196720853447914	9.999999974752427e-07	-2.4010660126805305e-10	0.02610160782933235	0.07547169923782349	1.3999997463542968e-06	0.015599853359162807	0.01042632944881916	0.009330726228654385	0.018172089010477066	1.622538547962904e-09	1.622538547962904e-09	0.024959862232208252	0.028257330879569054	9.999999974752427e-07	0.008460655808448792	-1.3278622645884752e-08	9.999999974752427e-07	8.000001798791345e-07	0.14251525700092316	0.009365729987621307	0.1273503601551056	0.14251527190208435	0.29866212606430054	0.2816368341445923	0.00933072715997696	0.05747126415371895	-2.4010660126805305e-10	9.999999974752427e-07	0.14251521229743958	6.000000212225132e-07	0.009365737438201904	0.29009753465652466	0.1273503601551056	0.04308461770415306	-2.4010660126805305e-10	0.009282223880290985	1.622538547962904e-09	0.14251525700092316	9.999999974752427e-07	2.255546860396862e-10	0.027484744787216187	0.017241379246115685	0.009325018152594566	-5.828042048960924e-09	-1.3278622645884752e-08	0.015599831938743591	0.024959854781627655	-2.4010660126805305e-10	9.999999974752427e-07	-1.3278622645884752e-08	0.008460652083158493	0.011090738698840141	1.622538547962904e-09	-2.4010660126805305e-10	0.016819387674331665
47	-15547.466796875	-1	9	57	76	75	26	89	10	62	48	0	26	84	41	29	91	66	5	0	11	24	14	68	37	85	21	0	0	50	22	3	66	33	67	21	43	7	69	12	0	65	50	77	73	24	43	79	5	42	1	78	57	69	21	34	56	0	70	42	76	31	43	49	25	4	73	63	36	3	21	1	46	80	82	49	14	33	40	77	33	47	9	66	48	69	78	85	57	13	11	50	56	7	32	19	59	7	0	47	47	0.5437127947807312	0.08644906431436539	0.010285336524248123	0.4145510792732239	0.012830331921577454	0.010498271323740482	0.010526316240429878	0.4251323938369751	9.999999974752427e-07	0.08644905686378479	0.44155392050743103	0.06554713845252991	9.999999974752427e-07	9.999999974752427e-07	0.4095746874809265	9.999999974752427e-07	0.005317971110343933	1.622538547962904e-09	1.622538547962904e-09	9.999999974752427e-07	0.02298850566148758	0.39674437046051025	0.4095746576786041	9.999999974752427e-07	0.03314200043678284	0.2897196114063263	0.07604541629552841	1.622538547962904e-09	9.999999974752427e-07	0.4095746576786041	0.0049764662981033325	1.622538547962904e-09	1.622538547962904e-09	0.4145510196685791	0.03333333507180214	-1.3278622645884752e-08	0.42513248324394226	9.999999974752427e-07	9.999999974752427e-07	1.622538547962904e-09	0.22580645978450775	0.012048192322254181	0.1361638456583023	-1.3278622645884752e-08	9.999999974752427e-07	-1.3278622645884752e-08	1.622538547962904e-09	0.010498283430933952	0.1361638605594635	0.030567780137062073	0.02411612868309021	1.622538547962904e-09	0.008196720853447914	0.010869565419852734	9.999999974752427e-07	0.010526316240429878	0.02611328661441803	0.019338728860020638	-2.4010660126805305e-10	-1.3278622645884752e-08	1.622538547962904e-09	-1.3278622645884752e-08	0.030567795038223267	0.2705919146537781	9.999999974752427e-07	0.26527389883995056	0.2705919146537781	0.4251324534416199	0.40957462787628174	0.030927833169698715	0.05588129162788391	1.622538547962904e-09	0.010498281568288803	0.2652738690376282	-1.3278622645884752e-08	0.012830331921577454	0.4145510792732239	0.22250455617904663	0.08634074777364731	1.622538547962904e-09	0.010498279705643654	1.622538547962904e-09	0.26527389883995056	0.036036036908626556	0.009900989942252636	0.062224678695201874	0.029082641005516052	0.009053405374288559	9.999999974752427e-07	0.012195121496915817	9.999999974752427e-07	0.008547008968889713	-1.3278622645884752e-08	1.622538547962904e-09	9.999999974752427e-07	-1.3278622645884752e-08	-1.3278622645884752e-08	1.622538547962904e-09	1.622538547962904e-09	1.622538547962904e-09	0.4231007397174835	0.04496558755636215	0.010405869223177433	0.2722354531288147	0.010044899769127369	0.021052632480859756	9.999999974752427e-07	0.31625208258628845	0.018691588193178177	0.05226296931505203	0.31625211238861084	0.01785714365541935	0.010989011265337467	1.622538547962904e-09	0.2722354531288147	9.999999974752427e-07	1.622538547962904e-09	0.019417475908994675	1.622538547962904e-09	9.999999974752427e-07	6.666664376098197e-07	0.2291666716337204	0.2722354531288147	9.999999974752427e-07	1.3333333299669903e-06	0.1819043606519699	0.09699182957410812	1.622538547962904e-09	0.0078512541949749	0.2722354531288147	1.622538547962904e-09	1.622538547962904e-09	0.010638297535479069	0.31625205278396606	9.999999974752427e-07	-7.275957614183426e-12	0.31625205278396606	0.010526316240429878	0.009009009227156639	1.622538547962904e-09	0.10256187617778778	1.622538547962904e-09	0.0606570690870285	0.008510754443705082	6.666664376098197e-07	-7.275957614183426e-12	9.999999974752427e-07	1.5714285837020725e-06	0.05226297304034233	0.034559715539216995	0.022432174533605576	2.255546860396862e-10	9.999999974752427e-07	9.999999974752427e-07	9.999999974752427e-07	0.008264463394880295	0.009856700897216797	0.010405868291854858	0.008394084870815277	1.622538547962904e-09	1.622538547962904e-09	0.008510754443705082	0.034559715539216995	0.18190431594848633	0.010044899769127369	0.11764705926179886	0.18190434575080872	0.31625205278396606	0.2722354531288147	0.042105261236429214	0.010405870154500008	9.999999974752427e-07	7.142857612052467e-07	0.18190434575080872	1.622538547962904e-09	0.010044898837804794	0.2722354531288147	0.10256189107894897	0.04190482199192047	9.999999974752427e-07	7.142857612052467e-07	0.00729738175868988	0.18190434575080872	1.622538547962904e-09	0.016949152573943138	0.01947261206805706	9.999999974752427e-07	2.255546860396862e-10	1.622538547962904e-09	0.011627906933426857	0.014580924063920975	9.999999974752427e-07	1.622538547962904e-09	9.999999974752427e-07	9.999999974752427e-07	1.622538547962904e-09	1.622538547962904e-09	1.622538547962904e-09	4.2857209336943924e-07	4.2857209336943924e-07	0.44946640729904175	0.08000115305185318	9.999999974752427e-07	0.3330483138561249	-1.3278622645884752e-08	0.034832462668418884	9.999999974752427e-07	0.386263370513916	0.009220771491527557	0.08756303787231445	0.386263370513916	0.013322059065103531	-1.3278622645884752e-08	9.999999974752427e-07	0.2947915494441986	9.999999974752427e-07	0.029411764815449715	9.999999974752427e-07	-1.3278622645884752e-08	0.008118398487567902	0.010526316240429878	0.2947915494441986	0.2947915196418762	-1.3278622645884752e-08	0.01075268816202879	0.2947915196418762	0.04815453290939331	-1.3278622645884752e-08	0.02777777798473835	0.2947915494441986	0.019186578691005707	9.999999974752427e-07	0.008000485599040985	0.38626325130462646	-1.3278622645884752e-08	1.622538547962904e-09	0.38626334071159363	-1.3278622645884752e-08	-1.3278622645884752e-08	-1.3278622645884752e-08	0.1528805047273636	9.999999974752427e-07	0.08756301552057266	0.009048528037965298	9.999999974752427e-07	1.622538547962904e-09	0.009130999445915222	0.02860131859779358	0.08756303787231445	0.009220770560204983	0.04123711213469505	9.999999974752427e-07	-1.3278622645884752e-08	-1.3278622645884752e-08	-1.3278622645884752e-08	0.008003734052181244	0.015048310160636902	0.029999999329447746	1.622538547962904e-09	0.00909090880304575	9.999999974752427e-07	0.009048528969287872	0.009220771491527557	0.2947915196418762	-1.3278622645884752e-08	0.15288051962852478	0.2499999850988388	0.38626331090927124	0.31386175751686096	-1.3278622645884752e-08	0.032608695328235626	0.009130991995334625	9.999999974752427e-07	0.16192904114723206	-2.4010660126805305e-10	-1.3278622645884752e-08	0.36913180351257324	0.1528804898262024	0.06531748175621033	0.009131006896495819	0.028601333498954773	0.00756189227104187	0.16814157366752625	1.622538547962904e-09	-1.3278622645884752e-08	0.021052632480859756	0.009900989942252636	0.027272727340459824	9.999999974752427e-07	0.005203664302825928	0.008620689623057842	0.007044561207294464	-1.3278622645884752e-08	0.008000485599040985	0.008118398487567902	9.999999974752427e-07	-1.3278622645884752e-08	-1.3278622645884752e-08	1.622538547962904e-09	1.622538547962904e-09	0.4417252242565155	0.024390242993831635	9.999999974752427e-07	0.30527326464653015	0.010416666977107525	0.014637135900557041	9.999999974752427e-07	0.3760969042778015	9.999999974752427e-07	0.04878048598766327	0.3760969042778015	0.05099134147167206	9.999999974752427e-07	0.008882244117558002	0.30527329444885254	1.622538547962904e-09	1.622538547962904e-09	1.622538547962904e-09	1.622538547962904e-09	0.0304144024848938	0.012048192322254181	0.29318323731422424	0.30527329444885254	9.999999974752427e-07	0.017391303554177284	0.2670987844467163	0.06562843173742294	1.622538547962904e-09	0.010416666977107525	0.30527329444885254	1.622538547962904e-09	1.622538547962904e-09	1.622538547962904e-09	0.30527329444885254	1.622538547962904e-09	0.010526316240429878	0.3760969042778015	9.999999974752427e-07	9.999999974752427e-07	1.622538547962904e-09	0.14387741684913635	0.025641024112701416	0.07431011646986008	0.032608695328235626	9.999999974752427e-07	0.009615384973585606	1.622538547962904e-09	0.014637135900557041	0.07431010156869888	0.010309278033673763	0.04452749714255333	0.009433962404727936	9.999999974752427e-07	1.622538547962904e-09	1.622538547962904e-09	1.622538547962904e-09	1.622538547962904e-09	0.009569531306624413	1.622538547962904e-09	1.622538547962904e-09	1.622538547962904e-09	0.01123595517128706	9.999999974752427e-07	0.20471768081188202	9.999999974752427e-07	0.14387744665145874	0.2047176957130432	0.3052733242511749	0.30527329444885254	0.026084452867507935	0.009569531306624413	1.622538547962904e-09	0.010101010091602802	0.204717755317688	0.010204081423580647	0.010989011265337467	0.30527329444885254	0.14387741684913635	0.06956726312637329	1.622538547962904e-09	0.01463714987039566	9.999999974752427e-07	0.20471777021884918	0.009803921915590763	9.999999974752427e-07	0.02503982186317444	9.999999974752427e-07	9.999999974752427e-07	0.008882243186235428	0.02057693898677826	9.999999974752427e-07	1.622538547962904e-09	1.622538547962904e-09	1.622538547962904e-09	9.999999974752427e-07	1.622538547962904e-09	1.622538547962904e-09	1.622538547962904e-09	1.622538547962904e-09	1.622538547962904e-09	0.3537144362926483	0.026411600410938263	4.2857209336943924e-07	0.20192477107048035	1.622538547962904e-09	0.027027027681469917	-7.275957614183426e-12	0.28152182698249817	1.622538547962904e-09	0.026411622762680054	0.2815217971801758	0.010256588459014893	9.999999974752427e-07	1.622538547962904e-09	0.20192477107048035	9.999999974752427e-07	1.622538547962904e-09	9.999999974752427e-07	1.622538547962904e-09	0.010256589390337467	1.622538547962904e-09	0.20192474126815796	0.20192478597164154	1.622538547962904e-09	1.622538547962904e-09	0.16246558725833893	0.05873368680477142	1.622538547962904e-09	0.027633339166641235	0.20192477107048035	-1.3278622645884752e-08	1.622538547962904e-09	-1.3278622645884752e-08	0.20192483067512512	0.008206691592931747	9.999999974752427e-07	0.2740027904510498	1.622538547962904e-09	9.999999974752427e-07	1.622538547962904e-09	0.05703481286764145	1.622538547962904e-09	0.02641153335571289	0.03179077059030533	1.622538547962904e-09	9.999999974752427e-07	-1.3278622645884752e-08	0.009401541203260422	0.026411622762680054	0.009916093200445175	0.027633339166641235	4.2857209336943924e-07	1.622538547962904e-09	0.013445600867271423	0.008206691592931747	9.999999974752427e-07	0.013458997011184692	1.2857158253609668e-06	-1.3278622645884752e-08	-1.3278622645884752e-08	1.622538547962904e-09	9.999999974752427e-07	1.622538547962904e-09	0.16246557235717773	1.622538547962904e-09	0.05703481659293175	0.10570608824491501	0.2626262605190277	0.20192477107048035	0.01780684106051922	1.2857121873821598e-06	-1.3278622645884752e-08	9.999999974752427e-07	0.08882559835910797	0.009916089475154877	1.622538547962904e-09	0.20192478597164154	0.05404491350054741	0.027633339166641235	-1.3278622645884752e-08	0.009401543065905571	1.622538547962904e-09	0.1057060956954956	-1.3278622645884752e-08	0.017806850373744965	1.622538547962904e-09	1.622538547962904e-09	4.2857209336943924e-07	1.622538547962904e-09	-7.275957614183426e-12	1.622538547962904e-09	9.999999974752427e-07	1.622538547962904e-09	-1.3278622645884752e-08	9.999999974752427e-07	-1.3278622645884752e-08	0.007519088685512543	1.622538547962904e-09	2.255546860396862e-10	2.255546860396862e-10	0.5330701470375061	0.005072489380836487	5.000001692678779e-07	0.3791336119174957	0.015137098729610443	0.04571789503097534	9.999999974752427e-07	0.47317150235176086	1.622538547962904e-09	0.08930285274982452	0.47317150235176086	0.014180606231093407	0.010177051648497581	9.999999974752427e-07	0.283880352973938	-1.3278622645884752e-08	1.622538547962904e-09	0.009429067373275757	-1.3278622645884752e-08	0.007485583424568176	9.999999974752427e-07	0.2687433063983917	0.3461630940437317	0.011049933731555939	0.012431889772415161	0.21618443727493286	0.059898555278778076	-1.3278622645884752e-08	1.622538547962904e-09	0.2838802933692932	0.030927835032343864	0.04472166299819946	-1.3278622645884752e-08	0.39345017075538635	1.622538547962904e-09	-1.3278622645884752e-08	0.39345014095306396	0.011049933731555939	0.010177051648497581	-1.3278622645884752e-08	0.16346153616905212	0.04000958055257797	0.08930287510156631	-1.3278622645884752e-08	0.010416666977107525	-1.3278622645884752e-08	0.014316469430923462	0.036288827657699585	0.08930285274982452	1.622538547962904e-09	0.0478060245513916	5.000001692678779e-07	0.028037382289767265	1.622538547962904e-09	1.622538547962904e-09	-1.3278622645884752e-08	-1.3278622645884752e-08	1.5000005078036338e-06	1.622538547962904e-09	-1.3278622645884752e-08	9.999999974752427e-07	-1.3278622645884752e-08	1.622538547962904e-09	0.21618443727493286	0.015137098729610443	0.171462744474411	0.21618443727493286	0.39345014095306396	0.3461630940437317	0.05255882441997528	0.005072489380836487	9.999999974752427e-07	0.02286946028470993	0.1714627593755722	1.622538547962904e-09	0.01513710618019104	0.37913358211517334	0.1495407670736313	0.06023794412612915	0.014316461980342865	0.02286946028470993	0.008695651777088642	0.1714627593755722	1.622538547962904e-09	0.010177051648497581	0.012431896291673183	1.622538547962904e-09	5.000001692678779e-07	9.999999974752427e-07	0.0066950395703315735	0.007796458899974823	-1.3278622645884752e-08	0.030927835032343864	-1.3278622645884752e-08	0.007485583424568176	-1.3278622645884752e-08	0.02777777798473835	-1.3278622645884752e-08	9.999999974752427e-07	0.008695651777088642	0.36692190170288086	0.04854368790984154	5.000001692678779e-07	0.19233903288841248	1.622538547962904e-09	0.02117866277694702	0.019078664481639862	0.26595741510391235	9.999999974752427e-07	0.0752153992652893	0.298444002866745	0.019078657031059265	9.999999974752427e-07	0.010416666977107525	0.19233903288841248	0.010324249044060707	0.007624365389347076	1.622538547962904e-09	1.622538547962904e-09	1.622538547962904e-09	9.999999974752427e-07	0.19233901798725128	0.19233904778957367	1.622538547962904e-09	0.026356376707553864	0.16347560286521912	0.04025730490684509	1.622538547962904e-09	1.622538547962904e-09	0.19233901798725128	1.622538547962904e-09	0.015332028269767761	0.0117647061124444	0.24910278618335724	0.01778506115078926	-1.3278622645884752e-08	0.24910277128219604	1.622538547962904e-09	9.999999974752427e-07	1.622538547962904e-09	0.1170303225517273	0.015458554029464722	0.0752154290676117	-1.3278622645884752e-08	0.00909090880304575	-1.3278622645884752e-08	0.009573204442858696	0.021178655326366425	0.0752154216170311	0.018691588193178177	0.015458546578884125	5.000001692678779e-07	0.005539216101169586	1.622538547962904e-09	0.01778506115078926	9.999999974752427e-07	0.02822043001651764	1.5000005078036338e-06	1.622538547962904e-09	9.999999974752427e-07	9.999999974752427e-07	-1.3278622645884752e-08	9.999999974752427e-07	0.16347560286521912	1.622538547962904e-09	0.14051920175552368	0.16347560286521912	0.24910280108451843	0.19233901798725128	0.011078406125307083	0.010101010091602802	0.009573204442858696	0.009177438914775848	0.14051921665668488	0.008695651777088642	1.622538547962904e-09	0.2222222089767456	0.11703035235404968	0.04181492328643799	0.011904762126505375	0.009177442640066147	0.010869565419852734	0.14051920175552368	-1.3278622645884752e-08	0.005539216101169586	0.026356376707553864	1.622538547962904e-09	5.000001692678779e-07	0.009999999776482582	0.01907866634428501	1.622538547962904e-09	0.010324249044060707	9.999999974752427e-07	9.999999974752427e-07	1.622538547962904e-09	9.999999974752427e-07	9.999999974752427e-07	1.622538547962904e-09	1.622538547962904e-09	0.012001212686300278	0.43699371814727783	0.05826278030872345	9.999999974752427e-07	0.2679571807384491	9.999999974752427e-07	0.04900254309177399	1.622538547962904e-09	0.3783048689365387	0.009493403136730194	0.06596280634403229	0.3783048391342163	1.622538547962904e-09	9.999999974752427e-07	0.01123595517128706	0.2679571509361267	-2.4010660126805305e-10	1.622538547962904e-09	-1.3278622645884752e-08	1.622538547962904e-09	1.622538547962904e-09	6.666664376098197e-07	0.2545320391654968	0.2679571509361267	0.010989011265337467	1.3333333299669903e-06	0.20756608247756958	0.04900255426764488	1.622538547962904e-09	0.005720056593418121	0.2679571509361267	1.622538547962904e-09	0.01575428992509842	0.010256931185722351	0.3783048391342163	0.01601792871952057	-2.4010660126805305e-10	0.3783048689365387	0.019911106675863266	9.999999974752427e-07	1.622538547962904e-09	0.1568257212638855	0.013005435466766357	0.11561180651187897	0.01815195381641388	6.666664376098197e-07	0.01815195381641388	0.010526316240429878	0.04900252819061279	0.06741572916507721	0.03269492834806442	0.018725495785474777	0.00909090880304575	-2.4010660126805305e-10	1.622538547962904e-09	0.00917431153357029	0.009686267003417015	0.009686268866062164	0.025567827746272087	9.999999974752427e-07	0.043478261679410934	0.01575428992509842	-2.4010660126805305e-10	0.009493403136730194	0.20756609737873077	9.999999974752427e-07	0.15682576596736908	0.20756609737873077	0.3783048689365387	0.2679571211338043	0.030948013067245483	0.025567827746272087	9.999999974752427e-07	9.999999974752427e-07	0.17497771978378296	0.009708737954497337	0.00909090880304575	0.31832000613212585	0.1568257361650467	0.04121395945549011	0.04972795397043228	0.010204081423580647	0.007700018584728241	0.19181180000305176	9.999999974752427e-07	0.011036910116672516	0.022488445043563843	0.016806723549962044	9.999999974752427e-07	0.009615384973585606	1.622538547962904e-09	1.622538547962904e-09	-2.4010660126805305e-10	1.622538547962904e-09	9.999999974752427e-07	1.622538547962904e-09	0.009803921915590763	1.622538547962904e-09	1.622538547962904e-09	9.999999974752427e-07	9.999999974752427e-07	0.3545212149620056	0.02059110254049301	0.010625112801790237	0.21123084425926208	0.02664199471473694	0.006121936719864607	9.999999974752427e-07	0.3018167018890381	0.006626579910516739	0.02059112675487995	0.3018167018890381	0.01864650845527649	-1.3278622645884752e-08	1.622538547962904e-09	0.1669045239686966	0.015181045979261398	9.999999974752427e-07	1.622538547962904e-09	1.622538547962904e-09	0.010238776914775372	1.622538547962904e-09	0.14026254415512085	0.2112308144569397	-1.3278622645884752e-08	1.622538547962904e-09	0.14026251435279846	0.02476842701435089	1.622538547962904e-09	1.622538547962904e-09	0.2112308144569397	-1.3278622645884752e-08	0.011363636702299118	6.912159733474255e-10	0.23242251574993134	-1.3278622645884752e-08	0.006100691854953766	0.29567742347717285	-1.3278622645884752e-08	-1.3278622645884752e-08	1.622538547962904e-09	0.09294700622558594	1.622538547962904e-09	0.06100180745124817	0.01366463303565979	1.622538547962904e-09	0.007563948631286621	0.011995955370366573	0.006121940445154905	0.030612245202064514	0.00662657618522644	9.073119144886732e-09	-2.4010660126805305e-10	-1.3278622645884752e-08	-1.3278622645884752e-08	-1.3278622645884752e-08	9.999999974752427e-07	0.027936115860939026	0.010625114664435387	0.027522936463356018	0.007871739566326141	9.999999974752427e-07	1.622538547962904e-09	0.006626579910516739	0.14026251435279846	0.010101010091602802	0.09294699132442474	0.14026251435279846	0.29567742347717285	0.21123076975345612	-1.3278622645884752e-08	0.013964534737169743	0.011995954439043999	0.0061219483613967896	0.10661163181066513	1.622538547962904e-09	0.02664199471473694	0.2191026210784912	0.061001840978860855	1.622538547962904e-09	0.013319892808794975	0.0061219483613967896	1.622538547962904e-09	0.10661161690950394	9.999999974752427e-07	-1.3278622645884752e-08	1.622538547962904e-09	1.622538547962904e-09	-2.4010660126805305e-10	1.622538547962904e-09	9.999999974752427e-07	1.622538547962904e-09	0.015181045979261398	1.622538547962904e-09	6.912159733474255e-10	0.010238775983452797	0.007871739566326141	0.006139293313026428	1.622538547962904e-09	1.622538547962904e-09	1.622538547962904e-09	0.36081433296203613	0.07295437157154083	0.008505983278155327	0.2816368341445923	0.009365733712911606	0.02610158920288086	-1.3278622645884752e-08	0.309752881526947	8.000001798791345e-07	0.07295437157154083	0.309752881526947	-1.3278622645884752e-08	2.255546860396862e-10	-5.828042048960924e-09	0.22092559933662415	0.024959847331047058	-1.3278622645884752e-08	1.622538547962904e-09	1.622538547962904e-09	-1.3278622645884752e-08	9.999999974752427e-07	0.21155986189842224	0.22092559933662415	2.255546860396862e-10	0.00917431153357029	0.1840570569038391	0.026101604104042053	1.622538547962904e-09	-5.828042048960924e-09	0.22092559933662415	1.622538547962904e-09	-1.3278622645884752e-08	0.00856461375951767	0.2986621558666229	1.622538547962904e-09	9.999999974752427e-07	0.29866212606430054	2.255546860396862e-10	2.255546860396862e-10	1.622538547962904e-09	0.1273503601551056	-5.828042048960924e-09	0.08163265138864517	0.01516491174697876	0.008196720853447914	9.999999974752427e-07	-2.4010660126805305e-10	0.026101604104042053	0.07547169923782349	1.3999997463542968e-06	0.015599853359162807	0.01042632944881916	0.009330726228654385	0.018172089010477066	1.622538547962904e-09	1.622538547962904e-09	0.024959862232208252	0.028257330879569054	9.999999974752427e-07	0.008460655808448792	-1.3278622645884752e-08	9.999999974752427e-07	8.000001798791345e-07	0.14251525700092316	0.009365729987621307	0.1273503601551056	0.14251527190208435	0.29866212606430054	0.2816368341445923	0.00933072715997696	0.05747126415371895	-2.4010660126805305e-10	9.999999974752427e-07	0.14251521229743958	6.000000212225132e-07	0.009365737438201904	0.29009753465652466	0.1273503601551056	0.04308461770415306	-2.4010660126805305e-10	0.009282218292355537	1.622538547962904e-09	0.14251525700092316	9.999999974752427e-07	2.255546860396862e-10	0.027484744787216187	0.017241379246115685	0.009325018152594566	-5.828042048960924e-09	-1.3278622645884752e-08	0.015599831938743591	0.024959854781627655	-2.4010660126805305e-10	9.999999974752427e-07	-1.3278622645884752e-08	0.008460652083158493	0.011090738698840141	1.622538547962904e-09	-2.4010660126805305e-10	0.016819385811686516
48	-15547.466796875	-1	9	57	76	75	26	89	10	62	48	0	26	84	41	29	91	66	5	0	11	24	14	68	37	85	21	0	0	50	22	3	66	33	67	21	43	7	69	12	0	65	50	77	73	24	43	79	5	42	1	78	57	69	21	34	56	0	70	42	76	31	43	49	25	4	73	63	36	3	21	1	46	80	82	49	14	33	40	77	33	47	9	66	48	69	78	85	57	13	11	50	56	7	32	19	59	7	0	48	47	0.5437127947807312	0.08644906431436539	0.010285336524248123	0.4145510792732239	0.012830331921577454	0.010498285293579102	0.010526316240429878	0.4251323938369751	9.999999974752427e-07	0.08644905686378479	0.44155386090278625	0.06554710865020752	9.999999974752427e-07	9.999999974752427e-07	0.4095746874809265	9.999999974752427e-07	0.005317971110343933	1.622538547962904e-09	1.622538547962904e-09	9.999999974752427e-07	0.02298850566148758	0.39674437046051025	0.4095746576786041	9.999999974752427e-07	0.03314200043678284	0.2897196114063263	0.07604538649320602	1.622538547962904e-09	9.999999974752427e-07	0.4095746576786041	0.0049764662981033325	1.622538547962904e-09	1.622538547962904e-09	0.4145510196685791	0.03333333507180214	-1.3278622645884752e-08	0.42513248324394226	9.999999974752427e-07	9.999999974752427e-07	1.622538547962904e-09	0.22580645978450775	0.012048192322254181	0.1361638456583023	-1.3278622645884752e-08	9.999999974752427e-07	-1.3278622645884752e-08	1.622538547962904e-09	0.010498279705643654	0.1361638605594635	0.030567780137062073	0.02411612868309021	1.622538547962904e-09	0.008196720853447914	0.010869565419852734	9.999999974752427e-07	0.010526316240429878	0.026113219559192657	0.019338728860020638	-2.4010660126805305e-10	-1.3278622645884752e-08	1.622538547962904e-09	-1.3278622645884752e-08	0.030567795038223267	0.2705919146537781	9.999999974752427e-07	0.26527389883995056	0.2705919146537781	0.4251324534416199	0.40957462787628174	0.030927833169698715	0.05588129162788391	1.622538547962904e-09	0.010498277842998505	0.2652738690376282	-1.3278622645884752e-08	0.012830331921577454	0.4145510792732239	0.22250455617904663	0.08634074777364731	1.622538547962904e-09	0.010498279705643654	1.622538547962904e-09	0.26527389883995056	0.036036036908626556	0.009900989942252636	0.062224678695201874	0.029082641005516052	0.009053405374288559	9.999999974752427e-07	0.012195121496915817	9.999999974752427e-07	0.008547008968889713	-1.3278622645884752e-08	1.622538547962904e-09	9.999999974752427e-07	-1.3278622645884752e-08	-1.3278622645884752e-08	1.622538547962904e-09	9.999999974752427e-07	1.622538547962904e-09	0.42310068011283875	0.04496558755636215	0.010405870154500008	0.2722354233264923	0.010044899769127369	0.021052632480859756	9.999999974752427e-07	0.31625205278396606	0.018691588193178177	0.05226295813918114	0.31625208258628845	0.01785714365541935	0.010989011265337467	1.622538547962904e-09	0.2722354829311371	9.999999974752427e-07	1.622538547962904e-09	0.019417475908994675	1.622538547962904e-09	9.999999974752427e-07	6.666664376098197e-07	0.2291666716337204	0.2722355127334595	9.999999974752427e-07	1.3333333299669903e-06	0.18190434575080872	0.09699182957410812	1.622538547962904e-09	0.0078512541949749	0.2722354829311371	1.622538547962904e-09	1.622538547962904e-09	0.010638297535479069	0.31625205278396606	9.999999974752427e-07	-7.275957614183426e-12	0.31625205278396606	0.010526316240429878	0.009009009227156639	1.622538547962904e-09	0.10256187617778778	1.622538547962904e-09	0.060657061636447906	0.008510754443705082	6.666664376098197e-07	-7.275957614183426e-12	9.999999974752427e-07	1.3999997463542968e-06	0.05226296931505203	0.034559719264507294	0.022432174533605576	2.255546860396862e-10	9.999999974752427e-07	9.999999974752427e-07	9.999999974752427e-07	0.008264463394880295	0.009856697171926498	0.010405870154500008	0.008394081145524979	1.622538547962904e-09	1.622538547962904e-09	0.008510754443705082	0.03455972298979759	0.18190431594848633	0.010044899769127369	0.11764705181121826	0.18190433084964752	0.31625205278396606	0.2722354531288147	0.042105261236429214	0.010405870154500008	9.999999974752427e-07	8.000001798791345e-07	0.18190434575080872	1.622538547962904e-09	0.010044898837804794	0.2722353935241699	0.10256187617778778	0.04190480709075928	9.999999974752427e-07	8.000001798791345e-07	0.007297396659851074	0.18190433084964752	1.622538547962904e-09	0.016949152573943138	0.01947261206805706	9.999999974752427e-07	2.255546860396862e-10	1.622538547962904e-09	0.011627906933426857	0.014580924063920975	9.999999974752427e-07	1.622538547962904e-09	9.999999974752427e-07	9.999999974752427e-07	1.622538547962904e-09	1.622538547962904e-09	1.622538547962904e-09	1.622538547962904e-09	6.000000212225132e-07	0.449466347694397	0.08000115305185318	9.999999974752427e-07	0.33304834365844727	-1.3278622645884752e-08	0.03483247756958008	9.999999974752427e-07	0.3862634301185608	0.009220771491527557	0.08756305277347565	0.3862634003162384	0.01332206092774868	-1.3278622645884752e-08	9.999999974752427e-07	0.294791579246521	9.999999974752427e-07	0.029411764815449715	9.999999974752427e-07	-1.3278622645884752e-08	0.008118398487567902	0.010526316240429878	0.294791579246521	0.294791579246521	-1.3278622645884752e-08	0.01075268816202879	0.294791579246521	0.048154622316360474	-1.3278622645884752e-08	0.02777777798473835	0.294791579246521	0.019186578691005707	9.999999974752427e-07	0.008000478148460388	0.38626328110694885	-1.3278622645884752e-08	1.622538547962904e-09	0.386263370513916	-1.3278622645884752e-08	-1.3278622645884752e-08	-1.3278622645884752e-08	0.15288051962852478	9.999999974752427e-07	0.08756301552057266	0.00904854666441679	9.999999974752427e-07	1.622538547962904e-09	0.009130984544754028	0.02860131859779358	0.08756303787231445	0.009220770560204983	0.04123711213469505	9.999999974752427e-07	-1.3278622645884752e-08	-1.3278622645884752e-08	-1.3278622645884752e-08	0.008003778755664825	0.01504833996295929	0.029999999329447746	1.622538547962904e-09	0.00909090880304575	9.999999974752427e-07	0.009048547595739365	0.009220771491527557	0.294791579246521	-1.3278622645884752e-08	0.1528804898262024	0.25	0.386263370513916	0.31386175751686096	-1.3278622645884752e-08	0.032608695328235626	0.009130991995334625	9.999999974752427e-07	0.16192901134490967	-2.4010660126805305e-10	-1.3278622645884752e-08	0.36913183331489563	0.15288051962852478	0.06531751155853271	0.009131006896495819	0.028601333498954773	0.007561895996332169	0.16814158856868744	1.622538547962904e-09	-1.3278622645884752e-08	0.021052632480859756	0.009900989942252636	0.027272727340459824	9.999999974752427e-07	0.005203664302825928	0.008620689623057842	0.007044605910778046	-1.3278622645884752e-08	0.008000478148460388	0.008118398487567902	9.999999974752427e-07	-1.3278622645884752e-08	-1.3278622645884752e-08	1.622538547962904e-09	1.622538547962904e-09	0.4417252242565155	0.024390242993831635	9.999999974752427e-07	0.30527326464653015	0.010416666977107525	0.014637134969234467	9.999999974752427e-07	0.3760969042778015	9.999999974752427e-07	0.04878048598766327	0.3760969042778015	0.05099133402109146	9.999999974752427e-07	0.008882244117558002	0.30527329444885254	1.622538547962904e-09	1.622538547962904e-09	1.622538547962904e-09	1.622538547962904e-09	0.030414395034313202	0.012048192322254181	0.29318323731422424	0.30527329444885254	9.999999974752427e-07	0.017391303554177284	0.2670987844467163	0.06562843918800354	1.622538547962904e-09	0.010416666977107525	0.30527329444885254	1.622538547962904e-09	1.622538547962904e-09	1.622538547962904e-09	0.30527329444885254	1.622538547962904e-09	0.010526316240429878	0.3760969042778015	9.999999974752427e-07	9.999999974752427e-07	1.622538547962904e-09	0.14387741684913635	0.025641024112701416	0.07431011646986008	0.032608695328235626	9.999999974752427e-07	0.009615384973585606	1.622538547962904e-09	0.014637134969234467	0.07431010156869888	0.010309278033673763	0.04452749714255333	0.009433962404727936	9.999999974752427e-07	1.622538547962904e-09	1.622538547962904e-09	1.622538547962904e-09	1.622538547962904e-09	0.009569531306624413	1.622538547962904e-09	1.622538547962904e-09	1.622538547962904e-09	0.01123595517128706	9.999999974752427e-07	0.20471768081188202	9.999999974752427e-07	0.14387744665145874	0.2047176957130432	0.3052733242511749	0.30527329444885254	0.026084452867507935	0.009569531306624413	1.622538547962904e-09	0.010101010091602802	0.204717755317688	0.010204081423580647	0.010989011265337467	0.30527329444885254	0.14387741684913635	0.06956726312637329	1.622538547962904e-09	0.01463712751865387	9.999999974752427e-07	0.20471777021884918	0.009803921915590763	9.999999974752427e-07	0.02503982186317444	9.999999974752427e-07	9.999999974752427e-07	0.008882243186235428	0.020576931536197662	9.999999974752427e-07	1.622538547962904e-09	1.622538547962904e-09	1.622538547962904e-09	9.999999974752427e-07	1.622538547962904e-09	1.622538547962904e-09	1.622538547962904e-09	9.999999974752427e-07	1.622538547962904e-09	0.3537144362926483	0.02641158550977707	4.2857209336943924e-07	0.20192477107048035	1.622538547962904e-09	0.027027027681469917	-7.275957614183426e-12	0.28152182698249817	1.622538547962904e-09	0.026411592960357666	0.2815217971801758	0.010256588459014893	9.999999974752427e-07	1.622538547962904e-09	0.20192477107048035	9.999999974752427e-07	1.622538547962904e-09	9.999999974752427e-07	1.622538547962904e-09	0.010256589390337467	1.622538547962904e-09	0.20192474126815796	0.20192478597164154	1.622538547962904e-09	1.622538547962904e-09	0.16246558725833893	0.05873368680477142	1.622538547962904e-09	0.027633342891931534	0.20192477107048035	-1.3278622645884752e-08	1.622538547962904e-09	-1.3278622645884752e-08	0.20192483067512512	0.008206691592931747	9.999999974752427e-07	0.2740027904510498	1.622538547962904e-09	9.999999974752427e-07	1.622538547962904e-09	0.05703481286764145	1.622538547962904e-09	0.026411592960357666	0.03179077059030533	1.622538547962904e-09	9.999999974752427e-07	-1.3278622645884752e-08	0.009401541203260422	0.026411592960357666	0.009916093200445175	0.02763335406780243	4.2857209336943924e-07	1.622538547962904e-09	0.013445600867271423	0.008206691592931747	9.999999974752427e-07	0.013458997011184692	1.2857158253609668e-06	-1.3278622645884752e-08	-1.3278622645884752e-08	1.622538547962904e-09	9.999999974752427e-07	1.622538547962904e-09	0.16246557235717773	1.622538547962904e-09	0.05703481659293175	0.10570608824491501	0.2626262605190277	0.20192477107048035	0.01780684106051922	1.2857121873821598e-06	-1.3278622645884752e-08	9.999999974752427e-07	0.08882559835910797	0.009916089475154877	1.622538547962904e-09	0.20192478597164154	0.054044920951128006	0.02763333171606064	-1.3278622645884752e-08	0.009401543065905571	1.622538547962904e-09	0.1057060956954956	-1.3278622645884752e-08	0.017806850373744965	1.622538547962904e-09	1.622538547962904e-09	4.2857209336943924e-07	1.622538547962904e-09	-7.275957614183426e-12	1.622538547962904e-09	9.999999974752427e-07	1.622538547962904e-09	-1.3278622645884752e-08	9.999999974752427e-07	-1.3278622645884752e-08	0.007519088685512543	1.622538547962904e-09	-1.3278622645884752e-08	2.255546860396862e-10	0.5330700874328613	0.005072489380836487	5.000001692678779e-07	0.3791336119174957	0.015137091279029846	0.04571787267923355	9.999999974752427e-07	0.4731714725494385	1.622538547962904e-09	0.08930285274982452	0.4731714725494385	0.014180600643157959	0.010177051648497581	9.999999974752427e-07	0.2838803231716156	-1.3278622645884752e-08	1.622538547962904e-09	0.00942906178534031	-1.3278622645884752e-08	0.007485568523406982	9.999999974752427e-07	0.26874327659606934	0.3461630642414093	0.011049933731555939	0.012431889772415161	0.21618442237377167	0.05989852547645569	-1.3278622645884752e-08	1.622538547962904e-09	0.2838802933692932	0.030927835032343864	0.04472164809703827	-1.3278622645884752e-08	0.3934500813484192	1.622538547962904e-09	-1.3278622645884752e-08	0.3934501111507416	0.011049933731555939	0.010177051648497581	-1.3278622645884752e-08	0.16346153616905212	0.04000958055257797	0.08930287510156631	-1.3278622645884752e-08	0.010416666977107525	-1.3278622645884752e-08	0.014316469430923462	0.03628882020711899	0.08930283784866333	1.622538547962904e-09	0.047806039452552795	5.000001692678779e-07	0.028037382289767265	1.622538547962904e-09	1.622538547962904e-09	-1.3278622645884752e-08	-1.3278622645884752e-08	1.5000005078036338e-06	1.622538547962904e-09	-1.3278622645884752e-08	9.999999974752427e-07	-1.3278622645884752e-08	1.622538547962904e-09	0.21618442237377167	0.015137091279029846	0.171462744474411	0.21618443727493286	0.3934501111507416	0.3461630642414093	0.05255880951881409	0.005072489380836487	9.999999974752427e-07	0.02286946028470993	0.1714627593755722	1.622538547962904e-09	0.015137076377868652	0.37913358211517334	0.14954078197479248	0.06023792922496796	0.014316476881504059	0.02286946028470993	0.008695651777088642	0.1714627593755722	1.622538547962904e-09	0.010177051648497581	0.012431897222995758	1.622538547962904e-09	5.000001692678779e-07	9.999999974752427e-07	0.006695017218589783	0.007796458899974823	-1.3278622645884752e-08	0.030927835032343864	-1.3278622645884752e-08	0.007485572248697281	-1.3278622645884752e-08	0.02777777798473835	-1.3278622645884752e-08	1.622538547962904e-09	0.008695651777088642	0.3669218420982361	0.04854368790984154	5.000001692678779e-07	0.1923389881849289	1.622538547962904e-09	0.021178677678108215	0.019078675657510757	0.26595741510391235	9.999999974752427e-07	0.0752153992652893	0.2984440326690674	0.01907867193222046	9.999999974752427e-07	0.010416666977107525	0.19233901798725128	0.010324249044060707	0.007624335587024689	1.622538547962904e-09	1.622538547962904e-09	1.622538547962904e-09	9.999999974752427e-07	0.1923390030860901	0.19233904778957367	1.622538547962904e-09	0.026356376707553864	0.1634756177663803	0.040257349610328674	1.622538547962904e-09	1.622538547962904e-09	0.1923390030860901	1.622538547962904e-09	0.015331998467445374	0.0117647061124444	0.24910277128219604	0.017785046249628067	-1.3278622645884752e-08	0.24910274147987366	1.622538547962904e-09	9.999999974752427e-07	1.622538547962904e-09	0.1170303225517273	0.015458546578884125	0.07521544396877289	-1.3278622645884752e-08	0.00909090880304575	-1.3278622645884752e-08	0.009573204442858696	0.021178673952817917	0.0752154216170311	0.018691588193178177	0.015458546578884125	5.000001692678779e-07	0.005539201200008392	1.622538547962904e-09	0.017785048112273216	9.999999974752427e-07	0.028220519423484802	1.5000005078036338e-06	1.622538547962904e-09	9.999999974752427e-07	9.999999974752427e-07	-1.3278622645884752e-08	9.999999974752427e-07	0.16347555816173553	1.622538547962904e-09	0.14051920175552368	0.16347557306289673	0.24910278618335724	0.1923390030860901	0.011078393086791039	0.010101010091602802	0.009573204442858696	0.009177446365356445	0.1405191868543625	0.008695651777088642	1.622538547962904e-09	0.2222221940755844	0.11703038215637207	0.04181492328643799	0.011904762126505375	0.009177444502711296	0.010869565419852734	0.14051920175552368	-1.3278622645884752e-08	0.005539201200008392	0.026356376707553864	1.622538547962904e-09	5.000001692678779e-07	0.009999999776482582	0.019078673794865608	1.622538547962904e-09	0.010324249044060707	9.999999974752427e-07	9.999999974752427e-07	1.622538547962904e-09	9.999999974752427e-07	9.999999974752427e-07	1.622538547962904e-09	-1.3278622645884752e-08	0.012001223862171173	0.43699371814727783	0.05826278030872345	9.999999974752427e-07	0.2679571807384491	9.999999974752427e-07	0.04900254309177399	1.622538547962904e-09	0.3783048689365387	0.009493403136730194	0.06596280634403229	0.3783048391342163	1.622538547962904e-09	9.999999974752427e-07	0.01123595517128706	0.2679571509361267	-2.4010660126805305e-10	1.622538547962904e-09	-1.3278622645884752e-08	1.622538547962904e-09	1.622538547962904e-09	6.666664376098197e-07	0.2545320391654968	0.2679571509361267	0.010989011265337467	1.3333333299669903e-06	0.20756608247756958	0.04900255426764488	1.622538547962904e-09	0.005720056593418121	0.2679571509361267	1.622538547962904e-09	0.01575428992509842	0.010256931185722351	0.3783048391342163	0.01601792871952057	-2.4010660126805305e-10	0.3783048689365387	0.019911106675863266	9.999999974752427e-07	1.622538547962904e-09	0.1568257212638855	0.013005435466766357	0.11561180651187897	0.01815195381641388	6.666664376098197e-07	0.01815195381641388	0.010526316240429878	0.04900252819061279	0.06741572916507721	0.03269492834806442	0.018725495785474777	0.00909090880304575	-2.4010660126805305e-10	1.622538547962904e-09	0.00917431153357029	0.009686267003417015	0.009686268866062164	0.025567827746272087	9.999999974752427e-07	0.043478261679410934	0.01575428992509842	-2.4010660126805305e-10	0.009493403136730194	0.20756609737873077	9.999999974752427e-07	0.15682576596736908	0.20756609737873077	0.3783048689365387	0.2679571211338043	0.030948013067245483	0.025567827746272087	9.999999974752427e-07	9.999999974752427e-07	0.17497771978378296	0.009708737954497337	0.00909090880304575	0.31832000613212585	0.1568257361650467	0.04121395945549011	0.04972795397043228	0.010204081423580647	0.007700018584728241	0.19181180000305176	9.999999974752427e-07	0.011036910116672516	0.022488445043563843	0.016806723549962044	9.999999974752427e-07	0.009615384973585606	1.622538547962904e-09	1.622538547962904e-09	-2.4010660126805305e-10	1.622538547962904e-09	9.999999974752427e-07	1.622538547962904e-09	0.009803921915590763	1.622538547962904e-09	1.622538547962904e-09	9.999999974752427e-07	9.999999974752427e-07	0.3545213043689728	0.02059110254049301	0.010625112801790237	0.21123084425926208	0.02664199471473694	0.0061219222843647	9.999999974752427e-07	0.3018166422843933	0.006626579910516739	0.02059112675487995	0.3018166720867157	0.01864650845527649	-1.3278622645884752e-08	1.622538547962904e-09	0.1669045239686966	0.015181045979261398	9.999999974752427e-07	1.622538547962904e-09	1.622538547962904e-09	0.010238776914775372	1.622538547962904e-09	0.14026254415512085	0.2112308144569397	-1.3278622645884752e-08	1.622538547962904e-09	0.14026251435279846	0.024768419563770294	1.622538547962904e-09	1.622538547962904e-09	0.2112308144569397	-1.3278622645884752e-08	0.011363636702299118	6.912159733474255e-10	0.23242251574993134	-1.3278622645884752e-08	0.006100691854953766	0.29567739367485046	-1.3278622645884752e-08	-1.3278622645884752e-08	1.622538547962904e-09	0.09294700622558594	1.622538547962904e-09	0.06100180745124817	0.01366463303565979	1.622538547962904e-09	0.007563948631286621	0.011995955370366573	0.0061219483613967896	0.030612245202064514	0.00662657618522644	9.073119144886732e-09	-2.4010660126805305e-10	-1.3278622645884752e-08	-1.3278622645884752e-08	-1.3278622645884752e-08	9.999999974752427e-07	0.027936100959777832	0.010625114664435387	0.027522936463356018	0.007871739566326141	9.999999974752427e-07	1.622538547962904e-09	0.006626579910516739	0.14026251435279846	0.010101010091602802	0.09294699132442474	0.14026251435279846	0.29567742347717285	0.21123076975345612	-1.3278622645884752e-08	0.013964534737169743	0.011995954439043999	0.0061219483613967896	0.10661163181066513	1.622538547962904e-09	0.02664199471473694	0.2191026210784912	0.061001840978860855	1.622538547962904e-09	0.013319892808794975	0.0061219483613967896	1.622538547962904e-09	0.10661161690950394	9.999999974752427e-07	-1.3278622645884752e-08	1.622538547962904e-09	1.622538547962904e-09	-2.4010660126805305e-10	1.622538547962904e-09	9.999999974752427e-07	1.622538547962904e-09	0.015181045979261398	1.622538547962904e-09	6.912159733474255e-10	0.010238775983452797	0.007871739566326141	0.006139293313026428	1.622538547962904e-09	9.999999974752427e-07	1.622538547962904e-09	0.36081427335739136	0.07295437157154083	0.008505983278155327	0.2816368341445923	0.009365733712911606	0.026101619005203247	-1.3278622645884752e-08	0.3097529113292694	8.000001798791345e-07	0.07295437157154083	0.3097529113292694	-1.3278622645884752e-08	2.255546860396862e-10	-5.828042048960924e-09	0.22092559933662415	0.024959877133369446	-1.3278622645884752e-08	1.622538547962904e-09	1.622538547962904e-09	-1.3278622645884752e-08	9.999999974752427e-07	0.21155986189842224	0.22092559933662415	2.255546860396862e-10	0.00917431153357029	0.1840570569038391	0.026101604104042053	1.622538547962904e-09	-5.828042048960924e-09	0.22092559933662415	1.622538547962904e-09	-1.3278622645884752e-08	0.008564604446291924	0.2986621558666229	1.622538547962904e-09	9.999999974752427e-07	0.2986621558666229	2.255546860396862e-10	2.255546860396862e-10	1.622538547962904e-09	0.1273503601551056	-5.828042048960924e-09	0.08163265138864517	0.01516491174697876	0.008196720853447914	9.999999974752427e-07	-2.4010660126805305e-10	0.026101619005203247	0.07547169923782349	1.3999997463542968e-06	0.015599853359162807	0.01042632944881916	0.009330726228654385	0.018172089010477066	1.622538547962904e-09	1.622538547962904e-09	0.024959877133369446	0.028257330879569054	9.999999974752427e-07	0.008460652083158493	-1.3278622645884752e-08	9.999999974752427e-07	8.000001798791345e-07	0.14251525700092316	0.009365729987621307	0.1273503601551056	0.14251527190208435	0.2986621558666229	0.2816368341445923	0.00933072715997696	0.05747126415371895	-2.4010660126805305e-10	9.999999974752427e-07	0.14251521229743958	6.000000212225132e-07	0.009365737438201904	0.29009753465652466	0.1273503601551056	0.04308461770415306	-2.4010660126805305e-10	0.009282229468226433	1.622538547962904e-09	0.14251525700092316	9.999999974752427e-07	2.255546860396862e-10	0.027484744787216187	0.017241379246115685	0.009325018152594566	-5.828042048960924e-09	-1.3278622645884752e-08	0.015599831938743591	0.02495986968278885	-2.4010660126805305e-10	9.999999974752427e-07	-1.3278622645884752e-08	0.008460652083158493	0.011090751737356186	1.622538547962904e-09	9.999999974752427e-07	0.016819393262267113
49	-15547.466796875	-1	9	57	76	75	26	89	10	62	48	0	26	84	41	29	91	66	5	0	11	24	14	68	37	85	21	0	0	50	22	3	66	33	67	21	43	7	69	12	0	65	50	77	73	24	43	79	5	42	1	78	57	69	21	34	56	0	70	42	76	31	43	49	25	4	73	63	36	3	21	1	46	80	82	49	14	33	40	77	33	47	9	66	48	69	78	85	57	13	11	50	56	7	32	19	59	7	0	49	47	0.5437127947807312	0.08644908666610718	0.010285336524248123	0.4145510792732239	0.012830331921577454	0.010498285293579102	0.010526316240429878	0.4251323938369751	9.999999974752427e-07	0.08644907921552658	0.44155386090278625	0.06554710865020752	9.999999974752427e-07	9.999999974752427e-07	0.4095746874809265	9.999999974752427e-07	0.005317971110343933	1.622538547962904e-09	1.622538547962904e-09	9.999999974752427e-07	0.02298850566148758	0.39674437046051025	0.4095746576786041	9.999999974752427e-07	0.03314200043678284	0.2897196114063263	0.07604538649320602	1.622538547962904e-09	9.999999974752427e-07	0.4095746576786041	0.0049764662981033325	1.622538547962904e-09	1.622538547962904e-09	0.4145510196685791	0.03333333507180214	-1.3278622645884752e-08	0.42513248324394226	9.999999974752427e-07	9.999999974752427e-07	1.622538547962904e-09	0.22580645978450775	0.012048192322254181	0.1361638456583023	-1.3278622645884752e-08	9.999999974752427e-07	-1.3278622645884752e-08	1.622538547962904e-09	0.010498279705643654	0.1361638605594635	0.03056776523590088	0.02411612868309021	1.622538547962904e-09	0.008196720853447914	0.010869565419852734	9.999999974752427e-07	0.010526316240429878	0.026113219559192657	0.019338728860020638	-2.4010660126805305e-10	-1.3278622645884752e-08	1.622538547962904e-09	-1.3278622645884752e-08	0.03056773543357849	0.2705919146537781	9.999999974752427e-07	0.26527389883995056	0.2705919146537781	0.4251324534416199	0.40957462787628174	0.030927833169698715	0.05588124692440033	1.622538547962904e-09	0.010498277842998505	0.2652738690376282	-1.3278622645884752e-08	0.012830331921577454	0.4145510792732239	0.22250455617904663	0.08634074777364731	1.622538547962904e-09	0.010498279705643654	1.622538547962904e-09	0.26527389883995056	0.036036036908626556	0.009900989942252636	0.062224678695201874	0.029082641005516052	0.009053405374288559	9.999999974752427e-07	0.012195121496915817	9.999999974752427e-07	0.008547008968889713	-1.3278622645884752e-08	1.622538547962904e-09	9.999999974752427e-07	-1.3278622645884752e-08	-1.3278622645884752e-08	1.622538547962904e-09	-1.3278622645884752e-08	1.622538547962904e-09	0.42310068011283875	0.04496558755636215	0.010405873879790306	0.2722354233264923	0.010044899769127369	0.021052632480859756	9.999999974752427e-07	0.31625205278396606	0.018691588193178177	0.05226298049092293	0.31625208258628845	0.01785714365541935	0.010989011265337467	1.622538547962904e-09	0.2722354829311371	9.999999974752427e-07	1.622538547962904e-09	0.019417475908994675	1.622538547962904e-09	9.999999974752427e-07	6.666664376098197e-07	0.2291666716337204	0.2722355127334595	9.999999974752427e-07	1.3333333299669903e-06	0.18190433084964752	0.09699182957410812	1.622538547962904e-09	0.0078512504696846	0.2722354829311371	1.622538547962904e-09	1.622538547962904e-09	0.010638297535479069	0.31625205278396606	9.999999974752427e-07	-7.275957614183426e-12	0.31625205278396606	0.010526316240429878	0.009009009227156639	1.622538547962904e-09	0.10256186872720718	1.622538547962904e-09	0.060657065361738205	0.008510754443705082	6.666664376098197e-07	-7.275957614183426e-12	9.999999974752427e-07	1.3999997463542968e-06	0.05226297304034233	0.034559715539216995	0.022432178258895874	2.255546860396862e-10	9.999999974752427e-07	9.999999974752427e-07	9.999999974752427e-07	0.008264463394880295	0.009856697171926498	0.010405873879790306	0.00839410349726677	1.622538547962904e-09	1.622538547962904e-09	0.008510754443705082	0.03455973044037819	0.18190431594848633	0.010044899769127369	0.11764705926179886	0.18190434575080872	0.31625205278396606	0.2722354531288147	0.042105261236429214	0.010405873879790306	9.999999974752427e-07	8.000001798791345e-07	0.18190434575080872	1.622538547962904e-09	0.010044898837804794	0.2722353935241699	0.10256189107894897	0.04190482199192047	9.999999974752427e-07	8.000001798791345e-07	0.007297396659851074	0.1819043606519699	1.622538547962904e-09	0.016949152573943138	0.01947261206805706	9.999999974752427e-07	2.255546860396862e-10	1.622538547962904e-09	0.011627906933426857	0.014580927789211273	9.999999974752427e-07	1.622538547962904e-09	9.999999974752427e-07	9.999999974752427e-07	1.622538547962904e-09	1.622538547962904e-09	1.622538547962904e-09	1.622538547962904e-09	6.000000212225132e-07	0.449466347694397	0.08000115305185318	9.999999974752427e-07	0.33304834365844727	-1.3278622645884752e-08	0.03483249247074127	9.999999974752427e-07	0.3862634003162384	0.009220769628882408	0.08756303787231445	0.386263370513916	0.013322077691555023	-1.3278622645884752e-08	9.999999974752427e-07	0.294791579246521	9.999999974752427e-07	0.029411764815449715	9.999999974752427e-07	-1.3278622645884752e-08	0.008118398487567902	0.010526316240429878	0.294791579246521	0.2947915494441986	-1.3278622645884752e-08	0.01075268816202879	0.2947915494441986	0.04815460741519928	-1.3278622645884752e-08	0.02777777798473835	0.294791579246521	0.019186578691005707	9.999999974752427e-07	0.008000463247299194	0.38626328110694885	-1.3278622645884752e-08	1.622538547962904e-09	0.38626334071159363	-1.3278622645884752e-08	-1.3278622645884752e-08	-1.3278622645884752e-08	0.1528805047273636	9.999999974752427e-07	0.08756301552057266	0.009048535488545895	9.999999974752427e-07	1.622538547962904e-09	0.009130984544754028	0.02860131859779358	0.08756305277347565	0.009220772422850132	0.04123711213469505	9.999999974752427e-07	-1.3278622645884752e-08	-1.3278622645884752e-08	-1.3278622645884752e-08	0.008003763854503632	0.015048369765281677	0.029999999329447746	1.622538547962904e-09	0.00909090880304575	9.999999974752427e-07	0.00904853641986847	0.009220770560204983	0.2947915494441986	-1.3278622645884752e-08	0.15288051962852478	0.25	0.386263370513916	0.31386178731918335	-1.3278622645884752e-08	0.032608695328235626	0.009130991995334625	9.999999974752427e-07	0.16192907094955444	-2.4010660126805305e-10	-1.3278622645884752e-08	0.36913183331489563	0.1528804898262024	0.06531752645969391	0.009130977094173431	0.028601333498954773	0.007561894133687019	0.16814158856868744	1.622538547962904e-09	-1.3278622645884752e-08	0.021052632480859756	0.009900989942252636	0.027272727340459824	9.999999974752427e-07	0.005203664302825928	0.008620689623057842	0.007044591009616852	-1.3278622645884752e-08	0.008000463247299194	0.008118398487567902	9.999999974752427e-07	-1.3278622645884752e-08	-1.3278622645884752e-08	-2.4010660126805305e-10	1.622538547962904e-09	0.4417252242565155	0.024390242993831635	9.999999974752427e-07	0.30527326464653015	0.010416666977107525	0.014637134969234467	9.999999974752427e-07	0.3760969042778015	9.999999974752427e-07	0.04878048598766327	0.3760969042778015	0.05099133402109146	9.999999974752427e-07	0.008882244117558002	0.30527329444885254	1.622538547962904e-09	1.622538547962904e-09	1.622538547962904e-09	1.622538547962904e-09	0.030414395034313202	0.012048192322254181	0.29318323731422424	0.30527329444885254	9.999999974752427e-07	0.017391303554177284	0.2670987844467163	0.06562843918800354	1.622538547962904e-09	0.010416666977107525	0.30527329444885254	1.622538547962904e-09	1.622538547962904e-09	1.622538547962904e-09	0.30527329444885254	1.622538547962904e-09	0.010526316240429878	0.3760969042778015	9.999999974752427e-07	9.999999974752427e-07	1.622538547962904e-09	0.14387741684913635	0.025641024112701416	0.07431011646986008	0.032608695328235626	9.999999974752427e-07	0.009615384973585606	1.622538547962904e-09	0.014637134969234467	0.07431010156869888	0.010309278033673763	0.04452749714255333	0.009433962404727936	9.999999974752427e-07	1.622538547962904e-09	1.622538547962904e-09	1.622538547962904e-09	1.622538547962904e-09	0.009569531306624413	1.622538547962904e-09	1.622538547962904e-09	1.622538547962904e-09	0.01123595517128706	9.999999974752427e-07	0.20471768081188202	9.999999974752427e-07	0.14387744665145874	0.2047176957130432	0.3052733242511749	0.30527329444885254	0.026084452867507935	0.009569531306624413	1.622538547962904e-09	0.010101010091602802	0.204717755317688	0.010204081423580647	0.010989011265337467	0.30527329444885254	0.14387741684913635	0.06956726312637329	1.622538547962904e-09	0.01463712751865387	9.999999974752427e-07	0.20471777021884918	0.009803921915590763	9.999999974752427e-07	0.02503982186317444	9.999999974752427e-07	9.999999974752427e-07	0.008882243186235428	0.020576931536197662	9.999999974752427e-07	1.622538547962904e-09	1.622538547962904e-09	1.622538547962904e-09	9.999999974752427e-07	1.622538547962904e-09	1.622538547962904e-09	1.622538547962904e-09	9.999999974752427e-07	1.622538547962904e-09	0.3537144362926483	0.026411600410938263	4.2857209336943924e-07	0.20192477107048035	1.622538547962904e-09	0.027027027681469917	-7.275957614183426e-12	0.28152182698249817	1.622538547962904e-09	0.026411622762680054	0.2815217971801758	0.010256588459014893	9.999999974752427e-07	1.622538547962904e-09	0.20192477107048035	9.999999974752427e-07	1.622538547962904e-09	9.999999974752427e-07	1.622538547962904e-09	0.010256589390337467	1.622538547962904e-09	0.20192474126815796	0.20192478597164154	1.622538547962904e-09	1.622538547962904e-09	0.16246558725833893	0.05873368680477142	1.622538547962904e-09	0.027633339166641235	0.20192477107048035	-1.3278622645884752e-08	1.622538547962904e-09	-1.3278622645884752e-08	0.20192483067512512	0.008206691592931747	9.999999974752427e-07	0.2740027904510498	1.622538547962904e-09	9.999999974752427e-07	1.622538547962904e-09	0.05703481286764145	1.622538547962904e-09	0.02641153335571289	0.03179077059030533	1.622538547962904e-09	9.999999974752427e-07	-1.3278622645884752e-08	0.009401541203260422	0.026411622762680054	0.009916089475154877	0.027633339166641235	4.2857209336943924e-07	1.622538547962904e-09	0.013445600867271423	0.008206691592931747	9.999999974752427e-07	0.013458997011184692	1.2857158253609668e-06	-1.3278622645884752e-08	-1.3278622645884752e-08	1.622538547962904e-09	9.999999974752427e-07	1.622538547962904e-09	0.16246557235717773	1.622538547962904e-09	0.05703481659293175	0.10570608824491501	0.2626262605190277	0.20192477107048035	0.01780684106051922	1.2857121873821598e-06	-1.3278622645884752e-08	9.999999974752427e-07	0.08882559835910797	0.009916093200445175	1.622538547962904e-09	0.20192478597164154	0.05404491350054741	0.027633339166641235	-1.3278622645884752e-08	0.009401543065905571	1.622538547962904e-09	0.1057060956954956	-1.3278622645884752e-08	0.017806850373744965	1.622538547962904e-09	1.622538547962904e-09	4.2857209336943924e-07	1.622538547962904e-09	-7.275957614183426e-12	1.622538547962904e-09	9.999999974752427e-07	1.622538547962904e-09	-1.3278622645884752e-08	9.999999974752427e-07	-1.3278622645884752e-08	0.007519088685512543	1.622538547962904e-09	1.622538547962904e-09	2.255546860396862e-10	0.5330701470375061	0.005072489380836487	5.000001692678779e-07	0.3791336119174957	0.015137098729610443	0.04571789503097534	9.999999974752427e-07	0.47317150235176086	1.622538547962904e-09	0.08930285274982452	0.47317150235176086	0.014180606231093407	0.010177051648497581	9.999999974752427e-07	0.283880352973938	-1.3278622645884752e-08	1.622538547962904e-09	0.009429067373275757	-1.3278622645884752e-08	0.007485583424568176	9.999999974752427e-07	0.2687433063983917	0.3461630940437317	0.011049933731555939	0.012431889772415161	0.21618443727493286	0.059898555278778076	-1.3278622645884752e-08	1.622538547962904e-09	0.2838802933692932	0.030927835032343864	0.04472166299819946	-1.3278622645884752e-08	0.39345017075538635	1.622538547962904e-09	-1.3278622645884752e-08	0.39345014095306396	0.011049933731555939	0.010177051648497581	-1.3278622645884752e-08	0.16346153616905212	0.04000958055257797	0.08930287510156631	-1.3278622645884752e-08	0.010416666977107525	-1.3278622645884752e-08	0.014316469430923462	0.036288827657699585	0.08930285274982452	1.622538547962904e-09	0.0478060245513916	5.000001692678779e-07	0.028037382289767265	1.622538547962904e-09	1.622538547962904e-09	-1.3278622645884752e-08	-1.3278622645884752e-08	1.5000005078036338e-06	1.622538547962904e-09	-1.3278622645884752e-08	9.999999974752427e-07	-1.3278622645884752e-08	1.622538547962904e-09	0.21618443727493286	0.015137098729610443	0.171462744474411	0.21618443727493286	0.39345014095306396	0.3461630940437317	0.05255882441997528	0.005072489380836487	9.999999974752427e-07	0.02286946028470993	0.1714627593755722	1.622538547962904e-09	0.01513710618019104	0.37913358211517334	0.1495407670736313	0.06023794412612915	0.014316461980342865	0.02286946028470993	0.008695651777088642	0.1714627593755722	1.622538547962904e-09	0.010177051648497581	0.012431896291673183	1.622538547962904e-09	5.000001692678779e-07	9.999999974752427e-07	0.0066950395703315735	0.007796458899974823	-1.3278622645884752e-08	0.030927835032343864	-1.3278622645884752e-08	0.007485583424568176	-1.3278622645884752e-08	0.02777777798473835	-1.3278622645884752e-08	1.622538547962904e-09	0.008695651777088642	0.3669218420982361	0.04854368790984154	5.000001692678779e-07	0.19233903288841248	1.622538547962904e-09	0.021178677678108215	0.01907866820693016	0.26595741510391235	9.999999974752427e-07	0.0752153992652893	0.2984440326690674	0.01907867193222046	9.999999974752427e-07	0.010416666977107525	0.19233903288841248	0.010324249044060707	0.007624365389347076	1.622538547962904e-09	1.622538547962904e-09	1.622538547962904e-09	9.999999974752427e-07	0.19233901798725128	0.19233904778957367	1.622538547962904e-09	0.026356376707553864	0.16347560286521912	0.04025731980800629	1.622538547962904e-09	1.622538547962904e-09	0.19233901798725128	1.622538547962904e-09	0.015332028269767761	0.0117647061124444	0.24910278618335724	0.01778506115078926	-1.3278622645884752e-08	0.24910277128219604	1.622538547962904e-09	9.999999974752427e-07	1.622538547962904e-09	0.1170303225517273	0.015458554029464722	0.0752154290676117	-1.3278622645884752e-08	0.00909090880304575	-1.3278622645884752e-08	0.009573204442858696	0.02117867022752762	0.0752154216170311	0.018691588193178177	0.015458546578884125	5.000001692678779e-07	0.005539216101169586	1.622538547962904e-09	0.01778506115078926	9.999999974752427e-07	0.02822047472000122	1.5000005078036338e-06	1.622538547962904e-09	9.999999974752427e-07	9.999999974752427e-07	-1.3278622645884752e-08	9.999999974752427e-07	0.16347560286521912	1.622538547962904e-09	0.14051920175552368	0.16347560286521912	0.24910280108451843	0.19233901798725128	0.011078406125307083	0.010101010091602802	0.009573204442858696	0.009177442640066147	0.14051921665668488	0.008695651777088642	1.622538547962904e-09	0.2222222089767456	0.11703035235404968	0.04181492328643799	0.011904762126505375	0.009177440777420998	0.010869565419852734	0.14051920175552368	-1.3278622645884752e-08	0.005539216101169586	0.026356376707553864	1.622538547962904e-09	5.000001692678779e-07	0.009999999776482582	0.01907867006957531	1.622538547962904e-09	0.010324249044060707	9.999999974752427e-07	9.999999974752427e-07	1.622538547962904e-09	9.999999974752427e-07	9.999999974752427e-07	1.622538547962904e-09	9.999999974752427e-07	0.012001216411590576	0.4369935691356659	0.058262765407562256	9.999999974752427e-07	0.26795706152915955	9.999999974752427e-07	0.04900258779525757	1.622538547962904e-09	0.3783048093318939	0.009493403136730194	0.06596281379461288	0.3783048093318939	1.622538547962904e-09	9.999999974752427e-07	0.01123595517128706	0.2679571211338043	-2.4010660126805305e-10	1.622538547962904e-09	-1.3278622645884752e-08	1.622538547962904e-09	1.622538547962904e-09	6.666664376098197e-07	0.25453197956085205	0.2679571211338043	0.010989011265337467	1.3333333299669903e-06	0.2075660675764084	0.04900253564119339	1.622538547962904e-09	0.005720049142837524	0.2679571211338043	1.622538547962904e-09	0.015754297375679016	0.010256932117044926	0.3783048093318939	0.016017943620681763	-2.4010660126805305e-10	0.3783048093318939	0.019911112263798714	9.999999974752427e-07	1.622538547962904e-09	0.15682579576969147	0.01300542801618576	0.11561174690723419	0.018151938915252686	6.666664376098197e-07	0.018151946365833282	0.010526316240429878	0.04900252819061279	0.06741572916507721	0.03269493579864502	0.018725473433732986	0.00909090880304575	-2.4010660126805305e-10	1.622538547962904e-09	0.00917431153357029	0.009686270728707314	0.009686268866062164	0.025567835196852684	9.999999974752427e-07	0.043478261679410934	0.015754297375679016	-2.4010660126805305e-10	0.009493403136730194	0.2075660675764084	9.999999974752427e-07	0.15682579576969147	0.2075660675764084	0.3783048093318939	0.2679571211338043	0.030948027968406677	0.025567827746272087	9.999999974752427e-07	9.999999974752427e-07	0.17497773468494415	0.009708737954497337	0.00909090880304575	0.3183199465274811	0.1568257063627243	0.041213929653167725	0.04972795397043228	0.010204081423580647	0.007700011134147644	0.19181180000305176	9.999999974752427e-07	0.011036915704607964	0.022488415241241455	0.016806723549962044	9.999999974752427e-07	0.009615384973585606	1.622538547962904e-09	1.622538547962904e-09	-2.4010660126805305e-10	1.622538547962904e-09	9.999999974752427e-07	1.622538547962904e-09	0.009803921915590763	1.622538547962904e-09	1.622538547962904e-09	9.999999974752427e-07	9.999999974752427e-07	0.3545213043689728	0.0205911323428154	0.010625112801790237	0.21123084425926208	0.02664199471473694	0.0061219222843647	9.999999974752427e-07	0.3018166422843933	0.006626583635807037	0.02059110999107361	0.3018166720867157	0.01864650845527649	-1.3278622645884752e-08	1.622538547962904e-09	0.1669045239686966	0.015181045979261398	9.999999974752427e-07	1.622538547962904e-09	1.622538547962904e-09	0.010238776914775372	1.622538547962904e-09	0.14026254415512085	0.2112308144569397	-1.3278622645884752e-08	1.622538547962904e-09	0.14026251435279846	0.024768419563770294	1.622538547962904e-09	1.622538547962904e-09	0.2112308144569397	-1.3278622645884752e-08	0.011363636702299118	6.912159733474255e-10	0.23242251574993134	-1.3278622645884752e-08	0.006100691854953766	0.29567739367485046	-1.3278622645884752e-08	-1.3278622645884752e-08	1.622538547962904e-09	0.09294700622558594	1.622538547962904e-09	0.06100180745124817	0.01366463303565979	1.622538547962904e-09	0.007563948631286621	0.011995955370366573	0.0061219483613967896	0.030612245202064514	0.006626575719565153	9.073119144886732e-09	-2.4010660126805305e-10	-1.3278622645884752e-08	-1.3278622645884752e-08	-1.3278622645884752e-08	9.999999974752427e-07	0.027936100959777832	0.010625114664435387	0.027522936463356018	0.007871739566326141	9.999999974752427e-07	1.622538547962904e-09	0.006626579910516739	0.14026251435279846	0.010101010091602802	0.09294699132442474	0.14026251435279846	0.29567742347717285	0.21123076975345612	-1.3278622645884752e-08	0.013964534737169743	0.011995954439043999	0.0061219483613967896	0.10661163181066513	1.622538547962904e-09	0.02664199471473694	0.2191026210784912	0.061001840978860855	1.622538547962904e-09	0.013319892808794975	0.0061219483613967896	1.622538547962904e-09	0.10661161690950394	9.999999974752427e-07	-1.3278622645884752e-08	1.622538547962904e-09	1.622538547962904e-09	-2.4010660126805305e-10	1.622538547962904e-09	9.999999974752427e-07	1.622538547962904e-09	0.015181045979261398	1.622538547962904e-09	6.912159733474255e-10	0.010238775983452797	0.007871739566326141	0.006139293313026428	1.622538547962904e-09	1.622538547962904e-09	1.622538547962904e-09	0.36081427335739136	0.07295437157154083	0.008505983278155327	0.2816368341445923	0.009365733712911606	0.026101619005203247	-1.3278622645884752e-08	0.3097529113292694	7.142857612052467e-07	0.07295437157154083	0.3097529113292694	-1.3278622645884752e-08	2.255546860396862e-10	-5.828042048960924e-09	0.22092559933662415	0.024959877133369446	-1.3278622645884752e-08	1.622538547962904e-09	1.622538547962904e-09	-1.3278622645884752e-08	9.999999974752427e-07	0.21155986189842224	0.22092559933662415	2.255546860396862e-10	0.00917431153357029	0.1840570569038391	0.026101604104042053	1.622538547962904e-09	-5.828042048960924e-09	0.22092559933662415	1.622538547962904e-09	-1.3278622645884752e-08	0.008564604446291924	0.2986621558666229	1.622538547962904e-09	9.999999974752427e-07	0.2986621558666229	2.255546860396862e-10	2.255546860396862e-10	1.622538547962904e-09	0.1273503601551056	-5.828042048960924e-09	0.08163265138864517	0.01516491174697876	0.008196720853447914	9.999999974752427e-07	-2.4010660126805305e-10	0.026101619005203247	0.07547169923782349	1.5714285837020725e-06	0.015599853359162807	0.01042632944881916	0.009330726228654385	0.018172089010477066	1.622538547962904e-09	1.622538547962904e-09	0.024959877133369446	0.028257330879569054	9.999999974752427e-07	0.008460652083158493	-1.3278622645884752e-08	9.999999974752427e-07	7.142857612052467e-07	0.14251525700092316	0.009365729987621307	0.1273503601551056	0.14251527190208435	0.2986621558666229	0.2816368341445923	0.00933072715997696	0.05747126415371895	-2.4010660126805305e-10	9.999999974752427e-07	0.14251521229743958	4.2857209336943924e-07	0.009365737438201904	0.29009753465652466	0.1273503601551056	0.04308461770415306	-2.4010660126805305e-10	0.009282229468226433	1.622538547962904e-09	0.14251525700092316	9.999999974752427e-07	2.255546860396862e-10	0.027484744787216187	0.017241379246115685	0.009325018152594566	-5.828042048960924e-09	-1.3278622645884752e-08	0.015599831938743591	0.02495986968278885	-2.4010660126805305e-10	9.999999974752427e-07	-1.3278622645884752e-08	0.008460652083158493	0.011090751737356186	1.622538547962904e-09	4.2857209336943924e-07	0.016819393262267113
50	-15547.466796875	-1	9	57	76	75	26	89	10	62	48	0	26	84	41	29	91	66	5	0	11	24	14	68	37	85	21	0	0	50	22	3	66	33	67	21	43	7	69	12	0	65	50	77	73	24	43	79	5	42	1	78	57	69	21	34	56	0	70	42	76	31	43	49	25	4	73	63	36	3	21	1	46	80	82	49	14	33	40	77	33	47	9	66	48	69	78	85	57	13	11	50	56	7	32	19	59	7	0	50	47	0.5437127947807312	0.08644906431436539	0.010285336524248123	0.4145510792732239	0.012830331921577454	0.010498285293579102	0.010526316240429878	0.4251323938369751	9.999999974752427e-07	0.08644905686378479	0.44155386090278625	0.06554710865020752	9.999999974752427e-07	9.999999974752427e-07	0.4095746874809265	9.999999974752427e-07	0.005317971110343933	1.622538547962904e-09	1.622538547962904e-09	9.999999974752427e-07	0.02298850566148758	0.39674437046051025	0.4095746576786041	9.999999974752427e-07	0.03314200043678284	0.2897196114063263	0.07604538649320602	1.622538547962904e-09	9.999999974752427e-07	0.4095746576786041	0.0049764662981033325	1.622538547962904e-09	1.622538547962904e-09	0.4145510196685791	0.03333333507180214	-1.3278622645884752e-08	0.42513248324394226	9.999999974752427e-07	9.999999974752427e-07	1.622538547962904e-09	0.22580645978450775	0.012048192322254181	0.1361638456583023	-1.3278622645884752e-08	9.999999974752427e-07	-1.3278622645884752e-08	1.622538547962904e-09	0.010498279705643654	0.1361638605594635	0.030567780137062073	0.02411612868309021	1.622538547962904e-09	0.008196720853447914	0.010869565419852734	9.999999974752427e-07	0.010526316240429878	0.026113219559192657	0.019338728860020638	-2.4010660126805305e-10	-1.3278622645884752e-08	1.622538547962904e-09	-1.3278622645884752e-08	0.030567795038223267	0.2705919146537781	9.999999974752427e-07	0.26527389883995056	0.2705919146537781	0.4251324534416199	0.40957462787628174	0.030927833169698715	0.05588129162788391	1.622538547962904e-09	0.010498277842998505	0.2652738690376282	-1.3278622645884752e-08	0.012830331921577454	0.4145510792732239	0.22250455617904663	0.08634074777364731	1.622538547962904e-09	0.010498279705643654	1.622538547962904e-09	0.26527389883995056	0.036036036908626556	0.009900989942252636	0.062224678695201874	0.029082641005516052	0.009053405374288559	9.999999974752427e-07	0.012195121496915817	9.999999974752427e-07	0.008547008968889713	-1.3278622645884752e-08	1.622538547962904e-09	9.999999974752427e-07	-1.3278622645884752e-08	-1.3278622645884752e-08	1.622538547962904e-09	9.999999974752427e-07	1.622538547962904e-09	0.4231007397174835	0.04496559500694275	0.010405867360532284	0.2722354531288147	0.010044899769127369	0.021052632480859756	9.999999974752427e-07	0.31625208258628845	0.018691588193178177	0.052262965589761734	0.31625211238861084	0.01785714365541935	0.010989011265337467	1.622538547962904e-09	0.2722354531288147	9.999999974752427e-07	1.622538547962904e-09	0.019417475908994675	1.622538547962904e-09	9.999999974752427e-07	6.666664376098197e-07	0.2291666716337204	0.2722354531288147	9.999999974752427e-07	1.3333333299669903e-06	0.1819043606519699	0.09699182957410812	1.622538547962904e-09	0.0078512541949749	0.2722354531288147	1.622538547962904e-09	1.622538547962904e-09	0.010638297535479069	0.31625205278396606	9.999999974752427e-07	-7.275957614183426e-12	0.31625205278396606	0.010526316240429878	0.009009009227156639	1.622538547962904e-09	0.10256188362836838	1.622538547962904e-09	0.06065705791115761	0.008510754443705082	6.666664376098197e-07	-7.275957614183426e-12	9.999999974752427e-07	1.3999997463542968e-06	0.05226297304034233	0.0345597118139267	0.02243218943476677	2.255546860396862e-10	9.999999974752427e-07	9.999999974752427e-07	9.999999974752427e-07	0.008264463394880295	0.009856700897216797	0.01040586642920971	0.008394073694944382	1.622538547962904e-09	1.622538547962904e-09	0.008510754443705082	0.034559715539216995	0.18190431594848633	0.010044899769127369	0.11764705926179886	0.18190434575080872	0.31625205278396606	0.2722354531288147	0.042105261236429214	0.01040586642920971	9.999999974752427e-07	8.000001798791345e-07	0.18190434575080872	1.622538547962904e-09	0.010044898837804794	0.2722354531288147	0.10256189107894897	0.04190482199192047	9.999999974752427e-07	8.000001798791345e-07	0.00729738175868988	0.18190434575080872	1.622538547962904e-09	0.016949152573943138	0.019472626969218254	9.999999974752427e-07	2.255546860396862e-10	1.622538547962904e-09	0.011627906933426857	0.014580931514501572	9.999999974752427e-07	1.622538547962904e-09	9.999999974752427e-07	9.999999974752427e-07	1.622538547962904e-09	1.622538547962904e-09	1.622538547962904e-09	1.622538547962904e-09	6.000000212225132e-07	0.449466347694397	0.08000116050243378	9.999999974752427e-07	0.33304834365844727	-1.3278622645884752e-08	0.03483249247074127	9.999999974752427e-07	0.3862634003162384	0.009220771491527557	0.08756305277347565	0.386263370513916	0.013322077691555023	-1.3278622645884752e-08	9.999999974752427e-07	0.294791579246521	9.999999974752427e-07	0.029411764815449715	9.999999974752427e-07	-1.3278622645884752e-08	0.008118398487567902	0.010526316240429878	0.294791579246521	0.2947915494441986	-1.3278622645884752e-08	0.01075268816202879	0.2947915494441986	0.04815460741519928	-1.3278622645884752e-08	0.02777777798473835	0.294791579246521	0.019186578691005707	9.999999974752427e-07	0.008000463247299194	0.38626328110694885	-1.3278622645884752e-08	1.622538547962904e-09	0.38626334071159363	-1.3278622645884752e-08	-1.3278622645884752e-08	-1.3278622645884752e-08	0.1528804898262024	9.999999974752427e-07	0.08756302297115326	0.009048539213836193	9.999999974752427e-07	1.622538547962904e-09	0.009130984544754028	0.02860131859779358	0.08756303787231445	0.009220770560204983	0.04123711213469505	9.999999974752427e-07	-1.3278622645884752e-08	-1.3278622645884752e-08	-1.3278622645884752e-08	0.008003763854503632	0.015048369765281677	0.029999999329447746	1.622538547962904e-09	0.00909090880304575	9.999999974752427e-07	0.009048540145158768	0.009220771491527557	0.2947915494441986	-1.3278622645884752e-08	0.15288051962852478	0.25	0.386263370513916	0.31386178731918335	-1.3278622645884752e-08	0.032608695328235626	0.009130991995334625	9.999999974752427e-07	0.16192904114723206	-2.4010660126805305e-10	-1.3278622645884752e-08	0.36913183331489563	0.15288051962852478	0.06531752645969391	0.009130977094173431	0.028601333498954773	0.007561897858977318	0.16814158856868744	1.622538547962904e-09	-1.3278622645884752e-08	0.021052632480859756	0.009900989942252636	0.027272727340459824	9.999999974752427e-07	0.005203664302825928	0.008620689623057842	0.007044591009616852	-1.3278622645884752e-08	0.008000463247299194	0.008118398487567902	9.999999974752427e-07	-1.3278622645884752e-08	-1.3278622645884752e-08	9.999999974752427e-07	1.622538547962904e-09	0.4417252242565155	0.024390242993831635	9.999999974752427e-07	0.30527326464653015	0.010416666977107525	0.014637134969234467	9.999999974752427e-07	0.3760969042778015	9.999999974752427e-07	0.04878048598766327	0.3760969042778015	0.05099133402109146	9.999999974752427e-07	0.008882244117558002	0.30527329444885254	1.622538547962904e-09	1.622538547962904e-09	1.622538547962904e-09	1.622538547962904e-09	0.030414395034313202	0.012048192322254181	0.29318323731422424	0.30527329444885254	9.999999974752427e-07	0.017391303554177284	0.2670987844467163	0.06562843918800354	1.622538547962904e-09	0.010416666977107525	0.30527329444885254	1.622538547962904e-09	1.622538547962904e-09	1.622538547962904e-09	0.30527329444885254	1.622538547962904e-09	0.010526316240429878	0.3760969042778015	9.999999974752427e-07	9.999999974752427e-07	1.622538547962904e-09	0.14387741684913635	0.025641024112701416	0.07431017607450485	0.032608695328235626	9.999999974752427e-07	0.009615384973585606	1.622538547962904e-09	0.014637134969234467	0.07431016117334366	0.010309278033673763	0.044527553021907806	0.009433962404727936	9.999999974752427e-07	1.622538547962904e-09	1.622538547962904e-09	1.622538547962904e-09	1.622538547962904e-09	0.009569531306624413	1.622538547962904e-09	1.622538547962904e-09	1.622538547962904e-09	0.01123595517128706	9.999999974752427e-07	0.20471768081188202	9.999999974752427e-07	0.14387738704681396	0.2047176957130432	0.3052733242511749	0.30527329444885254	0.026084452867507935	0.009569531306624413	1.622538547962904e-09	0.010101010091602802	0.204717755317688	0.010204081423580647	0.010989011265337467	0.30527329444885254	0.14387735724449158	0.06956734508275986	1.622538547962904e-09	0.01463712751865387	9.999999974752427e-07	0.20471777021884918	0.009803921915590763	9.999999974752427e-07	0.02503982186317444	9.999999974752427e-07	9.999999974752427e-07	0.008882243186235428	0.020576931536197662	9.999999974752427e-07	1.622538547962904e-09	1.622538547962904e-09	1.622538547962904e-09	9.999999974752427e-07	1.622538547962904e-09	1.622538547962904e-09	1.622538547962904e-09	9.999999974752427e-07	1.622538547962904e-09	0.3537144362926483	0.02641158550977707	4.2857209336943924e-07	0.20192477107048035	1.622538547962904e-09	0.027027027681469917	-7.275957614183426e-12	0.28152182698249817	1.622538547962904e-09	0.026411592960357666	0.2815217971801758	0.010256588459014893	9.999999974752427e-07	1.622538547962904e-09	0.20192477107048035	9.999999974752427e-07	1.622538547962904e-09	9.999999974752427e-07	1.622538547962904e-09	0.010256589390337467	1.622538547962904e-09	0.20192474126815796	0.20192478597164154	1.622538547962904e-09	1.622538547962904e-09	0.16246558725833893	0.05873368680477142	1.622538547962904e-09	0.02763332799077034	0.20192477107048035	-1.3278622645884752e-08	1.622538547962904e-09	-1.3278622645884752e-08	0.20192483067512512	0.008206691592931747	9.999999974752427e-07	0.2740027904510498	1.622538547962904e-09	9.999999974752427e-07	1.622538547962904e-09	0.057034820318222046	1.622538547962904e-09	0.02641156315803528	0.03179077059030533	1.622538547962904e-09	9.999999974752427e-07	-1.3278622645884752e-08	0.009401541203260422	0.026411592960357666	0.009916093200445175	0.027633339166641235	4.2857209336943924e-07	1.622538547962904e-09	0.013445600867271423	0.008206691592931747	9.999999974752427e-07	0.013458997011184692	1.2857158253609668e-06	-1.3278622645884752e-08	-1.3278622645884752e-08	1.622538547962904e-09	9.999999974752427e-07	1.622538547962904e-09	0.16246557235717773	1.622538547962904e-09	0.05703481286764145	0.1057061031460762	0.2626262605190277	0.20192477107048035	0.01780684106051922	1.2857121873821598e-06	-1.3278622645884752e-08	9.999999974752427e-07	0.08882559835910797	0.009916089475154877	1.622538547962904e-09	0.20192478597164154	0.0540449433028698	0.027633346617221832	-1.3278622645884752e-08	0.009401543065905571	1.622538547962904e-09	0.1057060956954956	-1.3278622645884752e-08	0.017806850373744965	1.622538547962904e-09	1.622538547962904e-09	4.2857209336943924e-07	1.622538547962904e-09	-7.275957614183426e-12	1.622538547962904e-09	9.999999974752427e-07	1.622538547962904e-09	-1.3278622645884752e-08	9.999999974752427e-07	-1.3278622645884752e-08	0.007519088685512543	1.622538547962904e-09	1.622538547962904e-09	2.255546860396862e-10	0.5330700874328613	0.005072489380836487	5.000001692678779e-07	0.3791336119174957	0.015137091279029846	0.04571787267923355	9.999999974752427e-07	0.4731714725494385	1.622538547962904e-09	0.08930288255214691	0.4731714725494385	0.014180600643157959	0.010177051648497581	9.999999974752427e-07	0.2838803231716156	-1.3278622645884752e-08	1.622538547962904e-09	0.00942906178534031	-1.3278622645884752e-08	0.007485568523406982	9.999999974752427e-07	0.26874327659606934	0.3461630642414093	0.011049933731555939	0.012431904673576355	0.21618443727493286	0.05989852547645569	-1.3278622645884752e-08	1.622538547962904e-09	0.2838802933692932	0.030927835032343864	0.044721633195877075	-1.3278622645884752e-08	0.3934500813484192	1.622538547962904e-09	-1.3278622645884752e-08	0.3934501111507416	0.011049933731555939	0.010177051648497581	-1.3278622645884752e-08	0.16346153616905212	0.04000958800315857	0.08930283039808273	-1.3278622645884752e-08	0.010416666977107525	-1.3278622645884752e-08	0.014316469430923462	0.03628882020711899	0.08930288255214691	1.622538547962904e-09	0.047806039452552795	5.000001692678779e-07	0.028037382289767265	1.622538547962904e-09	1.622538547962904e-09	-1.3278622645884752e-08	-1.3278622645884752e-08	1.5000005078036338e-06	1.622538547962904e-09	-1.3278622645884752e-08	9.999999974752427e-07	-1.3278622645884752e-08	1.622538547962904e-09	0.21618443727493286	0.015137091279029846	0.171462744474411	0.21618443727493286	0.3934501111507416	0.3461630642414093	0.05255880951881409	0.005072489380836487	9.999999974752427e-07	0.02286946028470993	0.1714627593755722	1.622538547962904e-09	0.015137076377868652	0.37913358211517334	0.1495407521724701	0.06023796275258064	0.014316476881504059	0.02286946028470993	0.008695651777088642	0.1714627593755722	1.622538547962904e-09	0.010177051648497581	0.012431897222995758	1.622538547962904e-09	5.000001692678779e-07	9.999999974752427e-07	0.006695017218589783	0.007796451449394226	-1.3278622645884752e-08	0.030927835032343864	-1.3278622645884752e-08	0.007485572248697281	-1.3278622645884752e-08	0.02777777798473835	-1.3278622645884752e-08	1.622538547962904e-09	0.008695651777088642	0.3669217824935913	0.04854368790984154	5.000001692678779e-07	0.1923390030860901	1.622538547962904e-09	0.021178677678108215	0.019078686833381653	0.26595741510391235	9.999999974752427e-07	0.0752154290676117	0.29844406247138977	0.019078686833381653	9.999999974752427e-07	0.010416666977107525	0.19233906269073486	0.010324249044060707	0.007624365389347076	1.622538547962904e-09	1.622538547962904e-09	1.622538547962904e-09	9.999999974752427e-07	0.19233906269073486	0.19233901798725128	1.622538547962904e-09	0.026356399059295654	0.1634756326675415	0.040257349610328674	1.622538547962904e-09	1.622538547962904e-09	0.19233904778957367	1.622538547962904e-09	0.015332028269767761	0.0117647061124444	0.24910275638103485	0.01778506487607956	-1.3278622645884752e-08	0.24910278618335724	1.622538547962904e-09	9.999999974752427e-07	1.622538547962904e-09	0.1170303225517273	0.015458576381206512	0.0752154290676117	-1.3278622645884752e-08	0.00909090880304575	-1.3278622645884752e-08	0.009573204442858696	0.02117867022752762	0.07521546632051468	0.018691588193178177	0.015458561480045319	5.000001692678779e-07	0.005539216101169586	1.622538547962904e-09	0.01778506673872471	9.999999974752427e-07	0.028220541775226593	1.5000005078036338e-06	1.622538547962904e-09	9.999999974752427e-07	9.999999974752427e-07	-1.3278622645884752e-08	9.999999974752427e-07	0.16347552835941315	1.622538547962904e-09	0.14051920175552368	0.16347557306289673	0.24910277128219604	0.1923389583826065	0.011078421026468277	0.010101010091602802	0.009573204442858696	0.009177450090646744	0.1405191868543625	0.008695651777088642	1.622538547962904e-09	0.2222221940755844	0.1170303225517273	0.04181493818759918	0.011904762126505375	0.009177448228001595	0.010869565419852734	0.14051923155784607	-1.3278622645884752e-08	0.005539216101169586	0.026356399059295654	1.622538547962904e-09	5.000001692678779e-07	0.009999999776482582	0.019078684970736504	1.622538547962904e-09	0.010324249044060707	9.999999974752427e-07	9.999999974752427e-07	1.622538547962904e-09	9.999999974752427e-07	9.999999974752427e-07	1.622538547962904e-09	1.622538547962904e-09	0.01200123131275177	0.43699368834495544	0.05826278030872345	9.999999974752427e-07	0.2679571211338043	9.999999974752427e-07	0.04900255799293518	1.622538547962904e-09	0.3783048987388611	0.009493403136730194	0.06596280634403229	0.3783048987388611	1.622538547962904e-09	9.999999974752427e-07	0.01123595517128706	0.2679571509361267	-2.4010660126805305e-10	1.622538547962904e-09	-1.3278622645884752e-08	1.622538547962904e-09	1.622538547962904e-09	6.666664376098197e-07	0.25453200936317444	0.2679571509361267	0.010989011265337467	1.3333333299669903e-06	0.2075660675764084	0.049002550542354584	1.622538547962904e-09	0.005720049142837524	0.2679571509361267	1.622538547962904e-09	0.015754282474517822	0.01025690883398056	0.3783048093318939	0.016017936170101166	-2.4010660126805305e-10	0.3783048093318939	0.019911102950572968	9.999999974752427e-07	1.622538547962904e-09	0.15682576596736908	0.013005420565605164	0.11561179161071777	0.01815195381641388	6.666664376098197e-07	0.01815195381641388	0.010526316240429878	0.049002498388290405	0.06741572916507721	0.03269492834806442	0.018725471571087837	0.00909090880304575	-2.4010660126805305e-10	1.622538547962904e-09	0.00917431153357029	0.009686240926384926	0.009686239063739777	0.025567827746272087	9.999999974752427e-07	0.043478261679410934	0.01575428619980812	-2.4010660126805305e-10	0.009493403136730194	0.2075660675764084	9.999999974752427e-07	0.15682575106620789	0.20756608247756958	0.37830477952957153	0.2679571509361267	0.030948016792535782	0.025567827746272087	9.999999974752427e-07	9.999999974752427e-07	0.17497771978378296	0.009708737954497337	0.00909090880304575	0.3183199465274811	0.1568257212638855	0.0412139892578125	0.04972793906927109	0.010204081423580647	0.007700018584728241	0.19181178510189056	9.999999974752427e-07	0.011036910116672516	0.02248840034008026	0.016806723549962044	9.999999974752427e-07	0.009615384973585606	1.622538547962904e-09	1.622538547962904e-09	-2.4010660126805305e-10	1.622538547962904e-09	9.999999974752427e-07	1.622538547962904e-09	0.009803921915590763	1.622538547962904e-09	1.622538547962904e-09	1.622538547962904e-09	9.999999974752427e-07	0.3545213043689728	0.02059110254049301	0.010625112801790237	0.21123084425926208	0.02664199471473694	0.0061219222843647	9.999999974752427e-07	0.3018166422843933	0.006626579910516739	0.02059112675487995	0.3018166720867157	0.01864650845527649	-1.3278622645884752e-08	1.622538547962904e-09	0.1669045239686966	0.015181045979261398	9.999999974752427e-07	1.622538547962904e-09	1.622538547962904e-09	0.010238776914775372	1.622538547962904e-09	0.14026254415512085	0.2112308144569397	-1.3278622645884752e-08	1.622538547962904e-09	0.14026251435279846	0.024768419563770294	1.622538547962904e-09	1.622538547962904e-09	0.2112308144569397	-1.3278622645884752e-08	0.011363636702299118	6.912159733474255e-10	0.23242251574993134	-1.3278622645884752e-08	0.006100691854953766	0.29567739367485046	-1.3278622645884752e-08	-1.3278622645884752e-08	1.622538547962904e-09	0.09294700622558594	1.622538547962904e-09	0.06100180745124817	0.01366463303565979	1.622538547962904e-09	0.007563948631286621	0.011995955370366573	0.0061219483613967896	0.030612245202064514	0.00662657618522644	9.073119144886732e-09	-2.4010660126805305e-10	-1.3278622645884752e-08	-1.3278622645884752e-08	-1.3278622645884752e-08	9.999999974752427e-07	0.027936100959777832	0.010625114664435387	0.027522936463356018	0.007871739566326141	9.999999974752427e-07	1.622538547962904e-09	0.006626579910516739	0.14026251435279846	0.010101010091602802	0.09294699132442474	0.14026251435279846	0.29567742347717285	0.21123076975345612	-1.3278622645884752e-08	0.013964534737169743	0.011995954439043999	0.0061219483613967896	0.10661163181066513	1.622538547962904e-09	0.02664199471473694	0.2191026210784912	0.061001840978860855	1.622538547962904e-09	0.013319892808794975	0.0061219483613967896	1.622538547962904e-09	0.10661161690950394	9.999999974752427e-07	-1.3278622645884752e-08	1.622538547962904e-09	1.622538547962904e-09	-2.4010660126805305e-10	1.622538547962904e-09	9.999999974752427e-07	1.622538547962904e-09	0.015181045979261398	1.622538547962904e-09	6.912159733474255e-10	0.010238775983452797	0.007871739566326141	0.006139293313026428	1.622538547962904e-09	1.622538547962904e-09	1.622538547962904e-09	0.36081427335739136	0.07295437157154083	0.008505983278155327	0.2816368341445923	0.009365733712911606	0.026101619005203247	-1.3278622645884752e-08	0.3097529113292694	8.000001798791345e-07	0.07295437157154083	0.3097529113292694	-1.3278622645884752e-08	2.255546860396862e-10	-5.828042048960924e-09	0.22092559933662415	0.024959877133369446	-1.3278622645884752e-08	1.622538547962904e-09	1.622538547962904e-09	-1.3278622645884752e-08	9.999999974752427e-07	0.21155986189842224	0.22092559933662415	2.255546860396862e-10	0.00917431153357029	0.1840570569038391	0.026101604104042053	1.622538547962904e-09	-5.828042048960924e-09	0.22092559933662415	1.622538547962904e-09	-1.3278622645884752e-08	0.008564604446291924	0.2986621558666229	1.622538547962904e-09	9.999999974752427e-07	0.2986621558666229	2.255546860396862e-10	2.255546860396862e-10	1.622538547962904e-09	0.1273503601551056	-5.828042048960924e-09	0.08163265138864517	0.01516491174697876	0.008196720853447914	9.999999974752427e-07	-2.4010660126805305e-10	0.026101619005203247	0.07547169923782349	1.3999997463542968e-06	0.015599869191646576	0.01042632944881916	0.009330726228654385	0.018172089010477066	1.622538547962904e-09	1.622538547962904e-09	0.024959877133369446	0.028257330879569054	9.999999974752427e-07	0.008460652083158493	-1.3278622645884752e-08	9.999999974752427e-07	8.000001798791345e-07	0.14251525700092316	0.009365729987621307	0.1273503601551056	0.14251527190208435	0.2986621558666229	0.2816368341445923	0.00933072715997696	0.05747126415371895	-2.4010660126805305e-10	9.999999974752427e-07	0.14251521229743958	6.000000212225132e-07	0.009365737438201904	0.29009753465652466	0.1273503601551056	0.04308460280299187	-2.4010660126805305e-10	0.009282229468226433	1.622538547962904e-09	0.14251525700092316	9.999999974752427e-07	2.255546860396862e-10	0.02748475968837738	0.017241379246115685	0.009325018152594566	-5.828042048960924e-09	-1.3278622645884752e-08	0.015599831938743591	0.02495986968278885	-2.4010660126805305e-10	9.999999974752427e-07	-1.3278622645884752e-08	0.008460652083158493	0.011090751737356186	1.622538547962904e-09	-5.828042048960924e-09	0.016819393262267113
51	-15547.466796875	-1	9	57	76	75	26	89	10	62	48	0	26	84	41	29	91	66	5	0	11	24	14	68	37	85	21	0	0	50	22	3	66	33	67	21	43	7	69	12	0	65	50	77	73	24	43	79	5	42	1	78	57	69	21	34	56	0	70	42	76	31	43	49	25	4	73	63	36	3	21	1	46	80	82	49	14	33	40	77	33	47	9	66	48	69	78	85	57	13	11	50	56	7	32	19	59	7	0	51	47	0.5437127947807312	0.08644906431436539	0.010285336524248123	0.4145510792732239	0.012830331921577454	0.010498285293579102	0.010526316240429878	0.4251323938369751	9.999999974752427e-07	0.08644905686378479	0.44155386090278625	0.06554710865020752	9.999999974752427e-07	9.999999974752427e-07	0.4095746874809265	9.999999974752427e-07	0.005317971110343933	1.622538547962904e-09	1.622538547962904e-09	9.999999974752427e-07	0.02298850566148758	0.39674437046051025	0.4095746576786041	9.999999974752427e-07	0.03314200043678284	0.2897196114063263	0.07604538649320602	1.622538547962904e-09	9.999999974752427e-07	0.4095746576786041	0.0049764662981033325	1.622538547962904e-09	1.622538547962904e-09	0.4145510196685791	0.03333333507180214	-1.3278622645884752e-08	0.42513248324394226	9.999999974752427e-07	9.999999974752427e-07	1.622538547962904e-09	0.22580645978450775	0.012048192322254181	0.1361638456583023	-1.3278622645884752e-08	9.999999974752427e-07	-1.3278622645884752e-08	1.622538547962904e-09	0.010498279705643654	0.1361638605594635	0.030567780137062073	0.02411612868309021	1.622538547962904e-09	0.008196720853447914	0.010869565419852734	9.999999974752427e-07	0.010526316240429878	0.026113219559192657	0.019338728860020638	-2.4010660126805305e-10	-1.3278622645884752e-08	1.622538547962904e-09	-1.3278622645884752e-08	0.030567795038223267	0.2705919146537781	9.999999974752427e-07	0.26527389883995056	0.2705919146537781	0.4251324534416199	0.40957462787628174	0.030927833169698715	0.05588129162788391	1.622538547962904e-09	0.010498277842998505	0.2652738690376282	-1.3278622645884752e-08	0.012830331921577454	0.4145510792732239	0.22250455617904663	0.08634074777364731	1.622538547962904e-09	0.010498279705643654	1.622538547962904e-09	0.26527389883995056	0.036036036908626556	0.009900989942252636	0.062224678695201874	0.029082641005516052	0.009053405374288559	9.999999974752427e-07	0.012195121496915817	9.999999974752427e-07	0.008547008968889713	-1.3278622645884752e-08	1.622538547962904e-09	9.999999974752427e-07	-1.3278622645884752e-08	-1.3278622645884752e-08	1.622538547962904e-09	1.622538547962904e-09	1.622538547962904e-09	0.42310068011283875	0.044965583831071854	0.01040586270391941	0.2722354233264923	0.010044899769127369	0.021052632480859756	9.999999974752427e-07	0.31625205278396606	0.018691588193178177	0.05226296931505203	0.31625208258628845	0.01785714365541935	0.010989011265337467	1.622538547962904e-09	0.2722354829311371	9.999999974752427e-07	1.622538547962904e-09	0.019417475908994675	1.622538547962904e-09	9.999999974752427e-07	6.666664376098197e-07	0.2291666716337204	0.2722355127334595	9.999999974752427e-07	1.3333333299669903e-06	0.18190434575080872	0.09699182957410812	1.622538547962904e-09	0.007851257920265198	0.2722354829311371	1.622538547962904e-09	1.622538547962904e-09	0.010638297535479069	0.31625205278396606	9.999999974752427e-07	-7.275957614183426e-12	0.31625205278396606	0.010526316240429878	0.009009009227156639	1.622538547962904e-09	0.10256189852952957	1.622538547962904e-09	0.06065705418586731	0.008510754443705082	6.666664376098197e-07	-7.275957614183426e-12	9.999999974752427e-07	1.3999997463542968e-06	0.05226297676563263	0.034559715539216995	0.022432170808315277	2.255546860396862e-10	9.999999974752427e-07	9.999999974752427e-07	9.999999974752427e-07	0.008264463394880295	0.009856697171926498	0.01040586456656456	0.008394081145524979	1.622538547962904e-09	1.622538547962904e-09	0.008510754443705082	0.034559715539216995	0.18190431594848633	0.010044899769127369	0.11764705926179886	0.18190433084964752	0.31625205278396606	0.2722354531288147	0.042105261236429214	0.01040586456656456	9.999999974752427e-07	8.000001798791345e-07	0.18190434575080872	1.622538547962904e-09	0.010044898837804794	0.2722353935241699	0.10256186127662659	0.04190482199192047	9.999999974752427e-07	8.000001798791345e-07	0.00729738175868988	0.18190433084964752	1.622538547962904e-09	0.016949152573943138	0.01947261206805706	9.999999974752427e-07	2.255546860396862e-10	1.622538547962904e-09	0.011627906933426857	0.014580927789211273	9.999999974752427e-07	1.622538547962904e-09	9.999999974752427e-07	9.999999974752427e-07	1.622538547962904e-09	1.622538547962904e-09	1.622538547962904e-09	2.255546860396862e-10	6.000000212225132e-07	0.4494662880897522	0.08000115305185318	9.999999974752427e-07	0.3330483138561249	-1.3278622645884752e-08	0.03483249247074127	9.999999974752427e-07	0.386263370513916	0.009220771491527557	0.08756303787231445	0.38626334071159363	0.013322077691555023	-1.3278622645884752e-08	9.999999974752427e-07	0.2947915494441986	9.999999974752427e-07	0.029411764815449715	9.999999974752427e-07	-1.3278622645884752e-08	0.008118398487567902	0.010526316240429878	0.2947915494441986	0.2947915196418762	-1.3278622645884752e-08	0.01075268816202879	0.2947915196418762	0.04815460741519928	-1.3278622645884752e-08	0.02777777798473835	0.2947915494441986	0.019186578691005707	9.999999974752427e-07	0.008000463247299194	0.38626325130462646	-1.3278622645884752e-08	1.622538547962904e-09	0.38626331090927124	-1.3278622645884752e-08	-1.3278622645884752e-08	-1.3278622645884752e-08	0.1528805047273636	9.999999974752427e-07	0.08756301552057266	0.009048528037965298	9.999999974752427e-07	1.622538547962904e-09	0.009130984544754028	0.02860131859779358	0.08756303787231445	0.009220770560204983	0.04123711213469505	9.999999974752427e-07	-1.3278622645884752e-08	-1.3278622645884752e-08	-1.3278622645884752e-08	0.008003763854503632	0.015048369765281677	0.029999999329447746	1.622538547962904e-09	0.00909090880304575	9.999999974752427e-07	0.009048528969287872	0.009220771491527557	0.2947915196418762	-1.3278622645884752e-08	0.15288051962852478	0.2499999850988388	0.38626334071159363	0.31386175751686096	-1.3278622645884752e-08	0.032608695328235626	0.009130991995334625	9.999999974752427e-07	0.16192904114723206	-2.4010660126805305e-10	-1.3278622645884752e-08	0.36913180351257324	0.1528804898262024	0.06531748175621033	0.009130977094173431	0.028601333498954773	0.00756189227104187	0.16814157366752625	1.622538547962904e-09	-1.3278622645884752e-08	0.021052632480859756	0.009900989942252636	0.027272727340459824	9.999999974752427e-07	0.005203664302825928	0.008620689623057842	0.007044591009616852	-1.3278622645884752e-08	0.008000463247299194	0.008118398487567902	9.999999974752427e-07	-1.3278622645884752e-08	-1.3278622645884752e-08	9.999999974752427e-07	1.622538547962904e-09	0.4417252242565155	0.024390242993831635	9.999999974752427e-07	0.30527326464653015	0.010416666977107525	0.014637134969234467	9.999999974752427e-07	0.3760969042778015	9.999999974752427e-07	0.04878048598766327	0.3760969042778015	0.05099133402109146	9.999999974752427e-07	0.008882244117558002	0.30527329444885254	1.622538547962904e-09	1.622538547962904e-09	1.622538547962904e-09	1.622538547962904e-09	0.030414395034313202	0.012048192322254181	0.29318323731422424	0.30527329444885254	9.999999974752427e-07	0.017391303554177284	0.2670987844467163	0.06562843918800354	1.622538547962904e-09	0.010416666977107525	0.30527329444885254	1.622538547962904e-09	1.622538547962904e-09	1.622538547962904e-09	0.30527329444885254	1.622538547962904e-09	0.010526316240429878	0.3760969042778015	9.999999974752427e-07	9.999999974752427e-07	1.622538547962904e-09	0.14387741684913635	0.025641024112701416	0.07431011646986008	0.032608695328235626	9.999999974752427e-07	0.009615384973585606	1.622538547962904e-09	0.014637134969234467	0.07431010156869888	0.010309278033673763	0.04452749714255333	0.009433962404727936	9.999999974752427e-07	1.622538547962904e-09	1.622538547962904e-09	1.622538547962904e-09	1.622538547962904e-09	0.009569531306624413	1.622538547962904e-09	1.622538547962904e-09	1.622538547962904e-09	0.01123595517128706	9.999999974752427e-07	0.20471768081188202	9.999999974752427e-07	0.14387744665145874	0.2047176957130432	0.3052733242511749	0.30527329444885254	0.026084452867507935	0.009569531306624413	1.622538547962904e-09	0.010101010091602802	0.204717755317688	0.010204081423580647	0.010989011265337467	0.30527329444885254	0.14387741684913635	0.06956726312637329	1.622538547962904e-09	0.01463712751865387	9.999999974752427e-07	0.20471777021884918	0.009803921915590763	9.999999974752427e-07	0.02503982186317444	9.999999974752427e-07	9.999999974752427e-07	0.008882243186235428	0.020576931536197662	9.999999974752427e-07	1.622538547962904e-09	1.622538547962904e-09	1.622538547962904e-09	9.999999974752427e-07	1.622538547962904e-09	1.622538547962904e-09	1.622538547962904e-09	9.999999974752427e-07	1.622538547962904e-09	0.3537144362926483	0.026411600410938263	3.333334461785853e-07	0.20192477107048035	1.622538547962904e-09	0.027027027681469917	-7.275957614183426e-12	0.28152182698249817	1.622538547962904e-09	0.026411622762680054	0.2815217971801758	0.010256588459014893	9.999999974752427e-07	1.622538547962904e-09	0.20192477107048035	9.999999974752427e-07	1.622538547962904e-09	9.999999974752427e-07	1.622538547962904e-09	0.010256589390337467	1.622538547962904e-09	0.20192474126815796	0.20192478597164154	1.622538547962904e-09	1.622538547962904e-09	0.16246558725833893	0.05873368680477142	1.622538547962904e-09	0.027633339166641235	0.20192477107048035	-1.3278622645884752e-08	1.622538547962904e-09	-1.3278622645884752e-08	0.20192483067512512	0.008206691592931747	9.999999974752427e-07	0.2740027904510498	1.622538547962904e-09	9.999999974752427e-07	1.622538547962904e-09	0.05703481286764145	1.622538547962904e-09	0.02641153335571289	0.03179077059030533	1.622538547962904e-09	9.999999974752427e-07	-1.3278622645884752e-08	0.009401541203260422	0.026411622762680054	0.009916093200445175	0.027633339166641235	6.666664376098197e-07	1.622538547962904e-09	0.013445600867271423	0.008206691592931747	9.999999974752427e-07	0.013458997011184692	1.3333333299669903e-06	-1.3278622645884752e-08	-1.3278622645884752e-08	1.622538547962904e-09	9.999999974752427e-07	1.622538547962904e-09	0.16246557235717773	1.622538547962904e-09	0.05703481659293175	0.10570608824491501	0.2626262605190277	0.20192477107048035	0.01780684106051922	1.3333333299669903e-06	-1.3278622645884752e-08	9.999999974752427e-07	0.08882559835910797	0.009916089475154877	1.622538547962904e-09	0.20192478597164154	0.05404491350054741	0.027633339166641235	-1.3278622645884752e-08	0.009401543065905571	1.622538547962904e-09	0.1057060956954956	-1.3278622645884752e-08	0.017806850373744965	1.622538547962904e-09	1.622538547962904e-09	3.333334461785853e-07	1.622538547962904e-09	-7.275957614183426e-12	1.622538547962904e-09	9.999999974752427e-07	1.622538547962904e-09	-1.3278622645884752e-08	9.999999974752427e-07	-1.3278622645884752e-08	0.007519088685512543	1.622538547962904e-09	6.666664376098197e-07	2.255546860396862e-10	0.5330701470375061	0.005072489380836487	4.2857209336943924e-07	0.3791336119174957	0.015137098729610443	0.04571789503097534	9.999999974752427e-07	0.47317150235176086	1.622538547962904e-09	0.08930285274982452	0.47317150235176086	0.014180606231093407	0.010177051648497581	9.999999974752427e-07	0.283880352973938	-1.3278622645884752e-08	1.622538547962904e-09	0.009429067373275757	-1.3278622645884752e-08	0.007485583424568176	9.999999974752427e-07	0.2687433063983917	0.3461630940437317	0.011049933731555939	0.012431889772415161	0.21618443727493286	0.059898555278778076	-1.3278622645884752e-08	1.622538547962904e-09	0.2838802933692932	0.030927835032343864	0.04472166299819946	-1.3278622645884752e-08	0.39345017075538635	1.622538547962904e-09	-1.3278622645884752e-08	0.39345014095306396	0.011049933731555939	0.010177051648497581	-1.3278622645884752e-08	0.16346153616905212	0.04000958055257797	0.08930287510156631	-1.3278622645884752e-08	0.010416666977107525	-1.3278622645884752e-08	0.014316469430923462	0.036288827657699585	0.08930285274982452	1.622538547962904e-09	0.0478060245513916	7.142857612052467e-07	0.028037382289767265	1.622538547962904e-09	1.622538547962904e-09	-1.3278622645884752e-08	-1.3278622645884752e-08	1.5714285837020725e-06	1.622538547962904e-09	-1.3278622645884752e-08	9.999999974752427e-07	-1.3278622645884752e-08	1.622538547962904e-09	0.21618443727493286	0.015137098729610443	0.171462744474411	0.21618443727493286	0.39345014095306396	0.3461630940437317	0.05255882441997528	0.005072489380836487	9.999999974752427e-07	0.02286946028470993	0.1714627593755722	1.622538547962904e-09	0.01513710618019104	0.37913358211517334	0.1495407670736313	0.06023794412612915	0.014316461980342865	0.02286946028470993	0.008695651777088642	0.1714627593755722	1.622538547962904e-09	0.010177051648497581	0.012431896291673183	1.622538547962904e-09	4.2857209336943924e-07	9.999999974752427e-07	0.0066950395703315735	0.007796458899974823	-1.3278622645884752e-08	0.030927835032343864	-1.3278622645884752e-08	0.007485583424568176	-1.3278622645884752e-08	0.02777777798473835	-1.3278622645884752e-08	7.142857612052467e-07	0.008695651777088642	0.3669218420982361	0.04854368790984154	4.2857209336943924e-07	0.19233903288841248	1.622538547962904e-09	0.021178677678108215	0.01907866820693016	0.26595741510391235	9.999999974752427e-07	0.0752153992652893	0.2984440326690674	0.01907867193222046	9.999999974752427e-07	0.010416666977107525	0.19233903288841248	0.010324249044060707	0.007624365389347076	1.622538547962904e-09	1.622538547962904e-09	1.622538547962904e-09	9.999999974752427e-07	0.19233901798725128	0.19233904778957367	1.622538547962904e-09	0.026356376707553864	0.16347560286521912	0.04025731980800629	1.622538547962904e-09	1.622538547962904e-09	0.19233901798725128	1.622538547962904e-09	0.015332028269767761	0.0117647061124444	0.24910278618335724	0.01778506115078926	-1.3278622645884752e-08	0.24910277128219604	1.622538547962904e-09	9.999999974752427e-07	1.622538547962904e-09	0.1170303225517273	0.015458554029464722	0.0752154290676117	-1.3278622645884752e-08	0.00909090880304575	-1.3278622645884752e-08	0.009573204442858696	0.02117867022752762	0.0752154216170311	0.018691588193178177	0.015458546578884125	7.142857612052467e-07	0.005539216101169586	1.622538547962904e-09	0.01778506115078926	9.999999974752427e-07	0.02822047472000122	1.5714285837020725e-06	1.622538547962904e-09	9.999999974752427e-07	9.999999974752427e-07	-1.3278622645884752e-08	9.999999974752427e-07	0.16347560286521912	1.622538547962904e-09	0.14051920175552368	0.16347560286521912	0.24910280108451843	0.19233901798725128	0.011078406125307083	0.010101010091602802	0.009573204442858696	0.009177442640066147	0.14051921665668488	0.008695651777088642	1.622538547962904e-09	0.2222222089767456	0.11703035235404968	0.04181492328643799	0.011904762126505375	0.009177440777420998	0.010869565419852734	0.14051920175552368	-1.3278622645884752e-08	0.005539216101169586	0.026356376707553864	1.622538547962904e-09	4.2857209336943924e-07	0.009999999776482582	0.01907867006957531	1.622538547962904e-09	0.010324249044060707	9.999999974752427e-07	9.999999974752427e-07	1.622538547962904e-09	9.999999974752427e-07	9.999999974752427e-07	1.622538547962904e-09	7.142857612052467e-07	0.012001216411590576	0.43699371814727783	0.05826278030872345	9.999999974752427e-07	0.2679571807384491	9.999999974752427e-07	0.04900254309177399	1.622538547962904e-09	0.3783048689365387	0.009493403136730194	0.06596280634403229	0.3783048391342163	1.622538547962904e-09	9.999999974752427e-07	0.01123595517128706	0.2679571509361267	-2.4010660126805305e-10	1.622538547962904e-09	-1.3278622645884752e-08	1.622538547962904e-09	1.622538547962904e-09	6.666664376098197e-07	0.2545320391654968	0.2679571509361267	0.010989011265337467	1.3333333299669903e-06	0.20756608247756958	0.04900255426764488	1.622538547962904e-09	0.005720056593418121	0.2679571509361267	1.622538547962904e-09	0.01575428992509842	0.010256931185722351	0.3783048391342163	0.01601792871952057	-2.4010660126805305e-10	0.3783048689365387	0.019911106675863266	9.999999974752427e-07	1.622538547962904e-09	0.1568257212638855	0.013005435466766357	0.11561180651187897	0.01815195381641388	6.666664376098197e-07	0.01815195381641388	0.010526316240429878	0.04900252819061279	0.06741572916507721	0.03269492834806442	0.018725495785474777	0.00909090880304575	-2.4010660126805305e-10	1.622538547962904e-09	0.00917431153357029	0.009686267003417015	0.009686268866062164	0.025567827746272087	9.999999974752427e-07	0.043478261679410934	0.01575428992509842	-2.4010660126805305e-10	0.009493403136730194	0.20756609737873077	9.999999974752427e-07	0.15682576596736908	0.20756609737873077	0.3783048689365387	0.2679571211338043	0.030948013067245483	0.025567827746272087	9.999999974752427e-07	9.999999974752427e-07	0.17497771978378296	0.009708737954497337	0.00909090880304575	0.31832000613212585	0.1568257361650467	0.04121395945549011	0.04972795397043228	0.010204081423580647	0.007700018584728241	0.19181180000305176	9.999999974752427e-07	0.011036910116672516	0.022488445043563843	0.016806723549962044	9.999999974752427e-07	0.009615384973585606	1.622538547962904e-09	1.622538547962904e-09	-2.4010660126805305e-10	1.622538547962904e-09	9.999999974752427e-07	1.622538547962904e-09	0.009803921915590763	1.622538547962904e-09	1.622538547962904e-09	9.999999974752427e-07	9.999999974752427e-07	0.3545213043689728	0.02059110254049301	0.010625113733112812	0.21123084425926208	0.02664199471473694	0.0061219222843647	9.999999974752427e-07	0.3018166422843933	0.006626579910516739	0.02059112675487995	0.3018166720867157	0.01864650845527649	-1.3278622645884752e-08	1.622538547962904e-09	0.1669045239686966	0.015181045979261398	9.999999974752427e-07	1.622538547962904e-09	1.622538547962904e-09	0.010238776914775372	1.622538547962904e-09	0.14026254415512085	0.2112308144569397	-1.3278622645884752e-08	1.622538547962904e-09	0.14026251435279846	0.024768419563770294	1.622538547962904e-09	1.622538547962904e-09	0.2112308144569397	-1.3278622645884752e-08	0.011363636702299118	6.912159733474255e-10	0.23242251574993134	-1.3278622645884752e-08	0.006100691854953766	0.29567739367485046	-1.3278622645884752e-08	-1.3278622645884752e-08	1.622538547962904e-09	0.09294700622558594	1.622538547962904e-09	0.06100180745124817	0.01366463303565979	1.622538547962904e-09	0.007563948631286621	0.011995955370366573	0.0061219483613967896	0.030612245202064514	0.00662657618522644	9.073119144886732e-09	-2.4010660126805305e-10	-1.3278622645884752e-08	-1.3278622645884752e-08	-1.3278622645884752e-08	9.999999974752427e-07	0.027936100959777832	0.010625113733112812	0.027522936463356018	0.007871739566326141	9.999999974752427e-07	1.622538547962904e-09	0.006626579910516739	0.14026251435279846	0.010101010091602802	0.09294699132442474	0.14026251435279846	0.29567742347717285	0.21123076975345612	-1.3278622645884752e-08	0.013964534737169743	0.011995954439043999	0.0061219483613967896	0.10661163181066513	1.622538547962904e-09	0.02664199471473694	0.2191026210784912	0.061001840978860855	1.622538547962904e-09	0.013319892808794975	0.0061219483613967896	1.622538547962904e-09	0.10661161690950394	9.999999974752427e-07	-1.3278622645884752e-08	1.622538547962904e-09	1.622538547962904e-09	-2.4010660126805305e-10	1.622538547962904e-09	9.999999974752427e-07	1.622538547962904e-09	0.015181045979261398	1.622538547962904e-09	6.912159733474255e-10	0.010238775983452797	0.007871739566326141	0.006139293313026428	1.622538547962904e-09	-2.4010660126805305e-10	1.622538547962904e-09	0.36081427335739136	0.07295437157154083	0.008505983278155327	0.2816368341445923	0.009365733712911606	0.026101619005203247	-1.3278622645884752e-08	0.3097529113292694	8.000001798791345e-07	0.07295437157154083	0.3097529113292694	-1.3278622645884752e-08	2.255546860396862e-10	-5.828042048960924e-09	0.22092559933662415	0.024959877133369446	-1.3278622645884752e-08	1.622538547962904e-09	1.622538547962904e-09	-1.3278622645884752e-08	9.999999974752427e-07	0.21155986189842224	0.22092559933662415	2.255546860396862e-10	0.00917431153357029	0.1840570569038391	0.026101604104042053	1.622538547962904e-09	-5.828042048960924e-09	0.22092559933662415	1.622538547962904e-09	-1.3278622645884752e-08	0.008564604446291924	0.2986621558666229	1.622538547962904e-09	9.999999974752427e-07	0.2986621558666229	2.255546860396862e-10	2.255546860396862e-10	1.622538547962904e-09	0.1273503601551056	-5.828042048960924e-09	0.08163265138864517	0.01516491174697876	0.008196720853447914	9.999999974752427e-07	-2.4010660126805305e-10	0.026101619005203247	0.07547169923782349	1.3999997463542968e-06	0.015599853359162807	0.01042632944881916	0.009330726228654385	0.018172089010477066	1.622538547962904e-09	1.622538547962904e-09	0.024959877133369446	0.028257330879569054	9.999999974752427e-07	0.008460652083158493	-1.3278622645884752e-08	9.999999974752427e-07	8.000001798791345e-07	0.14251525700092316	0.009365729987621307	0.1273503601551056	0.14251527190208435	0.2986621558666229	0.2816368341445923	0.00933072715997696	0.05747126415371895	-2.4010660126805305e-10	9.999999974752427e-07	0.14251521229743958	6.000000212225132e-07	0.009365737438201904	0.29009753465652466	0.1273503601551056	0.04308461770415306	-2.4010660126805305e-10	0.009282229468226433	1.622538547962904e-09	0.14251525700092316	9.999999974752427e-07	2.255546860396862e-10	0.027484744787216187	0.017241379246115685	0.009325018152594566	-5.828042048960924e-09	-1.3278622645884752e-08	0.015599831938743591	0.02495986968278885	-2.4010660126805305e-10	9.999999974752427e-07	-1.3278622645884752e-08	0.008460652083158493	0.011090751737356186	1.622538547962904e-09	9.999999974752427e-07	0.016819393262267113
52	-15547.466796875	-1	9	57	76	75	26	89	10	62	48	0	26	84	41	29	91	66	5	0	11	24	14	68	37	85	21	0	0	50	22	3	66	33	67	21	43	7	69	12	0	65	50	77	73	24	43	79	5	42	1	78	57	69	21	34	56	0	70	42	76	31	43	49	25	4	73	63	36	3	21	1	46	80	82	49	14	33	40	77	33	47	9	66	48	69	78	85	57	13	11	50	56	7	32	19	59	7	0	52	47	0.5437127947807312	0.08644906431436539	0.010285336524248123	0.4145510792732239	0.012830331921577454	0.010498285293579102	0.010526316240429878	0.4251323938369751	9.999999974752427e-07	0.08644905686378479	0.44155386090278625	0.06554710865020752	9.999999974752427e-07	9.999999974752427e-07	0.4095746874809265	9.999999974752427e-07	0.005317971110343933	1.622538547962904e-09	1.622538547962904e-09	9.999999974752427e-07	0.02298850566148758	0.39674437046051025	0.4095746576786041	9.999999974752427e-07	0.03314200043678284	0.2897196114063263	0.07604538649320602	1.622538547962904e-09	9.999999974752427e-07	0.4095746576786041	0.0049764662981033325	1.622538547962904e-09	1.622538547962904e-09	0.4145510196685791	0.03333333507180214	-1.3278622645884752e-08	0.42513248324394226	9.999999974752427e-07	9.999999974752427e-07	1.622538547962904e-09	0.22580645978450775	0.012048192322254181	0.1361638456583023	-1.3278622645884752e-08	9.999999974752427e-07	-1.3278622645884752e-08	1.622538547962904e-09	0.010498279705643654	0.1361638605594635	0.030567780137062073	0.02411612868309021	1.622538547962904e-09	0.008196720853447914	0.010869565419852734	9.999999974752427e-07	0.010526316240429878	0.026113219559192657	0.019338728860020638	-2.4010660126805305e-10	-1.3278622645884752e-08	1.622538547962904e-09	-1.3278622645884752e-08	0.030567795038223267	0.2705919146537781	9.999999974752427e-07	0.26527389883995056	0.2705919146537781	0.4251324534416199	0.40957462787628174	0.030927833169698715	0.05588129162788391	1.622538547962904e-09	0.010498277842998505	0.2652738690376282	-1.3278622645884752e-08	0.012830331921577454	0.4145510792732239	0.22250455617904663	0.08634074777364731	1.622538547962904e-09	0.010498279705643654	1.622538547962904e-09	0.26527389883995056	0.036036036908626556	0.009900989942252636	0.062224678695201874	0.029082641005516052	0.009053405374288559	9.999999974752427e-07	0.012195121496915817	9.999999974752427e-07	0.008547008968889713	-1.3278622645884752e-08	1.622538547962904e-09	9.999999974752427e-07	-1.3278622645884752e-08	-1.3278622645884752e-08	1.622538547962904e-09	9.999999974752427e-07	1.622538547962904e-09	0.4231007397174835	0.04496558755636215	0.010405869223177433	0.2722354531288147	0.010044899769127369	0.021052632480859756	9.999999974752427e-07	0.31625208258628845	0.018691588193178177	0.05226296931505203	0.31625211238861084	0.01785714365541935	0.010989011265337467	1.622538547962904e-09	0.2722354531288147	9.999999974752427e-07	1.622538547962904e-09	0.019417475908994675	1.622538547962904e-09	9.999999974752427e-07	6.666664376098197e-07	0.2291666716337204	0.2722354531288147	9.999999974752427e-07	1.3333333299669903e-06	0.1819043606519699	0.09699182957410812	1.622538547962904e-09	0.0078512541949749	0.2722354531288147	1.622538547962904e-09	1.622538547962904e-09	0.010638297535479069	0.31625205278396606	9.999999974752427e-07	-7.275957614183426e-12	0.31625205278396606	0.010526316240429878	0.009009009227156639	1.622538547962904e-09	0.10256187617778778	1.622538547962904e-09	0.0606570690870285	0.008510754443705082	6.666664376098197e-07	-7.275957614183426e-12	9.999999974752427e-07	1.3999997463542968e-06	0.05226297304034233	0.034559715539216995	0.022432174533605576	2.255546860396862e-10	9.999999974752427e-07	9.999999974752427e-07	9.999999974752427e-07	0.008264463394880295	0.009856700897216797	0.010405868291854858	0.008394084870815277	1.622538547962904e-09	1.622538547962904e-09	0.008510754443705082	0.034559715539216995	0.18190431594848633	0.010044899769127369	0.11764705926179886	0.18190434575080872	0.31625205278396606	0.2722354531288147	0.042105261236429214	0.010405870154500008	9.999999974752427e-07	8.000001798791345e-07	0.18190434575080872	1.622538547962904e-09	0.010044898837804794	0.2722354531288147	0.10256189107894897	0.04190482199192047	9.999999974752427e-07	8.000001798791345e-07	0.00729738175868988	0.18190434575080872	1.622538547962904e-09	0.016949152573943138	0.01947261206805706	9.999999974752427e-07	2.255546860396862e-10	1.622538547962904e-09	0.011627906933426857	0.014580924063920975	9.999999974752427e-07	1.622538547962904e-09	9.999999974752427e-07	9.999999974752427e-07	1.622538547962904e-09	1.622538547962904e-09	1.622538547962904e-09	9.999999974752427e-07	6.000000212225132e-07	0.4494662880897522	0.08000115305185318	9.999999974752427e-07	0.3330483138561249	-1.3278622645884752e-08	0.03483249247074127	9.999999974752427e-07	0.386263370513916	0.009220771491527557	0.08756303787231445	0.38626334071159363	0.013322077691555023	-1.3278622645884752e-08	9.999999974752427e-07	0.2947915494441986	9.999999974752427e-07	0.029411764815449715	9.999999974752427e-07	-1.3278622645884752e-08	0.008118398487567902	0.010526316240429878	0.2947915494441986	0.2947915494441986	-1.3278622645884752e-08	0.01075268816202879	0.2947915196418762	0.04815460741519928	-1.3278622645884752e-08	0.02777777798473835	0.2947915494441986	0.019186578691005707	9.999999974752427e-07	0.008000463247299194	0.38626325130462646	-1.3278622645884752e-08	1.622538547962904e-09	0.38626331090927124	-1.3278622645884752e-08	-1.3278622645884752e-08	-1.3278622645884752e-08	0.1528805047273636	9.999999974752427e-07	0.08756301552057266	0.009048528037965298	9.999999974752427e-07	1.622538547962904e-09	0.009130984544754028	0.02860131859779358	0.08756303787231445	0.009220770560204983	0.04123711213469505	9.999999974752427e-07	-1.3278622645884752e-08	-1.3278622645884752e-08	-1.3278622645884752e-08	0.008003763854503632	0.015048369765281677	0.029999999329447746	1.622538547962904e-09	0.00909090880304575	9.999999974752427e-07	0.009048528969287872	0.009220771491527557	0.2947915196418762	-1.3278622645884752e-08	0.15288051962852478	0.2499999850988388	0.38626334071159363	0.31386175751686096	-1.3278622645884752e-08	0.032608695328235626	0.009130991995334625	9.999999974752427e-07	0.16192904114723206	-2.4010660126805305e-10	-1.3278622645884752e-08	0.36913180351257324	0.1528804898262024	0.06531748175621033	0.009130977094173431	0.028601333498954773	0.00756189227104187	0.16814157366752625	1.622538547962904e-09	-1.3278622645884752e-08	0.021052632480859756	0.009900989942252636	0.027272727340459824	9.999999974752427e-07	0.005203664302825928	0.008620689623057842	0.007044591009616852	-1.3278622645884752e-08	0.008000463247299194	0.008118398487567902	9.999999974752427e-07	-1.3278622645884752e-08	-1.3278622645884752e-08	-1.3278622645884752e-08	1.622538547962904e-09	0.4417252242565155	0.024390242993831635	9.999999974752427e-07	0.30527326464653015	0.010416666977107525	0.014637134969234467	9.999999974752427e-07	0.3760969042778015	9.999999974752427e-07	0.04878048598766327	0.3760969042778015	0.05099133402109146	9.999999974752427e-07	0.008882244117558002	0.30527329444885254	1.622538547962904e-09	1.622538547962904e-09	1.622538547962904e-09	1.622538547962904e-09	0.030414395034313202	0.012048192322254181	0.29318323731422424	0.30527329444885254	9.999999974752427e-07	0.017391303554177284	0.2670987844467163	0.06562843918800354	1.622538547962904e-09	0.010416666977107525	0.30527329444885254	1.622538547962904e-09	1.622538547962904e-09	1.622538547962904e-09	0.30527329444885254	1.622538547962904e-09	0.010526316240429878	0.3760969042778015	9.999999974752427e-07	9.999999974752427e-07	1.622538547962904e-09	0.14387741684913635	0.025641024112701416	0.07431011646986008	0.032608695328235626	9.999999974752427e-07	0.009615384973585606	1.622538547962904e-09	0.014637134969234467	0.07431010156869888	0.010309278033673763	0.04452749714255333	0.009433962404727936	9.999999974752427e-07	1.622538547962904e-09	1.622538547962904e-09	1.622538547962904e-09	1.622538547962904e-09	0.009569531306624413	1.622538547962904e-09	1.622538547962904e-09	1.622538547962904e-09	0.01123595517128706	9.999999974752427e-07	0.20471768081188202	9.999999974752427e-07	0.14387744665145874	0.2047176957130432	0.3052733242511749	0.30527329444885254	0.026084452867507935	0.009569531306624413	1.622538547962904e-09	0.010101010091602802	0.204717755317688	0.010204081423580647	0.010989011265337467	0.30527329444885254	0.14387741684913635	0.06956726312637329	1.622538547962904e-09	0.01463712751865387	9.999999974752427e-07	0.20471777021884918	0.009803921915590763	9.999999974752427e-07	0.02503982186317444	9.999999974752427e-07	9.999999974752427e-07	0.008882243186235428	0.020576931536197662	9.999999974752427e-07	1.622538547962904e-09	1.622538547962904e-09	1.622538547962904e-09	9.999999974752427e-07	1.622538547962904e-09	1.622538547962904e-09	1.622538547962904e-09	9.999999974752427e-07	1.622538547962904e-09	0.35371437668800354	0.026411600410938263	4.2857209336943924e-07	0.20192475616931915	1.622538547962904e-09	0.027027027681469917	-7.275957614183426e-12	0.2815217971801758	1.622538547962904e-09	0.026411622762680054	0.2815217673778534	0.010256588459014893	9.999999974752427e-07	1.622538547962904e-09	0.20192478597164154	9.999999974752427e-07	1.622538547962904e-09	9.999999974752427e-07	1.622538547962904e-09	0.010256589390337467	1.622538547962904e-09	0.20192478597164154	0.20192477107048035	1.622538547962904e-09	1.622538547962904e-09	0.16246561706066132	0.05873368680477142	1.622538547962904e-09	0.027633339166641235	0.20192478597164154	-1.3278622645884752e-08	1.622538547962904e-09	-1.3278622645884752e-08	0.20192471146583557	0.008206717669963837	9.999999974752427e-07	0.2740027606487274	1.622538547962904e-09	9.999999974752427e-07	1.622538547962904e-09	0.05703481286764145	1.622538547962904e-09	0.02641153335571289	0.03179077059030533	1.622538547962904e-09	9.999999974752427e-07	-1.3278622645884752e-08	0.009401541203260422	0.026411622762680054	0.009916093200445175	0.027633339166641235	4.2857209336943924e-07	1.622538547962904e-09	0.013445653021335602	0.008206719532608986	9.999999974752427e-07	0.013458997011184692	1.2857158253609668e-06	-1.3278622645884752e-08	-1.3278622645884752e-08	1.622538547962904e-09	9.999999974752427e-07	1.622538547962904e-09	0.16246560215950012	1.622538547962904e-09	0.05703481659293175	0.10570608824491501	0.2626262307167053	0.20192472636699677	0.017806870862841606	1.2857121873821598e-06	-1.3278622645884752e-08	9.999999974752427e-07	0.08882559835910797	0.009916089475154877	1.622538547962904e-09	0.20192477107048035	0.05404491350054741	0.027633339166641235	-1.3278622645884752e-08	0.009401543065905571	1.622538547962904e-09	0.1057060956954956	-1.3278622645884752e-08	0.017806880176067352	1.622538547962904e-09	1.622538547962904e-09	4.2857209336943924e-07	1.622538547962904e-09	-7.275957614183426e-12	1.622538547962904e-09	9.999999974752427e-07	1.622538547962904e-09	-1.3278622645884752e-08	9.999999974752427e-07	-1.3278622645884752e-08	0.007519066333770752	1.622538547962904e-09	1.622538547962904e-09	2.255546860396862e-10	0.5330701470375061	0.005072489380836487	5.000001692678779e-07	0.3791336119174957	0.015137098729610443	0.04571789503097534	9.999999974752427e-07	0.47317150235176086	1.622538547962904e-09	0.08930285274982452	0.47317150235176086	0.014180606231093407	0.010177051648497581	9.999999974752427e-07	0.283880352973938	-1.3278622645884752e-08	1.622538547962904e-09	0.009429067373275757	-1.3278622645884752e-08	0.007485583424568176	9.999999974752427e-07	0.2687433063983917	0.3461630940437317	0.011049933731555939	0.012431889772415161	0.21618443727493286	0.059898555278778076	-1.3278622645884752e-08	1.622538547962904e-09	0.2838802933692932	0.030927835032343864	0.04472166299819946	-1.3278622645884752e-08	0.39345017075538635	1.622538547962904e-09	-1.3278622645884752e-08	0.39345014095306396	0.011049933731555939	0.010177051648497581	-1.3278622645884752e-08	0.16346153616905212	0.04000958055257797	0.08930287510156631	-1.3278622645884752e-08	0.010416666977107525	-1.3278622645884752e-08	0.014316469430923462	0.036288827657699585	0.08930285274982452	1.622538547962904e-09	0.0478060245513916	5.000001692678779e-07	0.028037382289767265	1.622538547962904e-09	1.622538547962904e-09	-1.3278622645884752e-08	-1.3278622645884752e-08	1.5000005078036338e-06	1.622538547962904e-09	-1.3278622645884752e-08	9.999999974752427e-07	-1.3278622645884752e-08	1.622538547962904e-09	0.21618443727493286	0.015137098729610443	0.171462744474411	0.21618443727493286	0.39345014095306396	0.3461630940437317	0.05255882441997528	0.005072489380836487	9.999999974752427e-07	0.02286946028470993	0.1714627593755722	1.622538547962904e-09	0.01513710618019104	0.37913358211517334	0.1495407670736313	0.06023794412612915	0.014316461980342865	0.02286946028470993	0.008695651777088642	0.1714627593755722	1.622538547962904e-09	0.010177051648497581	0.012431896291673183	1.622538547962904e-09	5.000001692678779e-07	9.999999974752427e-07	0.0066950395703315735	0.007796458899974823	-1.3278622645884752e-08	0.030927835032343864	-1.3278622645884752e-08	0.007485583424568176	-1.3278622645884752e-08	0.02777777798473835	-1.3278622645884752e-08	9.999999974752427e-07	0.008695651777088642	0.3669218420982361	0.04854368790984154	5.000001692678779e-07	0.19233903288841248	1.622538547962904e-09	0.021178677678108215	0.01907866820693016	0.26595741510391235	9.999999974752427e-07	0.0752153992652893	0.2984440326690674	0.01907867193222046	9.999999974752427e-07	0.010416666977107525	0.19233903288841248	0.010324249044060707	0.007624365389347076	1.622538547962904e-09	1.622538547962904e-09	1.622538547962904e-09	9.999999974752427e-07	0.19233901798725128	0.19233904778957367	1.622538547962904e-09	0.026356376707553864	0.16347560286521912	0.04025731980800629	1.622538547962904e-09	1.622538547962904e-09	0.19233901798725128	1.622538547962904e-09	0.015332028269767761	0.0117647061124444	0.24910278618335724	0.01778506115078926	-1.3278622645884752e-08	0.24910277128219604	1.622538547962904e-09	9.999999974752427e-07	1.622538547962904e-09	0.1170303225517273	0.015458554029464722	0.0752154290676117	-1.3278622645884752e-08	0.00909090880304575	-1.3278622645884752e-08	0.009573204442858696	0.02117867022752762	0.0752154216170311	0.018691588193178177	0.015458546578884125	5.000001692678779e-07	0.005539216101169586	1.622538547962904e-09	0.01778506115078926	9.999999974752427e-07	0.02822047472000122	1.5000005078036338e-06	1.622538547962904e-09	9.999999974752427e-07	9.999999974752427e-07	-1.3278622645884752e-08	9.999999974752427e-07	0.16347560286521912	1.622538547962904e-09	0.14051920175552368	0.16347560286521912	0.24910280108451843	0.19233901798725128	0.011078406125307083	0.010101010091602802	0.009573204442858696	0.009177442640066147	0.14051921665668488	0.008695651777088642	1.622538547962904e-09	0.2222222089767456	0.11703035235404968	0.04181492328643799	0.011904762126505375	0.009177440777420998	0.010869565419852734	0.14051920175552368	-1.3278622645884752e-08	0.005539216101169586	0.026356376707553864	1.622538547962904e-09	5.000001692678779e-07	0.009999999776482582	0.01907867006957531	1.622538547962904e-09	0.010324249044060707	9.999999974752427e-07	9.999999974752427e-07	1.622538547962904e-09	9.999999974752427e-07	9.999999974752427e-07	1.622538547962904e-09	9.999999974752427e-07	0.012001216411590576	0.43699371814727783	0.05826278030872345	9.999999974752427e-07	0.2679571509361267	9.999999974752427e-07	0.04900255799293518	1.622538547962904e-09	0.3783048987388611	0.009493403136730194	0.06596280634403229	0.3783048987388611	1.622538547962904e-09	9.999999974752427e-07	0.01123595517128706	0.26795709133148193	-2.4010660126805305e-10	1.622538547962904e-09	-1.3278622645884752e-08	1.622538547962904e-09	1.622538547962904e-09	6.666664376098197e-07	0.25453197956085205	0.2679571211338043	0.010989011265337467	1.3333333299669903e-06	0.2075660526752472	0.04900256544351578	1.622538547962904e-09	0.005720056593418121	0.26795709133148193	1.622538547962904e-09	0.015754297375679016	0.010256932117044926	0.3783048391342163	0.01601792871952057	-2.4010660126805305e-10	0.3783048391342163	0.019911104813218117	9.999999974752427e-07	1.622538547962904e-09	0.1568257212638855	0.013005435466766357	0.11561180651187897	0.01815195381641388	6.666664376098197e-07	0.01815195381641388	0.010526316240429878	0.04900252819061279	0.06741572916507721	0.03269492834806442	0.018725495785474777	0.00909090880304575	-2.4010660126805305e-10	1.622538547962904e-09	0.00917431153357029	0.00968625582754612	0.009686257690191269	0.025567827746272087	9.999999974752427e-07	0.043478261679410934	0.015754301100969315	-2.4010660126805305e-10	0.009493403136730194	0.2075660675764084	9.999999974752427e-07	0.15682576596736908	0.20756608247756958	0.3783048391342163	0.26795709133148193	0.030948013067245483	0.025567827746272087	9.999999974752427e-07	9.999999974752427e-07	0.17497771978378296	0.009708737954497337	0.00909090880304575	0.3183199465274811	0.1568257361650467	0.04121395945549011	0.04972796142101288	0.010204081423580647	0.007700018584728241	0.19181180000305176	9.999999974752427e-07	0.011036911979317665	0.022488445043563843	0.016806723549962044	9.999999974752427e-07	0.009615384973585606	1.622538547962904e-09	1.622538547962904e-09	-2.4010660126805305e-10	1.622538547962904e-09	9.999999974752427e-07	1.622538547962904e-09	0.009803921915590763	1.622538547962904e-09	1.622538547962904e-09	-2.4010660126805305e-10	9.999999974752427e-07	0.3545212149620056	0.02059110254049301	0.010625112801790237	0.2112308144569397	0.02664199098944664	0.006121933460235596	9.999999974752427e-07	0.3018167018890381	0.006626579910516739	0.02059112675487995	0.3018167018890381	0.018646515905857086	-1.3278622645884752e-08	1.622538547962904e-09	0.1669045239686966	0.015181045979261398	9.999999974752427e-07	1.622538547962904e-09	1.622538547962904e-09	0.010238776914775372	1.622538547962904e-09	0.14026254415512085	0.21123084425926208	-1.3278622645884752e-08	1.622538547962904e-09	0.14026251435279846	0.024768434464931488	1.622538547962904e-09	1.622538547962904e-09	0.21123084425926208	-1.3278622645884752e-08	0.011363636702299118	6.912159733474255e-10	0.23242242634296417	-1.3278622645884752e-08	0.006100691854953766	0.29567739367485046	-1.3278622645884752e-08	-1.3278622645884752e-08	1.622538547962904e-09	0.09294700622558594	1.622538547962904e-09	0.06100180745124817	0.01366463303565979	1.622538547962904e-09	0.007563948631286621	0.011995955370366573	0.006121940910816193	0.030612245202064514	0.00662657618522644	9.073119144886732e-09	-2.4010660126805305e-10	-1.3278622645884752e-08	-1.3278622645884752e-08	-1.3278622645884752e-08	9.999999974752427e-07	0.02793613076210022	0.010625114664435387	0.027522936463356018	0.007871806621551514	9.999999974752427e-07	1.622538547962904e-09	0.006626579910516739	0.14026251435279846	0.010101010091602802	0.09294699132442474	0.14026251435279846	0.29567742347717285	0.21123087406158447	-1.3278622645884752e-08	0.013964534737169743	0.011995954439043999	0.0061219558119773865	0.10661163181066513	1.622538547962904e-09	0.02664199098944664	0.21910256147384644	0.061001840978860855	1.622538547962904e-09	0.01331995613873005	0.0061219558119773865	1.622538547962904e-09	0.10661161690950394	9.999999974752427e-07	-1.3278622645884752e-08	1.622538547962904e-09	1.622538547962904e-09	-2.4010660126805305e-10	1.622538547962904e-09	9.999999974752427e-07	1.622538547962904e-09	0.015181045979261398	1.622538547962904e-09	6.912159733474255e-10	0.010238775983452797	0.007871806621551514	0.006139278411865234	1.622538547962904e-09	-1.3278622645884752e-08	1.622538547962904e-09	0.36081427335739136	0.07295437157154083	0.008505983278155327	0.2816368341445923	0.009365733712911606	0.026101619005203247	-1.3278622645884752e-08	0.3097529113292694	8.000001798791345e-07	0.07295437157154083	0.3097529113292694	-1.3278622645884752e-08	2.255546860396862e-10	-5.828042048960924e-09	0.22092559933662415	0.024959877133369446	-1.3278622645884752e-08	1.622538547962904e-09	1.622538547962904e-09	-1.3278622645884752e-08	9.999999974752427e-07	0.21155986189842224	0.22092559933662415	2.255546860396862e-10	0.00917431153357029	0.1840570569038391	0.026101604104042053	1.622538547962904e-09	-5.828042048960924e-09	0.22092559933662415	1.622538547962904e-09	-1.3278622645884752e-08	0.008564604446291924	0.2986621558666229	1.622538547962904e-09	9.999999974752427e-07	0.2986621558666229	2.255546860396862e-10	2.255546860396862e-10	1.622538547962904e-09	0.1273503601551056	-5.828042048960924e-09	0.08163265138864517	0.01516491174697876	0.008196720853447914	9.999999974752427e-07	-2.4010660126805305e-10	0.026101619005203247	0.07547169923782349	1.3999997463542968e-06	0.015599853359162807	0.01042632944881916	0.009330726228654385	0.018172089010477066	1.622538547962904e-09	1.622538547962904e-09	0.024959877133369446	0.028257330879569054	9.999999974752427e-07	0.008460652083158493	-1.3278622645884752e-08	9.999999974752427e-07	8.000001798791345e-07	0.14251525700092316	0.009365729987621307	0.1273503601551056	0.14251527190208435	0.2986621558666229	0.2816368341445923	0.00933072715997696	0.05747126415371895	-2.4010660126805305e-10	9.999999974752427e-07	0.14251521229743958	6.000000212225132e-07	0.009365737438201904	0.29009753465652466	0.1273503601551056	0.04308461770415306	-2.4010660126805305e-10	0.009282229468226433	1.622538547962904e-09	0.14251525700092316	9.999999974752427e-07	2.255546860396862e-10	0.027484744787216187	0.017241379246115685	0.009325018152594566	-5.828042048960924e-09	-1.3278622645884752e-08	0.015599831938743591	0.02495986968278885	-2.4010660126805305e-10	9.999999974752427e-07	-1.3278622645884752e-08	0.008460652083158493	0.011090751737356186	1.622538547962904e-09	9.999999974752427e-07	0.016819393262267113
53	-15547.466796875	-1	9	57	76	75	26	89	10	62	48	0	26	84	41	29	91	66	5	0	11	24	14	68	37	85	21	0	0	50	22	3	66	33	67	21	43	7	69	12	0	65	50	77	73	24	43	79	5	42	1	78	57	69	21	34	56	0	70	42	76	31	43	49	25	4	73	63	36	3	21	1	46	80	82	49	14	33	40	77	33	47	9	66	48	69	78	85	57	13	11	50	56	7	32	19	59	7	0	53	47	0.5437127947807312	0.08644906431436539	0.010285336524248123	0.4145510792732239	0.012830331921577454	0.010498285293579102	0.010526316240429878	0.4251323938369751	9.999999974752427e-07	0.08644905686378479	0.44155386090278625	0.06554710865020752	9.999999974752427e-07	9.999999974752427e-07	0.4095746874809265	9.999999974752427e-07	0.005317971110343933	1.622538547962904e-09	1.622538547962904e-09	9.999999974752427e-07	0.02298850566148758	0.39674437046051025	0.4095746576786041	9.999999974752427e-07	0.03314200043678284	0.2897196114063263	0.07604538649320602	1.622538547962904e-09	9.999999974752427e-07	0.4095746576786041	0.0049764662981033325	1.622538547962904e-09	1.622538547962904e-09	0.4145510196685791	0.03333333507180214	-1.3278622645884752e-08	0.42513248324394226	9.999999974752427e-07	9.999999974752427e-07	1.622538547962904e-09	0.22580645978450775	0.012048192322254181	0.1361638456583023	-1.3278622645884752e-08	9.999999974752427e-07	-1.3278622645884752e-08	1.622538547962904e-09	0.010498279705643654	0.1361638605594635	0.030567780137062073	0.02411612868309021	1.622538547962904e-09	0.008196720853447914	0.010869565419852734	9.999999974752427e-07	0.010526316240429878	0.026113219559192657	0.019338728860020638	-2.4010660126805305e-10	-1.3278622645884752e-08	1.622538547962904e-09	-1.3278622645884752e-08	0.030567795038223267	0.2705919146537781	9.999999974752427e-07	0.26527389883995056	0.2705919146537781	0.4251324534416199	0.40957462787628174	0.030927833169698715	0.05588129162788391	1.622538547962904e-09	0.010498277842998505	0.2652738690376282	-1.3278622645884752e-08	0.012830331921577454	0.4145510792732239	0.22250455617904663	0.08634074777364731	1.622538547962904e-09	0.010498279705643654	1.622538547962904e-09	0.26527389883995056	0.036036036908626556	0.009900989942252636	0.062224678695201874	0.029082641005516052	0.009053405374288559	9.999999974752427e-07	0.012195121496915817	9.999999974752427e-07	0.008547008968889713	-1.3278622645884752e-08	1.622538547962904e-09	9.999999974752427e-07	-1.3278622645884752e-08	-1.3278622645884752e-08	1.622538547962904e-09	9.999999974752427e-07	1.622538547962904e-09	0.4231007397174835	0.04496558755636215	0.010405869223177433	0.2722354531288147	0.010044899769127369	0.021052632480859756	9.999999974752427e-07	0.31625208258628845	0.018691588193178177	0.05226296931505203	0.31625211238861084	0.01785714365541935	0.010989011265337467	1.622538547962904e-09	0.2722354531288147	9.999999974752427e-07	1.622538547962904e-09	0.019417475908994675	1.622538547962904e-09	9.999999974752427e-07	6.666664376098197e-07	0.2291666716337204	0.2722354531288147	9.999999974752427e-07	1.3333333299669903e-06	0.1819043606519699	0.09699182957410812	1.622538547962904e-09	0.0078512541949749	0.2722354531288147	1.622538547962904e-09	1.622538547962904e-09	0.010638297535479069	0.31625205278396606	9.999999974752427e-07	-7.275957614183426e-12	0.31625205278396606	0.010526316240429878	0.009009009227156639	1.622538547962904e-09	0.10256187617778778	1.622538547962904e-09	0.0606570690870285	0.008510754443705082	6.666664376098197e-07	-7.275957614183426e-12	9.999999974752427e-07	1.3999997463542968e-06	0.05226297304034233	0.034559715539216995	0.022432174533605576	2.255546860396862e-10	9.999999974752427e-07	9.999999974752427e-07	9.999999974752427e-07	0.008264463394880295	0.009856700897216797	0.010405868291854858	0.008394084870815277	1.622538547962904e-09	1.622538547962904e-09	0.008510754443705082	0.034559715539216995	0.18190431594848633	0.010044899769127369	0.11764705926179886	0.18190434575080872	0.31625205278396606	0.2722354531288147	0.042105261236429214	0.010405870154500008	9.999999974752427e-07	8.000001798791345e-07	0.18190434575080872	1.622538547962904e-09	0.010044898837804794	0.2722354531288147	0.10256189107894897	0.04190482199192047	9.999999974752427e-07	8.000001798791345e-07	0.00729738175868988	0.18190434575080872	1.622538547962904e-09	0.016949152573943138	0.01947261206805706	9.999999974752427e-07	2.255546860396862e-10	1.622538547962904e-09	0.011627906933426857	0.014580924063920975	9.999999974752427e-07	1.622538547962904e-09	9.999999974752427e-07	9.999999974752427e-07	1.622538547962904e-09	1.622538547962904e-09	1.622538547962904e-09	9.999999974752427e-07	6.000000212225132e-07	0.449466347694397	0.08000115305185318	9.999999974752427e-07	0.33304834365844727	-1.3278622645884752e-08	0.03483249247074127	9.999999974752427e-07	0.3862634003162384	0.009220771491527557	0.08756303787231445	0.386263370513916	0.013322077691555023	-1.3278622645884752e-08	9.999999974752427e-07	0.2947915494441986	9.999999974752427e-07	0.029411764815449715	9.999999974752427e-07	-1.3278622645884752e-08	0.008118398487567902	0.010526316240429878	0.2947916090488434	0.2947915494441986	-1.3278622645884752e-08	0.01075268816202879	0.294791579246521	0.04815460741519928	-1.3278622645884752e-08	0.02777777798473835	0.2947915494441986	0.019186578691005707	9.999999974752427e-07	0.008000463247299194	0.38626328110694885	-1.3278622645884752e-08	1.622538547962904e-09	0.38626334071159363	-1.3278622645884752e-08	-1.3278622645884752e-08	-1.3278622645884752e-08	0.1528805047273636	9.999999974752427e-07	0.08756301552057266	0.009048528037965298	9.999999974752427e-07	1.622538547962904e-09	0.009130984544754028	0.02860131859779358	0.08756303787231445	0.009220770560204983	0.04123711213469505	9.999999974752427e-07	-1.3278622645884752e-08	-1.3278622645884752e-08	-1.3278622645884752e-08	0.008003763854503632	0.015048369765281677	0.029999999329447746	1.622538547962904e-09	0.00909090880304575	9.999999974752427e-07	0.009048528969287872	0.009220771491527557	0.294791579246521	-1.3278622645884752e-08	0.15288051962852478	0.2499999850988388	0.386263370513916	0.31386178731918335	-1.3278622645884752e-08	0.032608695328235626	0.009130991995334625	9.999999974752427e-07	0.16192904114723206	-2.4010660126805305e-10	-1.3278622645884752e-08	0.36913183331489563	0.1528804898262024	0.06531748175621033	0.009130977094173431	0.028601333498954773	0.00756189227104187	0.16814157366752625	1.622538547962904e-09	-1.3278622645884752e-08	0.021052632480859756	0.009900989942252636	0.027272727340459824	9.999999974752427e-07	0.005203664302825928	0.008620689623057842	0.007044591009616852	-1.3278622645884752e-08	0.008000463247299194	0.008118398487567902	9.999999974752427e-07	-1.3278622645884752e-08	-1.3278622645884752e-08	-1.3278622645884752e-08	1.622538547962904e-09	0.4417251944541931	0.024390242993831635	9.999999974752427e-07	0.30527326464653015	0.010416666977107525	0.014637134969234467	9.999999974752427e-07	0.3760969042778015	9.999999974752427e-07	0.04878048598766327	0.3760969042778015	0.05099133402109146	9.999999974752427e-07	0.008882244117558002	0.30527329444885254	1.622538547962904e-09	1.622538547962904e-09	1.622538547962904e-09	1.622538547962904e-09	0.030414395034313202	0.012048192322254181	0.29318323731422424	0.3052733242511749	9.999999974752427e-07	0.017391303554177284	0.2670987844467163	0.06562842428684235	1.622538547962904e-09	0.010416666977107525	0.3052733242511749	1.622538547962904e-09	1.622538547962904e-09	1.622538547962904e-09	0.30527329444885254	1.622538547962904e-09	0.010526316240429878	0.3760969042778015	9.999999974752427e-07	9.999999974752427e-07	1.622538547962904e-09	0.14387741684913635	0.025641024112701416	0.07431011646986008	0.032608695328235626	9.999999974752427e-07	0.009615384973585606	1.622538547962904e-09	0.014637134969234467	0.07431010156869888	0.010309278033673763	0.04452749714255333	0.009433962404727936	9.999999974752427e-07	1.622538547962904e-09	1.622538547962904e-09	1.622538547962904e-09	1.622538547962904e-09	0.009569531306624413	1.622538547962904e-09	1.622538547962904e-09	1.622538547962904e-09	0.01123595517128706	9.999999974752427e-07	0.20471768081188202	9.999999974752427e-07	0.14387744665145874	0.2047176957130432	0.3052733242511749	0.3052733242511749	0.026084452867507935	0.009569531306624413	1.622538547962904e-09	0.010101010091602802	0.204717755317688	0.010204081423580647	0.010989011265337467	0.30527329444885254	0.14387741684913635	0.06956726312637329	1.622538547962904e-09	0.014637134969234467	9.999999974752427e-07	0.20471777021884918	0.009803921915590763	9.999999974752427e-07	0.02503982186317444	9.999999974752427e-07	9.999999974752427e-07	0.008882243186235428	0.020576931536197662	9.999999974752427e-07	1.622538547962904e-09	1.622538547962904e-09	1.622538547962904e-09	9.999999974752427e-07	1.622538547962904e-09	1.622538547962904e-09	1.622538547962904e-09	1.622538547962904e-09	1.622538547962904e-09	0.3537144362926483	0.026411600410938263	4.2857209336943924e-07	0.20192477107048035	1.622538547962904e-09	0.027027027681469917	-7.275957614183426e-12	0.28152182698249817	1.622538547962904e-09	0.026411622762680054	0.2815217971801758	0.010256588459014893	9.999999974752427e-07	1.622538547962904e-09	0.20192477107048035	9.999999974752427e-07	1.622538547962904e-09	9.999999974752427e-07	1.622538547962904e-09	0.010256589390337467	1.622538547962904e-09	0.20192474126815796	0.20192478597164154	1.622538547962904e-09	1.622538547962904e-09	0.16246558725833893	0.05873368680477142	1.622538547962904e-09	0.027633339166641235	0.20192477107048035	-1.3278622645884752e-08	1.622538547962904e-09	-1.3278622645884752e-08	0.20192483067512512	0.008206691592931747	9.999999974752427e-07	0.2740027904510498	1.622538547962904e-09	9.999999974752427e-07	1.622538547962904e-09	0.05703481286764145	1.622538547962904e-09	0.02641153335571289	0.03179077059030533	1.622538547962904e-09	9.999999974752427e-07	-1.3278622645884752e-08	0.009401541203260422	0.026411622762680054	0.009916093200445175	0.027633339166641235	4.2857209336943924e-07	1.622538547962904e-09	0.013445600867271423	0.008206691592931747	9.999999974752427e-07	0.013458997011184692	1.2857158253609668e-06	-1.3278622645884752e-08	-1.3278622645884752e-08	1.622538547962904e-09	9.999999974752427e-07	1.622538547962904e-09	0.16246557235717773	1.622538547962904e-09	0.05703481659293175	0.10570608824491501	0.2626262605190277	0.20192477107048035	0.01780684106051922	1.2857121873821598e-06	-1.3278622645884752e-08	9.999999974752427e-07	0.08882559835910797	0.009916089475154877	1.622538547962904e-09	0.20192478597164154	0.05404491350054741	0.027633339166641235	-1.3278622645884752e-08	0.009401543065905571	1.622538547962904e-09	0.1057060956954956	-1.3278622645884752e-08	0.017806850373744965	1.622538547962904e-09	1.622538547962904e-09	4.2857209336943924e-07	1.622538547962904e-09	-7.275957614183426e-12	1.622538547962904e-09	9.999999974752427e-07	1.622538547962904e-09	-1.3278622645884752e-08	9.999999974752427e-07	-1.3278622645884752e-08	0.007519088685512543	1.622538547962904e-09	9.999999974752427e-07	2.255546860396862e-10	0.5330700874328613	0.005072489380836487	5.000001692678779e-07	0.3791336715221405	0.015137076377868652	0.045717887580394745	9.999999974752427e-07	0.4731714725494385	1.622538547962904e-09	0.08930285274982452	0.4731714725494385	0.014180600643157959	0.010177051648497581	9.999999974752427e-07	0.2838803231716156	-1.3278622645884752e-08	1.622538547962904e-09	0.009429069235920906	-1.3278622645884752e-08	0.007485583424568176	9.999999974752427e-07	0.26874321699142456	0.3461630642414093	0.011049933731555939	0.012431889772415161	0.21618448197841644	0.05989852547645569	-1.3278622645884752e-08	1.622538547962904e-09	0.2838803231716156	0.030927835032343864	0.04472164809703827	-1.3278622645884752e-08	0.3934501111507416	1.622538547962904e-09	-1.3278622645884752e-08	0.3934501111507416	0.011049933731555939	0.010177051648497581	-1.3278622645884752e-08	0.16346153616905212	0.04000958055257797	0.08930287510156631	-1.3278622645884752e-08	0.010416666977107525	-1.3278622645884752e-08	0.014316484332084656	0.036288827657699585	0.08930285274982452	1.622538547962904e-09	0.0478060245513916	5.000001692678779e-07	0.028037382289767265	1.622538547962904e-09	1.622538547962904e-09	-1.3278622645884752e-08	-1.3278622645884752e-08	1.5000005078036338e-06	1.622538547962904e-09	-1.3278622645884752e-08	9.999999974752427e-07	-1.3278622645884752e-08	1.622538547962904e-09	0.21618445217609406	0.015137076377868652	0.171462744474411	0.21618437767028809	0.3934501111507416	0.3461630642414093	0.05255882441997528	0.005072489380836487	9.999999974752427e-07	0.02286946028470993	0.1714627593755722	1.622538547962904e-09	0.015137076377868652	0.3791336119174957	0.1495407670736313	0.06023794412612915	0.014316476881504059	0.02286946028470993	0.008695651777088642	0.171462744474411	1.622538547962904e-09	0.010177051648497581	0.012431896291673183	1.622538547962904e-09	5.000001692678779e-07	9.999999974752427e-07	0.0066950321197509766	0.007796458899974823	-1.3278622645884752e-08	0.030927835032343864	-1.3278622645884752e-08	0.007485579699277878	-1.3278622645884752e-08	0.02777777798473835	-1.3278622645884752e-08	1.622538547962904e-09	0.008695651777088642	0.3669217824935913	0.04854368790984154	5.000001692678779e-07	0.19233906269073486	1.622538547962904e-09	0.021178677678108215	0.019078683108091354	0.26595747470855713	9.999999974752427e-07	0.0752153992652893	0.2984441816806793	0.019078686833381653	9.999999974752427e-07	0.010416666977107525	0.19233906269073486	0.010324249044060707	0.007624365389347076	1.622538547962904e-09	1.622538547962904e-09	1.622538547962904e-09	9.999999974752427e-07	0.19233904778957367	0.19233904778957367	1.622538547962904e-09	0.026356376707553864	0.1634756475687027	0.040257349610328674	1.622538547962904e-09	1.622538547962904e-09	0.19233906269073486	1.622538547962904e-09	0.015332028269767761	0.0117647061124444	0.24910281598567963	0.017785072326660156	-1.3278622645884752e-08	0.24910280108451843	1.622538547962904e-09	9.999999974752427e-07	1.622538547962904e-09	0.1170303225517273	0.015458554029464722	0.0752154290676117	-1.3278622645884752e-08	0.00909090880304575	-1.3278622645884752e-08	0.009573204442858696	0.021178677678108215	0.0752154216170311	0.018691588193178177	0.015458546578884125	5.000001692678779e-07	0.005539223551750183	1.622538547962904e-09	0.017785070464015007	9.999999974752427e-07	0.028220534324645996	1.5000005078036338e-06	1.622538547962904e-09	9.999999974752427e-07	9.999999974752427e-07	-1.3278622645884752e-08	9.999999974752427e-07	0.16347557306289673	1.622538547962904e-09	0.14051920175552368	0.1634756326675415	0.24910281598567963	0.19233906269073486	0.011078421026468277	0.010101010091602802	0.009573204442858696	0.009177442640066147	0.1405191868543625	0.008695651777088642	1.622538547962904e-09	0.222222238779068	0.11703035235404968	0.04181492328643799	0.011904762126505375	0.009177442640066147	0.010869565419852734	0.14051921665668488	-1.3278622645884752e-08	0.005539223551750183	0.026356376707553864	1.622538547962904e-09	5.000001692678779e-07	0.009999999776482582	0.019078684970736504	1.622538547962904e-09	0.010324249044060707	9.999999974752427e-07	9.999999974752427e-07	1.622538547962904e-09	9.999999974752427e-07	9.999999974752427e-07	1.622538547962904e-09	1.622538547962904e-09	0.012001220136880875	0.43699362874031067	0.05826278030872345	9.999999974752427e-07	0.2679571211338043	9.999999974752427e-07	0.04900258779525757	1.622538547962904e-09	0.3783048987388611	0.009493403136730194	0.06596280634403229	0.3783048987388611	1.622538547962904e-09	9.999999974752427e-07	0.01123595517128706	0.2679571211338043	-2.4010660126805305e-10	1.622538547962904e-09	-1.3278622645884752e-08	1.622538547962904e-09	1.622538547962904e-09	6.666664376098197e-07	0.2545320391654968	0.2679571211338043	0.010989011265337467	1.3333333299669903e-06	0.2075660675764084	0.04900253191590309	1.622538547962904e-09	0.005720056593418121	0.2679571211338043	1.622538547962904e-09	0.015754297375679016	0.010256917215883732	0.37830477952957153	0.01601792871952057	-2.4010660126805305e-10	0.37830477952957153	0.019911104813218117	9.999999974752427e-07	1.622538547962904e-09	0.1568257212638855	0.013005435466766357	0.11561180651187897	0.01815195381641388	6.666664376098197e-07	0.01815195381641388	0.010526316240429878	0.04900252819061279	0.06741572916507721	0.03269492834806442	0.018725495785474777	0.00909090880304575	-2.4010660126805305e-10	1.622538547962904e-09	0.00917431153357029	0.009686270728707314	0.009686268866062164	0.025567827746272087	9.999999974752427e-07	0.043478261679410934	0.015754297375679016	-2.4010660126805305e-10	0.009493403136730194	0.2075660675764084	9.999999974752427e-07	0.15682576596736908	0.2075660675764084	0.37830477952957153	0.26795709133148193	0.030948013067245483	0.025567827746272087	9.999999974752427e-07	9.999999974752427e-07	0.17497771978378296	0.009708737954497337	0.00909090880304575	0.3183199465274811	0.1568257361650467	0.04121395945549011	0.049727946519851685	0.010204081423580647	0.007700018584728241	0.19181180000305176	9.999999974752427e-07	0.011036908254027367	0.022488445043563843	0.016806723549962044	9.999999974752427e-07	0.009615384973585606	1.622538547962904e-09	1.622538547962904e-09	-2.4010660126805305e-10	1.622538547962904e-09	9.999999974752427e-07	1.622538547962904e-09	0.009803921915590763	1.622538547962904e-09	1.622538547962904e-09	1.622538547962904e-09	9.999999974752427e-07	0.35452133417129517	0.02059110254049301	0.010625112801790237	0.21123088896274567	0.026641961187124252	0.006121918559074402	9.999999974752427e-07	0.3018167018890381	0.006626579910516739	0.02059112675487995	0.3018167018890381	0.01864650845527649	-1.3278622645884752e-08	1.622538547962904e-09	0.16690458357334137	0.015181045979261398	9.999999974752427e-07	1.622538547962904e-09	1.622538547962904e-09	0.010238776914775372	1.622538547962904e-09	0.14026257395744324	0.21123084425926208	-1.3278622645884752e-08	1.622538547962904e-09	0.14026248455047607	0.02476842701435089	1.622538547962904e-09	1.622538547962904e-09	0.21123084425926208	-1.3278622645884752e-08	0.011363636702299118	6.912159733474255e-10	0.23242253065109253	-1.3278622645884752e-08	0.006100691854953766	0.29567742347717285	-1.3278622645884752e-08	-1.3278622645884752e-08	1.622538547962904e-09	0.09294700622558594	1.622538547962904e-09	0.06100180745124817	0.01366463303565979	1.622538547962904e-09	0.007563948631286621	0.011995955370366573	0.0061219483613967896	0.030612245202064514	0.00662657618522644	9.073119144886732e-09	-2.4010660126805305e-10	-1.3278622645884752e-08	-1.3278622645884752e-08	-1.3278622645884752e-08	9.999999974752427e-07	0.027936086058616638	0.010625114664435387	0.027522936463356018	0.007871739566326141	9.999999974752427e-07	1.622538547962904e-09	0.006626579910516739	0.14026251435279846	0.010101010091602802	0.09294699132442474	0.14026251435279846	0.29567742347717285	0.2112307995557785	-1.3278622645884752e-08	0.013964534737169743	0.011995954439043999	0.0061219483613967896	0.10661163181066513	1.622538547962904e-09	0.026641961187124252	0.2191026508808136	0.061001840978860855	1.622538547962904e-09	0.013319892808794975	0.0061219558119773865	1.622538547962904e-09	0.10661161690950394	9.999999974752427e-07	-1.3278622645884752e-08	1.622538547962904e-09	1.622538547962904e-09	-2.4010660126805305e-10	1.622538547962904e-09	9.999999974752427e-07	1.622538547962904e-09	0.015181045979261398	1.622538547962904e-09	6.912159733474255e-10	0.010238775983452797	0.007871739566326141	0.006139293313026428	1.622538547962904e-09	-1.3278622645884752e-08	1.622538547962904e-09	0.36081427335739136	0.07295437157154083	0.008505983278155327	0.2816368341445923	0.009365733712911606	0.026101619005203247	-1.3278622645884752e-08	0.3097529113292694	8.000001798791345e-07	0.07295437157154083	0.3097529113292694	-1.3278622645884752e-08	2.255546860396862e-10	-5.828042048960924e-09	0.22092559933662415	0.024959877133369446	-1.3278622645884752e-08	1.622538547962904e-09	1.622538547962904e-09	-1.3278622645884752e-08	9.999999974752427e-07	0.21155986189842224	0.22092559933662415	2.255546860396862e-10	0.00917431153357029	0.1840570569038391	0.026101604104042053	1.622538547962904e-09	-5.828042048960924e-09	0.22092559933662415	1.622538547962904e-09	-1.3278622645884752e-08	0.008564604446291924	0.2986621558666229	1.622538547962904e-09	9.999999974752427e-07	0.2986621558666229	2.255546860396862e-10	2.255546860396862e-10	1.622538547962904e-09	0.1273503601551056	-5.828042048960924e-09	0.08163265138864517	0.01516491174697876	0.008196720853447914	9.999999974752427e-07	-2.4010660126805305e-10	0.026101619005203247	0.07547169923782349	1.3999997463542968e-06	0.015599853359162807	0.01042632944881916	0.009330726228654385	0.018172089010477066	1.622538547962904e-09	1.622538547962904e-09	0.024959877133369446	0.028257330879569054	9.999999974752427e-07	0.008460652083158493	-1.3278622645884752e-08	9.999999974752427e-07	8.000001798791345e-07	0.14251525700092316	0.009365729987621307	0.1273503601551056	0.14251527190208435	0.2986621558666229	0.2816368341445923	0.00933072715997696	0.05747126415371895	-2.4010660126805305e-10	9.999999974752427e-07	0.14251521229743958	6.000000212225132e-07	0.009365737438201904	0.29009753465652466	0.1273503601551056	0.04308461770415306	-2.4010660126805305e-10	0.009282229468226433	1.622538547962904e-09	0.14251525700092316	9.999999974752427e-07	2.255546860396862e-10	0.027484744787216187	0.017241379246115685	0.009325018152594566	-5.828042048960924e-09	-1.3278622645884752e-08	0.015599831938743591	0.02495986968278885	-2.4010660126805305e-10	9.999999974752427e-07	-1.3278622645884752e-08	0.008460652083158493	0.011090751737356186	1.622538547962904e-09	9.999999974752427e-07	0.016819393262267113
54	-15547.466796875	-1	9	57	76	75	26	89	10	62	48	0	26	84	41	29	91	66	5	0	11	24	14	68	37	85	21	0	0	50	22	3	66	33	67	21	43	7	69	12	0	65	50	77	73	24	43	79	5	42	1	78	57	69	21	34	56	0	70	42	76	31	43	49	25	4	73	63	36	3	21	1	46	80	82	49	14	33	40	77	33	47	9	66	48	69	78	85	57	13	11	50	56	7	32	19	59	7	0	54	47	0.5437127947807312	0.08644906431436539	0.010285336524248123	0.4145510792732239	0.012830331921577454	0.010498285293579102	0.010526316240429878	0.4251323938369751	9.999999974752427e-07	0.08644905686378479	0.44155386090278625	0.06554710865020752	9.999999974752427e-07	9.999999974752427e-07	0.4095746874809265	9.999999974752427e-07	0.005317971110343933	1.622538547962904e-09	1.622538547962904e-09	9.999999974752427e-07	0.02298850566148758	0.39674437046051025	0.4095746576786041	9.999999974752427e-07	0.03314200043678284	0.2897196114063263	0.07604538649320602	1.622538547962904e-09	9.999999974752427e-07	0.4095746576786041	0.0049764662981033325	1.622538547962904e-09	1.622538547962904e-09	0.4145510196685791	0.03333333507180214	-1.3278622645884752e-08	0.42513248324394226	9.999999974752427e-07	9.999999974752427e-07	1.622538547962904e-09	0.22580645978450775	0.012048192322254181	0.1361638456583023	-1.3278622645884752e-08	9.999999974752427e-07	-1.3278622645884752e-08	1.622538547962904e-09	0.010498279705643654	0.1361638605594635	0.030567780137062073	0.02411612868309021	1.622538547962904e-09	0.008196720853447914	0.010869565419852734	9.999999974752427e-07	0.010526316240429878	0.026113219559192657	0.019338728860020638	-2.4010660126805305e-10	-1.3278622645884752e-08	1.622538547962904e-09	-1.3278622645884752e-08	0.030567795038223267	0.2705919146537781	9.999999974752427e-07	0.26527389883995056	0.2705919146537781	0.4251324534416199	0.40957462787628174	0.030927833169698715	0.05588129162788391	1.622538547962904e-09	0.010498277842998505	0.2652738690376282	-1.3278622645884752e-08	0.012830331921577454	0.4145510792732239	0.22250455617904663	0.08634074777364731	1.622538547962904e-09	0.010498279705643654	1.622538547962904e-09	0.26527389883995056	0.036036036908626556	0.009900989942252636	0.062224678695201874	0.029082641005516052	0.009053405374288559	9.999999974752427e-07	0.012195121496915817	9.999999974752427e-07	0.008547008968889713	-1.3278622645884752e-08	1.622538547962904e-09	9.999999974752427e-07	-1.3278622645884752e-08	-1.3278622645884752e-08	1.622538547962904e-09	9.999999974752427e-07	1.622538547962904e-09	0.4231007397174835	0.04496558755636215	0.010405869223177433	0.2722354531288147	0.010044899769127369	0.021052632480859756	9.999999974752427e-07	0.31625208258628845	0.018691588193178177	0.05226296931505203	0.31625211238861084	0.01785714365541935	0.010989011265337467	1.622538547962904e-09	0.2722354531288147	9.999999974752427e-07	1.622538547962904e-09	0.019417475908994675	1.622538547962904e-09	9.999999974752427e-07	6.666664376098197e-07	0.2291666716337204	0.2722354531288147	9.999999974752427e-07	1.3333333299669903e-06	0.1819043606519699	0.09699182957410812	1.622538547962904e-09	0.0078512541949749	0.2722354531288147	1.622538547962904e-09	1.622538547962904e-09	0.010638297535479069	0.31625205278396606	9.999999974752427e-07	-7.275957614183426e-12	0.31625205278396606	0.010526316240429878	0.009009009227156639	1.622538547962904e-09	0.10256187617778778	1.622538547962904e-09	0.0606570690870285	0.008510754443705082	6.666664376098197e-07	-7.275957614183426e-12	9.999999974752427e-07	1.3999997463542968e-06	0.05226297304034233	0.034559715539216995	0.022432174533605576	2.255546860396862e-10	9.999999974752427e-07	9.999999974752427e-07	9.999999974752427e-07	0.008264463394880295	0.009856700897216797	0.010405868291854858	0.008394084870815277	1.622538547962904e-09	1.622538547962904e-09	0.008510754443705082	0.034559715539216995	0.18190431594848633	0.010044899769127369	0.11764705926179886	0.18190434575080872	0.31625205278396606	0.2722354531288147	0.042105261236429214	0.010405870154500008	9.999999974752427e-07	8.000001798791345e-07	0.18190434575080872	1.622538547962904e-09	0.010044898837804794	0.2722354531288147	0.10256189107894897	0.04190482199192047	9.999999974752427e-07	8.000001798791345e-07	0.00729738175868988	0.18190434575080872	1.622538547962904e-09	0.016949152573943138	0.01947261206805706	9.999999974752427e-07	2.255546860396862e-10	1.622538547962904e-09	0.011627906933426857	0.014580924063920975	9.999999974752427e-07	1.622538547962904e-09	9.999999974752427e-07	9.999999974752427e-07	1.622538547962904e-09	1.622538547962904e-09	1.622538547962904e-09	9.999999974752427e-07	6.000000212225132e-07	0.4494662880897522	0.08000115305185318	9.999999974752427e-07	0.3330483138561249	-1.3278622645884752e-08	0.03483247756958008	9.999999974752427e-07	0.38626334071159363	0.009220771491527557	0.08756303787231445	0.38626334071159363	0.01332206092774868	-1.3278622645884752e-08	9.999999974752427e-07	0.29479166865348816	9.999999974752427e-07	0.029411764815449715	9.999999974752427e-07	-1.3278622645884752e-08	0.008118398487567902	0.010526316240429878	0.29479148983955383	0.29479166865348816	-1.3278622645884752e-08	0.01075268816202879	0.29479140043258667	0.04815460741519928	-1.3278622645884752e-08	0.02777777798473835	0.29479166865348816	0.019186578691005707	9.999999974752427e-07	0.008000500500202179	0.38626325130462646	-1.3278622645884752e-08	1.622538547962904e-09	0.38626331090927124	-1.3278622645884752e-08	-1.3278622645884752e-08	-1.3278622645884752e-08	0.1528805047273636	9.999999974752427e-07	0.08756301552057266	0.009048528037965298	9.999999974752427e-07	1.622538547962904e-09	0.009131006896495819	0.02860131859779358	0.08756303787231445	0.009220770560204983	0.04123711213469505	9.999999974752427e-07	-1.3278622645884752e-08	-1.3278622645884752e-08	-1.3278622645884752e-08	0.008003756403923035	0.01504833996295929	0.029999999329447746	1.622538547962904e-09	0.00909090880304575	9.999999974752427e-07	0.009048528969287872	0.009220771491527557	0.29479140043258667	-1.3278622645884752e-08	0.15288051962852478	0.2499999850988388	0.38626331090927124	0.31386175751686096	-1.3278622645884752e-08	0.032608695328235626	0.009130999445915222	9.999999974752427e-07	0.16192904114723206	-2.4010660126805305e-10	-1.3278622645884752e-08	0.36913180351257324	0.1528804898262024	0.06531748175621033	0.009131021797657013	0.028601333498954773	0.00756189227104187	0.16814157366752625	1.622538547962904e-09	-1.3278622645884752e-08	0.021052632480859756	0.009900989942252636	0.027272727340459824	9.999999974752427e-07	0.005203664302825928	0.008620689623057842	0.007044583559036255	-1.3278622645884752e-08	0.008000500500202179	0.008118398487567902	9.999999974752427e-07	-1.3278622645884752e-08	-1.3278622645884752e-08	-1.3278622645884752e-08	1.622538547962904e-09	0.4417252540588379	0.024390242993831635	9.999999974752427e-07	0.30527329444885254	0.010416666977107525	0.014637105166912079	9.999999974752427e-07	0.3760969042778015	9.999999974752427e-07	0.04878048598766327	0.3760969340801239	0.05099131166934967	9.999999974752427e-07	0.008882244117558002	0.30527329444885254	1.622538547962904e-09	1.622538547962904e-09	1.622538547962904e-09	1.622538547962904e-09	0.030414380133152008	0.012048192322254181	0.29318323731422424	0.30527329444885254	9.999999974752427e-07	0.017391303554177284	0.2670987844467163	0.06562844663858414	1.622538547962904e-09	0.010416666977107525	0.30527329444885254	1.622538547962904e-09	1.622538547962904e-09	1.622538547962904e-09	0.3052733540534973	1.622538547962904e-09	0.010526316240429878	0.3760969042778015	9.999999974752427e-07	9.999999974752427e-07	1.622538547962904e-09	0.14387741684913635	0.025641024112701416	0.07431011646986008	0.032608695328235626	9.999999974752427e-07	0.009615384973585606	1.622538547962904e-09	0.014637134969234467	0.07431010156869888	0.010309278033673763	0.04452749714255333	0.009433962404727936	9.999999974752427e-07	1.622538547962904e-09	1.622538547962904e-09	1.622538547962904e-09	1.622538547962904e-09	0.009569531306624413	1.622538547962904e-09	1.622538547962904e-09	1.622538547962904e-09	0.01123595517128706	9.999999974752427e-07	0.20471768081188202	9.999999974752427e-07	0.14387744665145874	0.2047176957130432	0.3052733540534973	0.30527329444885254	0.026084445416927338	0.009569531306624413	1.622538547962904e-09	0.010101010091602802	0.204717755317688	0.010204081423580647	0.010989011265337467	0.3052733242511749	0.14387741684913635	0.06956726312637329	1.622538547962904e-09	0.01463712751865387	9.999999974752427e-07	0.20471777021884918	0.009803921915590763	9.999999974752427e-07	0.02503982186317444	9.999999974752427e-07	9.999999974752427e-07	0.008882243186235428	0.020576931536197662	9.999999974752427e-07	1.622538547962904e-09	1.622538547962904e-09	1.622538547962904e-09	9.999999974752427e-07	1.622538547962904e-09	1.622538547962904e-09	1.622538547962904e-09	1.622538547962904e-09	1.622538547962904e-09	0.3537144362926483	0.026411600410938263	4.2857209336943924e-07	0.20192477107048035	1.622538547962904e-09	0.027027027681469917	-7.275957614183426e-12	0.28152182698249817	1.622538547962904e-09	0.026411622762680054	0.2815217971801758	0.010256588459014893	9.999999974752427e-07	1.622538547962904e-09	0.20192477107048035	9.999999974752427e-07	1.622538547962904e-09	9.999999974752427e-07	1.622538547962904e-09	0.010256589390337467	1.622538547962904e-09	0.20192474126815796	0.20192478597164154	1.622538547962904e-09	1.622538547962904e-09	0.16246558725833893	0.05873368680477142	1.622538547962904e-09	0.027633339166641235	0.20192477107048035	-1.3278622645884752e-08	1.622538547962904e-09	-1.3278622645884752e-08	0.20192483067512512	0.008206691592931747	9.999999974752427e-07	0.2740027904510498	1.622538547962904e-09	9.999999974752427e-07	1.622538547962904e-09	0.05703481286764145	1.622538547962904e-09	0.02641153335571289	0.03179077059030533	1.622538547962904e-09	9.999999974752427e-07	-1.3278622645884752e-08	0.009401541203260422	0.026411622762680054	0.009916093200445175	0.027633339166641235	4.2857209336943924e-07	1.622538547962904e-09	0.013445600867271423	0.008206691592931747	9.999999974752427e-07	0.013458997011184692	1.2857158253609668e-06	-1.3278622645884752e-08	-1.3278622645884752e-08	1.622538547962904e-09	9.999999974752427e-07	1.622538547962904e-09	0.16246557235717773	1.622538547962904e-09	0.05703481659293175	0.10570608824491501	0.2626262605190277	0.20192477107048035	0.01780684106051922	1.2857121873821598e-06	-1.3278622645884752e-08	9.999999974752427e-07	0.08882559835910797	0.009916089475154877	1.622538547962904e-09	0.20192478597164154	0.05404491350054741	0.027633339166641235	-1.3278622645884752e-08	0.009401543065905571	1.622538547962904e-09	0.1057060956954956	-1.3278622645884752e-08	0.017806850373744965	1.622538547962904e-09	1.622538547962904e-09	4.2857209336943924e-07	1.622538547962904e-09	-7.275957614183426e-12	1.622538547962904e-09	9.999999974752427e-07	1.622538547962904e-09	-1.3278622645884752e-08	9.999999974752427e-07	-1.3278622645884752e-08	0.007519088685512543	1.622538547962904e-09	9.999999974752427e-07	2.255546860396862e-10	0.5330701470375061	0.005072489380836487	5.000001692678779e-07	0.3791336417198181	0.01513708382844925	0.04571790248155594	9.999999974752427e-07	0.47317150235176086	1.622538547962904e-09	0.08930285274982452	0.47317150235176086	0.014180615544319153	0.010177051648497581	9.999999974752427e-07	0.2838803231716156	-1.3278622645884752e-08	1.622538547962904e-09	0.009429076686501503	-1.3278622645884752e-08	0.007485583424568176	9.999999974752427e-07	0.26874327659606934	0.3461630940437317	0.011049933731555939	0.012431889772415161	0.21618443727493286	0.05989852547645569	-1.3278622645884752e-08	1.622538547962904e-09	0.283880352973938	0.030927835032343864	0.04472164809703827	-1.3278622645884752e-08	0.39345020055770874	1.622538547962904e-09	-1.3278622645884752e-08	0.39345017075538635	0.011049933731555939	0.010177051648497581	-1.3278622645884752e-08	0.16346153616905212	0.04000958055257797	0.08930287510156631	-1.3278622645884752e-08	0.010416666977107525	-1.3278622645884752e-08	0.014316469430923462	0.03628883510828018	0.08930285274982452	1.622538547962904e-09	0.0478060245513916	5.000001692678779e-07	0.028037382289767265	1.622538547962904e-09	1.622538547962904e-09	-1.3278622645884752e-08	-1.3278622645884752e-08	1.5000005078036338e-06	1.622538547962904e-09	-1.3278622645884752e-08	9.999999974752427e-07	-1.3278622645884752e-08	1.622538547962904e-09	0.21618445217609406	0.01513708382844925	0.171462744474411	0.21618443727493286	0.39345020055770874	0.3461630940437317	0.05255885422229767	0.005072489380836487	9.999999974752427e-07	0.02286946028470993	0.1714627593755722	1.622538547962904e-09	0.015137076377868652	0.3791336119174957	0.1495407670736313	0.06023794412612915	0.014316461980342865	0.02286946028470993	0.008695651777088642	0.1714627593755722	1.622538547962904e-09	0.010177051648497581	0.012431896291673183	1.622538547962904e-09	5.000001692678779e-07	9.999999974752427e-07	0.0066950321197509766	0.007796458899974823	-1.3278622645884752e-08	0.030927835032343864	-1.3278622645884752e-08	0.007485579699277878	-1.3278622645884752e-08	0.02777777798473835	-1.3278622645884752e-08	1.622538547962904e-09	0.008695651777088642	0.3669218420982361	0.04854368790984154	5.000001692678779e-07	0.19233903288841248	1.622538547962904e-09	0.021178677678108215	0.01907866820693016	0.26595741510391235	9.999999974752427e-07	0.0752153992652893	0.2984440326690674	0.01907867193222046	9.999999974752427e-07	0.010416666977107525	0.19233903288841248	0.010324249044060707	0.007624365389347076	1.622538547962904e-09	1.622538547962904e-09	1.622538547962904e-09	9.999999974752427e-07	0.19233901798725128	0.19233904778957367	1.622538547962904e-09	0.026356376707553864	0.16347560286521912	0.04025731980800629	1.622538547962904e-09	1.622538547962904e-09	0.19233901798725128	1.622538547962904e-09	0.015332028269767761	0.0117647061124444	0.24910278618335724	0.01778506115078926	-1.3278622645884752e-08	0.24910277128219604	1.622538547962904e-09	9.999999974752427e-07	1.622538547962904e-09	0.1170303225517273	0.015458554029464722	0.0752154290676117	-1.3278622645884752e-08	0.00909090880304575	-1.3278622645884752e-08	0.009573204442858696	0.02117867022752762	0.0752154216170311	0.018691588193178177	0.015458546578884125	5.000001692678779e-07	0.005539216101169586	1.622538547962904e-09	0.01778506115078926	9.999999974752427e-07	0.02822047472000122	1.5000005078036338e-06	1.622538547962904e-09	9.999999974752427e-07	9.999999974752427e-07	-1.3278622645884752e-08	9.999999974752427e-07	0.16347560286521912	1.622538547962904e-09	0.14051920175552368	0.16347560286521912	0.24910280108451843	0.19233901798725128	0.011078406125307083	0.010101010091602802	0.009573204442858696	0.009177442640066147	0.14051921665668488	0.008695651777088642	1.622538547962904e-09	0.2222222089767456	0.11703035235404968	0.04181492328643799	0.011904762126505375	0.009177440777420998	0.010869565419852734	0.14051920175552368	-1.3278622645884752e-08	0.005539216101169586	0.026356376707553864	1.622538547962904e-09	5.000001692678779e-07	0.009999999776482582	0.01907867006957531	1.622538547962904e-09	0.010324249044060707	9.999999974752427e-07	9.999999974752427e-07	1.622538547962904e-09	9.999999974752427e-07	9.999999974752427e-07	1.622538547962904e-09	9.999999974752427e-07	0.012001216411590576	0.43699371814727783	0.05826278030872345	9.999999974752427e-07	0.2679571807384491	9.999999974752427e-07	0.04900254309177399	1.622538547962904e-09	0.3783048689365387	0.009493403136730194	0.06596280634403229	0.3783048391342163	1.622538547962904e-09	9.999999974752427e-07	0.01123595517128706	0.2679571509361267	-2.4010660126805305e-10	1.622538547962904e-09	-1.3278622645884752e-08	1.622538547962904e-09	1.622538547962904e-09	6.666664376098197e-07	0.2545320391654968	0.2679571509361267	0.010989011265337467	1.3333333299669903e-06	0.20756608247756958	0.04900255426764488	1.622538547962904e-09	0.005720056593418121	0.2679571509361267	1.622538547962904e-09	0.01575428992509842	0.010256931185722351	0.3783048391342163	0.01601792871952057	-2.4010660126805305e-10	0.3783048689365387	0.019911106675863266	9.999999974752427e-07	1.622538547962904e-09	0.1568257212638855	0.013005435466766357	0.11561180651187897	0.01815195381641388	6.666664376098197e-07	0.01815195381641388	0.010526316240429878	0.04900252819061279	0.06741572916507721	0.03269492834806442	0.018725495785474777	0.00909090880304575	-2.4010660126805305e-10	1.622538547962904e-09	0.00917431153357029	0.009686267003417015	0.009686268866062164	0.025567827746272087	9.999999974752427e-07	0.043478261679410934	0.01575428992509842	-2.4010660126805305e-10	0.009493403136730194	0.20756609737873077	9.999999974752427e-07	0.15682576596736908	0.20756609737873077	0.3783048689365387	0.2679571211338043	0.030948013067245483	0.025567827746272087	9.999999974752427e-07	9.999999974752427e-07	0.17497771978378296	0.009708737954497337	0.00909090880304575	0.31832000613212585	0.1568257361650467	0.04121395945549011	0.04972795397043228	0.010204081423580647	0.007700018584728241	0.19181180000305176	9.999999974752427e-07	0.011036910116672516	0.022488445043563843	0.016806723549962044	9.999999974752427e-07	0.009615384973585606	1.622538547962904e-09	1.622538547962904e-09	-2.4010660126805305e-10	1.622538547962904e-09	9.999999974752427e-07	1.622538547962904e-09	0.009803921915590763	1.622538547962904e-09	1.622538547962904e-09	9.999999974752427e-07	9.999999974752427e-07	0.35452133417129517	0.02059110254049301	0.010625112801790237	0.2112307995557785	0.02664191648364067	0.006121918559074402	9.999999974752427e-07	0.3018167018890381	0.006626579910516739	0.02059112675487995	0.3018167018890381	0.01864650845527649	-1.3278622645884752e-08	1.622538547962904e-09	0.16690479218959808	0.015181045979261398	9.999999974752427e-07	1.622538547962904e-09	1.622538547962904e-09	0.010238776914775372	1.622538547962904e-09	0.14026254415512085	0.21123084425926208	-1.3278622645884752e-08	1.622538547962904e-09	0.1402624249458313	0.02476842701435089	1.622538547962904e-09	1.622538547962904e-09	0.21123084425926208	-1.3278622645884752e-08	0.011363636702299118	6.912159733474255e-10	0.23242245614528656	-1.3278622645884752e-08	0.006100691854953766	0.29567742347717285	-1.3278622645884752e-08	-1.3278622645884752e-08	1.622538547962904e-09	0.09294700622558594	1.622538547962904e-09	0.06100180745124817	0.01366463303565979	1.622538547962904e-09	0.007563948631286621	0.011995955370366573	0.0061219483613967896	0.030612245202064514	0.00662657618522644	9.073119144886732e-09	-2.4010660126805305e-10	-1.3278622645884752e-08	-1.3278622645884752e-08	-1.3278622645884752e-08	9.999999974752427e-07	0.027936086058616638	0.010625114664435387	0.027522936463356018	0.007871784269809723	9.999999974752427e-07	1.622538547962904e-09	0.006626579910516739	0.1402624547481537	0.010101010091602802	0.09294699132442474	0.1402624547481537	0.29567742347717285	0.21123085916042328	-1.3278622645884752e-08	0.013964534737169743	0.011995954439043999	0.0061219483613967896	0.10661163181066513	1.622538547962904e-09	0.02664191648364067	0.21910256147384644	0.061001840978860855	1.622538547962904e-09	0.01331993006169796	0.0061219558119773865	1.622538547962904e-09	0.10661161690950394	9.999999974752427e-07	-1.3278622645884752e-08	1.622538547962904e-09	1.622538547962904e-09	-2.4010660126805305e-10	1.622538547962904e-09	9.999999974752427e-07	1.622538547962904e-09	0.015181045979261398	1.622538547962904e-09	6.912159733474255e-10	0.010238775983452797	0.007871784269809723	0.006139293313026428	1.622538547962904e-09	-1.3278622645884752e-08	1.622538547962904e-09	0.36081427335739136	0.07295437157154083	0.008505983278155327	0.2816368341445923	0.009365726262331009	0.026101574301719666	-1.3278622645884752e-08	0.30975285172462463	8.000001798791345e-07	0.07295437157154083	0.30975285172462463	-1.3278622645884752e-08	2.255546860396862e-10	-5.828042048960924e-09	0.22092562913894653	0.024959847331047058	-1.3278622645884752e-08	1.622538547962904e-09	1.622538547962904e-09	-1.3278622645884752e-08	9.999999974752427e-07	0.21155984699726105	0.22092559933662415	2.255546860396862e-10	0.00917431153357029	0.18405704200267792	0.026101619005203247	1.622538547962904e-09	-5.828042048960924e-09	0.22092559933662415	1.622538547962904e-09	-1.3278622645884752e-08	0.008564608171582222	0.29866209626197815	1.622538547962904e-09	9.999999974752427e-07	0.29866209626197815	2.255546860396862e-10	2.255546860396862e-10	1.622538547962904e-09	0.1273503601551056	-5.828042048960924e-09	0.08163265138864517	0.01516491174697876	0.008196720853447914	9.999999974752427e-07	-2.4010660126805305e-10	0.02610158920288086	0.07547169923782349	1.3999997463542968e-06	0.015599853359162807	0.01042632944881916	0.009330722503364086	0.018172070384025574	1.622538547962904e-09	1.622538547962904e-09	0.024959847331047058	0.028257330879569054	9.999999974752427e-07	0.008460655808448792	-1.3278622645884752e-08	9.999999974752427e-07	8.000001798791345e-07	0.14251525700092316	0.00936572253704071	0.1273503601551056	0.14251527190208435	0.29866209626197815	0.2816368341445923	0.00933072343468666	0.05747126415371895	-2.4010660126805305e-10	9.999999974752427e-07	0.14251521229743958	6.000000212225132e-07	0.00936572253704071	0.2900974750518799	0.1273503601551056	0.04308461770415306	-2.4010660126805305e-10	0.009282214567065239	1.622538547962904e-09	0.14251525700092316	9.999999974752427e-07	2.255546860396862e-10	0.027484744787216187	0.017241379246115685	0.009325018152594566	-5.828042048960924e-09	-1.3278622645884752e-08	0.015599831938743591	0.024959854781627655	-2.4010660126805305e-10	9.999999974752427e-07	-1.3278622645884752e-08	0.008460652083158493	0.0110907182097435	1.622538547962904e-09	1.622538547962904e-09	0.01681937836110592
55	-15547.466796875	-1	9	57	76	75	26	89	10	62	48	0	26	84	41	29	91	66	5	0	11	24	14	68	37	85	21	0	0	50	22	3	66	33	67	21	43	7	69	12	0	65	50	77	73	24	43	79	5	42	1	78	57	69	21	34	56	0	70	42	76	31	43	49	25	4	73	63	36	3	21	1	46	80	82	49	14	33	40	77	33	47	9	66	48	69	78	85	57	13	11	50	56	7	32	19	59	7	0	55	47	0.5437127947807312	0.08644906431436539	0.010285336524248123	0.4145510792732239	0.012830331921577454	0.010498285293579102	0.010526316240429878	0.4251323938369751	9.999999974752427e-07	0.08644905686378479	0.44155386090278625	0.06554710865020752	9.999999974752427e-07	9.999999974752427e-07	0.4095746874809265	9.999999974752427e-07	0.005317971110343933	1.622538547962904e-09	1.622538547962904e-09	9.999999974752427e-07	0.02298850566148758	0.39674437046051025	0.4095746576786041	9.999999974752427e-07	0.03314200043678284	0.2897196114063263	0.07604538649320602	1.622538547962904e-09	9.999999974752427e-07	0.4095746576786041	0.0049764662981033325	1.622538547962904e-09	1.622538547962904e-09	0.4145510196685791	0.03333333507180214	-1.3278622645884752e-08	0.42513248324394226	9.999999974752427e-07	9.999999974752427e-07	1.622538547962904e-09	0.22580645978450775	0.012048192322254181	0.1361638456583023	-1.3278622645884752e-08	9.999999974752427e-07	-1.3278622645884752e-08	1.622538547962904e-09	0.010498279705643654	0.1361638605594635	0.030567780137062073	0.02411612868309021	1.622538547962904e-09	0.008196720853447914	0.010869565419852734	9.999999974752427e-07	0.010526316240429878	0.026113219559192657	0.019338728860020638	-2.4010660126805305e-10	-1.3278622645884752e-08	1.622538547962904e-09	-1.3278622645884752e-08	0.030567795038223267	0.2705919146537781	9.999999974752427e-07	0.26527389883995056	0.2705919146537781	0.4251324534416199	0.40957462787628174	0.030927833169698715	0.05588129162788391	1.622538547962904e-09	0.010498277842998505	0.2652738690376282	-1.3278622645884752e-08	0.012830331921577454	0.4145510792732239	0.22250455617904663	0.08634074777364731	1.622538547962904e-09	0.010498279705643654	1.622538547962904e-09	0.26527389883995056	0.036036036908626556	0.009900989942252636	0.062224678695201874	0.029082641005516052	0.009053405374288559	9.999999974752427e-07	0.012195121496915817	9.999999974752427e-07	0.008547008968889713	-1.3278622645884752e-08	1.622538547962904e-09	9.999999974752427e-07	-1.3278622645884752e-08	-1.3278622645884752e-08	1.622538547962904e-09	9.999999974752427e-07	1.622538547962904e-09	0.4231007397174835	0.04496558755636215	0.010405869223177433	0.2722354531288147	0.010044899769127369	0.021052632480859756	9.999999974752427e-07	0.31625208258628845	0.018691588193178177	0.05226296931505203	0.31625211238861084	0.01785714365541935	0.010989011265337467	1.622538547962904e-09	0.2722354531288147	9.999999974752427e-07	1.622538547962904e-09	0.019417475908994675	1.622538547962904e-09	9.999999974752427e-07	6.666664376098197e-07	0.2291666716337204	0.2722354531288147	9.999999974752427e-07	1.3333333299669903e-06	0.1819043606519699	0.09699182957410812	1.622538547962904e-09	0.0078512541949749	0.2722354531288147	1.622538547962904e-09	1.622538547962904e-09	0.010638297535479069	0.31625205278396606	9.999999974752427e-07	-7.275957614183426e-12	0.31625205278396606	0.010526316240429878	0.009009009227156639	1.622538547962904e-09	0.10256187617778778	1.622538547962904e-09	0.0606570690870285	0.008510754443705082	6.666664376098197e-07	-7.275957614183426e-12	9.999999974752427e-07	1.3999997463542968e-06	0.05226297304034233	0.034559715539216995	0.022432174533605576	2.255546860396862e-10	9.999999974752427e-07	9.999999974752427e-07	9.999999974752427e-07	0.008264463394880295	0.009856700897216797	0.010405868291854858	0.008394084870815277	1.622538547962904e-09	1.622538547962904e-09	0.008510754443705082	0.034559715539216995	0.18190431594848633	0.010044899769127369	0.11764705926179886	0.18190434575080872	0.31625205278396606	0.2722354531288147	0.042105261236429214	0.010405870154500008	9.999999974752427e-07	8.000001798791345e-07	0.18190434575080872	1.622538547962904e-09	0.010044898837804794	0.2722354531288147	0.10256189107894897	0.04190482199192047	9.999999974752427e-07	8.000001798791345e-07	0.00729738175868988	0.18190434575080872	1.622538547962904e-09	0.016949152573943138	0.01947261206805706	9.999999974752427e-07	2.255546860396862e-10	1.622538547962904e-09	0.011627906933426857	0.014580924063920975	9.999999974752427e-07	1.622538547962904e-09	9.999999974752427e-07	9.999999974752427e-07	1.622538547962904e-09	1.622538547962904e-09	1.622538547962904e-09	9.999999974752427e-07	6.000000212225132e-07	0.449466347694397	0.08000115305185318	9.999999974752427e-07	0.3330483138561249	-1.3278622645884752e-08	0.03483247756958008	9.999999974752427e-07	0.3862634003162384	0.009220771491527557	0.08756303787231445	0.386263370513916	0.01332206092774868	-1.3278622645884752e-08	9.999999974752427e-07	0.2947915494441986	9.999999974752427e-07	0.029411764815449715	9.999999974752427e-07	-1.3278622645884752e-08	0.008118398487567902	0.010526316240429878	0.2947915494441986	0.2947915196418762	-1.3278622645884752e-08	0.01075268816202879	0.2947915196418762	0.04815460741519928	-1.3278622645884752e-08	0.02777777798473835	0.2947915494441986	0.019186578691005707	9.999999974752427e-07	0.008000507950782776	0.38626325130462646	-1.3278622645884752e-08	1.622538547962904e-09	0.38626334071159363	-1.3278622645884752e-08	-1.3278622645884752e-08	-1.3278622645884752e-08	0.1528805047273636	9.999999974752427e-07	0.08756301552057266	0.009048528037965298	9.999999974752427e-07	1.622538547962904e-09	0.009131014347076416	0.02860131859779358	0.08756303787231445	0.009220770560204983	0.04123711213469505	9.999999974752427e-07	-1.3278622645884752e-08	-1.3278622645884752e-08	-1.3278622645884752e-08	0.008003763854503632	0.015048369765281677	0.029999999329447746	1.622538547962904e-09	0.00909090880304575	9.999999974752427e-07	0.009048528969287872	0.009220771491527557	0.2947915196418762	-1.3278622645884752e-08	0.15288051962852478	0.2499999850988388	0.38626328110694885	0.31386175751686096	-1.3278622645884752e-08	0.032608695328235626	0.009131006896495819	9.999999974752427e-07	0.16192904114723206	-2.4010660126805305e-10	-1.3278622645884752e-08	0.36913180351257324	0.1528804898262024	0.06531748175621033	0.009131021797657013	0.028601333498954773	0.00756189227104187	0.16814157366752625	1.622538547962904e-09	-1.3278622645884752e-08	0.021052632480859756	0.009900989942252636	0.027272727340459824	9.999999974752427e-07	0.005203664302825928	0.008620689623057842	0.007044576108455658	-1.3278622645884752e-08	0.008000507950782776	0.008118398487567902	9.999999974752427e-07	-1.3278622645884752e-08	-1.3278622645884752e-08	9.999999974752427e-07	1.622538547962904e-09	0.4417252540588379	0.024390242993831635	9.999999974752427e-07	0.30527326464653015	0.010416666977107525	0.014637134969234467	9.999999974752427e-07	0.3760969042778015	9.999999974752427e-07	0.04878048598766327	0.3760969042778015	0.05099131911993027	9.999999974752427e-07	0.008882244117558002	0.30527329444885254	1.622538547962904e-09	1.622538547962904e-09	1.622538547962904e-09	1.622538547962904e-09	0.0304144024848938	0.012048192322254181	0.29318323731422424	0.30527329444885254	9.999999974752427e-07	0.017391303554177284	0.2670987844467163	0.06562845408916473	1.622538547962904e-09	0.010416666977107525	0.30527329444885254	1.622538547962904e-09	1.622538547962904e-09	1.622538547962904e-09	0.30527329444885254	1.622538547962904e-09	0.010526316240429878	0.3760969042778015	9.999999974752427e-07	9.999999974752427e-07	1.622538547962904e-09	0.14387741684913635	0.025641024112701416	0.07431011646986008	0.032608695328235626	9.999999974752427e-07	0.009615384973585606	1.622538547962904e-09	0.01463712751865387	0.07431010156869888	0.010309278033673763	0.04452749714255333	0.009433962404727936	9.999999974752427e-07	1.622538547962904e-09	1.622538547962904e-09	1.622538547962904e-09	1.622538547962904e-09	0.009569531306624413	1.622538547962904e-09	1.622538547962904e-09	1.622538547962904e-09	0.01123595517128706	9.999999974752427e-07	0.20471768081188202	9.999999974752427e-07	0.14387744665145874	0.2047176957130432	0.3052733242511749	0.30527329444885254	0.026084452867507935	0.009569531306624413	1.622538547962904e-09	0.010101010091602802	0.204717755317688	0.010204081423580647	0.010989011265337467	0.30527329444885254	0.14387741684913635	0.06956726312637329	1.622538547962904e-09	0.01463712751865387	9.999999974752427e-07	0.20471777021884918	0.009803921915590763	9.999999974752427e-07	0.02503982186317444	9.999999974752427e-07	9.999999974752427e-07	0.008882243186235428	0.020576924085617065	9.999999974752427e-07	1.622538547962904e-09	1.622538547962904e-09	1.622538547962904e-09	9.999999974752427e-07	1.622538547962904e-09	1.622538547962904e-09	1.622538547962904e-09	1.622538547962904e-09	1.622538547962904e-09	0.3537144362926483	0.026411600410938263	4.2857209336943924e-07	0.20192477107048035	1.622538547962904e-09	0.027027027681469917	-7.275957614183426e-12	0.28152182698249817	1.622538547962904e-09	0.026411622762680054	0.2815217971801758	0.010256588459014893	9.999999974752427e-07	1.622538547962904e-09	0.20192477107048035	9.999999974752427e-07	1.622538547962904e-09	9.999999974752427e-07	1.622538547962904e-09	0.010256589390337467	1.622538547962904e-09	0.20192474126815796	0.20192478597164154	1.622538547962904e-09	1.622538547962904e-09	0.16246558725833893	0.05873368680477142	1.622538547962904e-09	0.027633339166641235	0.20192477107048035	-1.3278622645884752e-08	1.622538547962904e-09	-1.3278622645884752e-08	0.20192483067512512	0.008206691592931747	9.999999974752427e-07	0.2740027904510498	1.622538547962904e-09	9.999999974752427e-07	1.622538547962904e-09	0.05703481286764145	1.622538547962904e-09	0.02641153335571289	0.03179077059030533	1.622538547962904e-09	9.999999974752427e-07	-1.3278622645884752e-08	0.009401541203260422	0.026411622762680054	0.009916093200445175	0.027633339166641235	4.2857209336943924e-07	1.622538547962904e-09	0.013445600867271423	0.008206691592931747	9.999999974752427e-07	0.013458997011184692	1.2857158253609668e-06	-1.3278622645884752e-08	-1.3278622645884752e-08	1.622538547962904e-09	9.999999974752427e-07	1.622538547962904e-09	0.16246557235717773	1.622538547962904e-09	0.05703481659293175	0.10570608824491501	0.2626262605190277	0.20192477107048035	0.01780684106051922	1.2857121873821598e-06	-1.3278622645884752e-08	9.999999974752427e-07	0.08882559835910797	0.009916089475154877	1.622538547962904e-09	0.20192478597164154	0.05404491350054741	0.027633339166641235	-1.3278622645884752e-08	0.009401543065905571	1.622538547962904e-09	0.1057060956954956	-1.3278622645884752e-08	0.017806850373744965	1.622538547962904e-09	1.622538547962904e-09	4.2857209336943924e-07	1.622538547962904e-09	-7.275957614183426e-12	1.622538547962904e-09	9.999999974752427e-07	1.622538547962904e-09	-1.3278622645884752e-08	9.999999974752427e-07	-1.3278622645884752e-08	0.007519088685512543	1.622538547962904e-09	9.999999974752427e-07	2.255546860396862e-10	0.5330700278282166	0.005072489380836487	5.000001692678779e-07	0.3791336119174957	0.015137098729610443	0.04571791738271713	9.999999974752427e-07	0.47317153215408325	1.622538547962904e-09	0.08930285274982452	0.47317153215408325	0.01418062299489975	0.010177051648497581	9.999999974752427e-07	0.283880352973938	-1.3278622645884752e-08	1.622538547962904e-09	0.0094290841370821	-1.3278622645884752e-08	0.007485590875148773	9.999999974752427e-07	0.2687433063983917	0.3461630940437317	0.011049933731555939	0.012431889772415161	0.21618443727493286	0.059898555278778076	-1.3278622645884752e-08	1.622538547962904e-09	0.2838802933692932	0.030927835032343864	0.04472166299819946	-1.3278622645884752e-08	0.39345017075538635	1.622538547962904e-09	-1.3278622645884752e-08	0.39345014095306396	0.011049933731555939	0.010177051648497581	-1.3278622645884752e-08	0.16346153616905212	0.04000958055257797	0.08930287510156631	-1.3278622645884752e-08	0.010416666977107525	-1.3278622645884752e-08	0.014316469430923462	0.03628884255886078	0.08930285274982452	1.622538547962904e-09	0.0478060245513916	5.000001692678779e-07	0.028037382289767265	1.622538547962904e-09	1.622538547962904e-09	-1.3278622645884752e-08	-1.3278622645884752e-08	1.5000005078036338e-06	1.622538547962904e-09	-1.3278622645884752e-08	9.999999974752427e-07	-1.3278622645884752e-08	1.622538547962904e-09	0.21618443727493286	0.015137098729610443	0.171462744474411	0.21618443727493286	0.39345014095306396	0.3461630940437317	0.05255882441997528	0.005072489380836487	9.999999974752427e-07	0.02286946028470993	0.1714627593755722	1.622538547962904e-09	0.01513710618019104	0.37913358211517334	0.1495407670736313	0.06023794412612915	0.014316461980342865	0.02286946028470993	0.008695651777088642	0.1714627593755722	1.622538547962904e-09	0.010177051648497581	0.012431896291673183	1.622538547962904e-09	5.000001692678779e-07	9.999999974752427e-07	0.006695054471492767	0.007796458899974823	-1.3278622645884752e-08	0.030927835032343864	-1.3278622645884752e-08	0.007485590875148773	-1.3278622645884752e-08	0.02777777798473835	-1.3278622645884752e-08	-1.3278622645884752e-08	0.008695651777088642	0.3669218420982361	0.04854368790984154	5.000001692678779e-07	0.19233903288841248	1.622538547962904e-09	0.021178677678108215	0.01907866820693016	0.26595741510391235	9.999999974752427e-07	0.0752153992652893	0.2984440326690674	0.01907867193222046	9.999999974752427e-07	0.010416666977107525	0.19233903288841248	0.010324249044060707	0.007624365389347076	1.622538547962904e-09	1.622538547962904e-09	1.622538547962904e-09	9.999999974752427e-07	0.19233901798725128	0.19233904778957367	1.622538547962904e-09	0.026356376707553864	0.16347560286521912	0.04025731980800629	1.622538547962904e-09	1.622538547962904e-09	0.19233901798725128	1.622538547962904e-09	0.015332028269767761	0.0117647061124444	0.24910278618335724	0.01778506115078926	-1.3278622645884752e-08	0.24910277128219604	1.622538547962904e-09	9.999999974752427e-07	1.622538547962904e-09	0.1170303225517273	0.015458554029464722	0.0752154290676117	-1.3278622645884752e-08	0.00909090880304575	-1.3278622645884752e-08	0.009573204442858696	0.02117867022752762	0.0752154216170311	0.018691588193178177	0.015458546578884125	5.000001692678779e-07	0.005539216101169586	1.622538547962904e-09	0.01778506115078926	9.999999974752427e-07	0.02822047472000122	1.5000005078036338e-06	1.622538547962904e-09	9.999999974752427e-07	9.999999974752427e-07	-1.3278622645884752e-08	9.999999974752427e-07	0.16347560286521912	1.622538547962904e-09	0.14051920175552368	0.16347560286521912	0.24910280108451843	0.19233901798725128	0.011078406125307083	0.010101010091602802	0.009573204442858696	0.009177442640066147	0.14051921665668488	0.008695651777088642	1.622538547962904e-09	0.2222222089767456	0.11703035235404968	0.04181492328643799	0.011904762126505375	0.009177440777420998	0.010869565419852734	0.14051920175552368	-1.3278622645884752e-08	0.005539216101169586	0.026356376707553864	1.622538547962904e-09	5.000001692678779e-07	0.009999999776482582	0.01907867006957531	1.622538547962904e-09	0.010324249044060707	9.999999974752427e-07	9.999999974752427e-07	1.622538547962904e-09	9.999999974752427e-07	9.999999974752427e-07	1.622538547962904e-09	9.999999974752427e-07	0.012001216411590576	0.43699371814727783	0.05826278030872345	9.999999974752427e-07	0.2679571807384491	9.999999974752427e-07	0.04900254309177399	1.622538547962904e-09	0.3783048689365387	0.009493403136730194	0.06596280634403229	0.3783048391342163	1.622538547962904e-09	9.999999974752427e-07	0.01123595517128706	0.2679571509361267	-2.4010660126805305e-10	1.622538547962904e-09	-1.3278622645884752e-08	1.622538547962904e-09	1.622538547962904e-09	6.666664376098197e-07	0.2545320391654968	0.2679571509361267	0.010989011265337467	1.3333333299669903e-06	0.20756608247756958	0.04900255426764488	1.622538547962904e-09	0.005720056593418121	0.2679571509361267	1.622538547962904e-09	0.01575428992509842	0.010256931185722351	0.3783048391342163	0.01601792871952057	-2.4010660126805305e-10	0.3783048689365387	0.019911106675863266	9.999999974752427e-07	1.622538547962904e-09	0.1568257212638855	0.013005435466766357	0.11561180651187897	0.01815195381641388	6.666664376098197e-07	0.01815195381641388	0.010526316240429878	0.04900252819061279	0.06741572916507721	0.03269492834806442	0.018725495785474777	0.00909090880304575	-2.4010660126805305e-10	1.622538547962904e-09	0.00917431153357029	0.009686267003417015	0.009686268866062164	0.025567827746272087	9.999999974752427e-07	0.043478261679410934	0.01575428992509842	-2.4010660126805305e-10	0.009493403136730194	0.20756609737873077	9.999999974752427e-07	0.15682576596736908	0.20756609737873077	0.3783048689365387	0.2679571211338043	0.030948013067245483	0.025567827746272087	9.999999974752427e-07	9.999999974752427e-07	0.17497771978378296	0.009708737954497337	0.00909090880304575	0.31832000613212585	0.1568257361650467	0.04121395945549011	0.04972795397043228	0.010204081423580647	0.007700018584728241	0.19181180000305176	9.999999974752427e-07	0.011036910116672516	0.022488445043563843	0.016806723549962044	9.999999974752427e-07	0.009615384973585606	1.622538547962904e-09	1.622538547962904e-09	-2.4010660126805305e-10	1.622538547962904e-09	9.999999974752427e-07	1.622538547962904e-09	0.009803921915590763	1.622538547962904e-09	1.622538547962904e-09	9.999999974752427e-07	9.999999974752427e-07	0.3545212745666504	0.02059110254049301	0.010625112801790237	0.21123084425926208	0.02664199471473694	0.006121933460235596	9.999999974752427e-07	0.3018167018890381	0.006626579910516739	0.02059112675487995	0.3018166720867157	0.018646493554115295	-1.3278622645884752e-08	1.622538547962904e-09	0.1669045239686966	0.015181045979261398	9.999999974752427e-07	1.622538547962904e-09	1.622538547962904e-09	0.010238776914775372	1.622538547962904e-09	0.14026254415512085	0.2112308144569397	-1.3278622645884752e-08	1.622538547962904e-09	0.14026251435279846	0.024768412113189697	1.622538547962904e-09	1.622538547962904e-09	0.2112308144569397	-1.3278622645884752e-08	0.011363636702299118	6.912159733474255e-10	0.23242251574993134	-1.3278622645884752e-08	0.006100691854953766	0.29567739367485046	-1.3278622645884752e-08	-1.3278622645884752e-08	1.622538547962904e-09	0.09294700622558594	1.622538547962904e-09	0.06100180745124817	0.01366463303565979	1.622538547962904e-09	0.007563948631286621	0.011995955370366573	0.0061219483613967896	0.030612245202064514	0.00662657618522644	9.073119144886732e-09	-2.4010660126805305e-10	-1.3278622645884752e-08	-1.3278622645884752e-08	-1.3278622645884752e-08	9.999999974752427e-07	0.027936086058616638	0.010625114664435387	0.027522936463356018	0.007871739566326141	9.999999974752427e-07	1.622538547962904e-09	0.006626579910516739	0.14026251435279846	0.010101010091602802	0.09294699132442474	0.14026251435279846	0.29567742347717285	0.21123076975345612	-1.3278622645884752e-08	0.013964534737169743	0.011995954439043999	0.0061219483613967896	0.10661163181066513	1.622538547962904e-09	0.02664199471473694	0.2191026210784912	0.061001840978860855	1.622538547962904e-09	0.013319892808794975	0.006121940910816193	1.622538547962904e-09	0.10661161690950394	9.999999974752427e-07	-1.3278622645884752e-08	1.622538547962904e-09	1.622538547962904e-09	-2.4010660126805305e-10	1.622538547962904e-09	9.999999974752427e-07	1.622538547962904e-09	0.015181045979261398	1.622538547962904e-09	6.912159733474255e-10	0.010238775983452797	0.007871739566326141	0.006139278411865234	1.622538547962904e-09	9.999999974752427e-07	1.622538547962904e-09	0.36081427335739136	0.07295437157154083	0.008505983278155327	0.2816368341445923	0.009365733712911606	0.02610158920288086	-1.3278622645884752e-08	0.3097529113292694	8.000001798791345e-07	0.07295437157154083	0.3097529113292694	-1.3278622645884752e-08	2.255546860396862e-10	-5.828042048960924e-09	0.22092559933662415	0.024959862232208252	-1.3278622645884752e-08	1.622538547962904e-09	1.622538547962904e-09	-1.3278622645884752e-08	9.999999974752427e-07	0.21155986189842224	0.22092559933662415	2.255546860396862e-10	0.00917431153357029	0.1840570569038391	0.026101619005203247	1.622538547962904e-09	-5.828042048960924e-09	0.22092559933662415	1.622538547962904e-09	-1.3278622645884752e-08	0.008564604446291924	0.29866212606430054	1.622538547962904e-09	9.999999974752427e-07	0.2986621558666229	2.255546860396862e-10	2.255546860396862e-10	1.622538547962904e-09	0.1273503601551056	-5.828042048960924e-09	0.08163265138864517	0.01516491174697876	0.008196720853447914	9.999999974752427e-07	-2.4010660126805305e-10	0.026101604104042053	0.07547169923782349	1.3999997463542968e-06	0.015599853359162807	0.01042632944881916	0.009330726228654385	0.018172089010477066	1.622538547962904e-09	1.622538547962904e-09	0.024959847331047058	0.028257330879569054	9.999999974752427e-07	0.008460652083158493	-1.3278622645884752e-08	9.999999974752427e-07	8.000001798791345e-07	0.14251525700092316	0.009365729987621307	0.1273503601551056	0.14251527190208435	0.29866212606430054	0.2816368341445923	0.00933072715997696	0.05747126415371895	-2.4010660126805305e-10	9.999999974752427e-07	0.14251521229743958	6.000000212225132e-07	0.009365737438201904	0.29009753465652466	0.1273503601551056	0.04308461770415306	-2.4010660126805305e-10	0.009282222017645836	1.622538547962904e-09	0.14251525700092316	9.999999974752427e-07	2.255546860396862e-10	0.027484744787216187	0.017241379246115685	0.009325018152594566	-5.828042048960924e-09	-1.3278622645884752e-08	0.015599831938743591	0.02495986968278885	-2.4010660126805305e-10	9.999999974752427e-07	-1.3278622645884752e-08	0.008460652083158493	0.011090757325291634	1.622538547962904e-09	1.622538547962904e-09	0.016819385811686516
56	-15547.466796875	-1	9	57	76	75	26	89	10	62	48	0	26	84	41	29	91	66	5	0	11	24	14	68	37	85	21	0	0	50	22	3	66	33	67	21	43	7	69	12	0	65	50	77	73	24	43	79	5	42	1	78	57	69	21	34	56	0	70	42	76	31	43	49	25	4	73	63	36	3	21	1	46	80	82	49	14	33	40	77	33	47	9	66	48	69	78	85	57	13	11	50	56	7	32	19	59	7	0	56	47	0.5437127351760864	0.08644906431436539	0.010285336524248123	0.4145510792732239	0.012830331921577454	0.010498270392417908	0.010526316240429878	0.4251323938369751	9.999999974752427e-07	0.08644905686378479	0.4415539503097534	0.06554710865020752	9.999999974752427e-07	9.999999974752427e-07	0.4095746874809265	9.999999974752427e-07	0.005317971110343933	1.622538547962904e-09	1.622538547962904e-09	9.999999974752427e-07	0.02298850566148758	0.39674437046051025	0.4095746576786041	9.999999974752427e-07	0.03314200043678284	0.2897196114063263	0.07604535669088364	1.622538547962904e-09	9.999999974752427e-07	0.4095746576786041	0.0049764662981033325	1.622538547962904e-09	1.622538547962904e-09	0.4145510196685791	0.03333333507180214	-1.3278622645884752e-08	0.42513248324394226	9.999999974752427e-07	9.999999974752427e-07	1.622538547962904e-09	0.22580645978450775	0.012048192322254181	0.1361638456583023	-1.3278622645884752e-08	9.999999974752427e-07	-1.3278622645884752e-08	1.622538547962904e-09	0.010498268529772758	0.1361638605594635	0.030567780137062073	0.02411612868309021	1.622538547962904e-09	0.008196720853447914	0.010869565419852734	9.999999974752427e-07	0.010526316240429878	0.026113176718354225	0.019338728860020638	-2.4010660126805305e-10	-1.3278622645884752e-08	1.622538547962904e-09	-1.3278622645884752e-08	0.030567795038223267	0.2705919146537781	9.999999974752427e-07	0.26527389883995056	0.2705919146537781	0.4251324534416199	0.40957462787628174	0.030927833169698715	0.05588129162788391	1.622538547962904e-09	0.010498274117708206	0.2652738690376282	-1.3278622645884752e-08	0.012830331921577454	0.4145510792732239	0.22250455617904663	0.08634074777364731	1.622538547962904e-09	0.010498275980353355	1.622538547962904e-09	0.26527389883995056	0.036036036908626556	0.009900989942252636	0.062224678695201874	0.029082641005516052	0.009053405374288559	9.999999974752427e-07	0.012195121496915817	9.999999974752427e-07	0.008547008968889713	-1.3278622645884752e-08	1.622538547962904e-09	9.999999974752427e-07	-1.3278622645884752e-08	-1.3278622645884752e-08	1.622538547962904e-09	9.999999974752427e-07	1.622538547962904e-09	0.42310065031051636	0.04496558755636215	0.010405869223177433	0.2722354531288147	0.010044899769127369	0.021052632480859756	9.999999974752427e-07	0.31625208258628845	0.018691588193178177	0.05226296931505203	0.31625208258628845	0.01785714365541935	0.010989011265337467	1.622538547962904e-09	0.2722354531288147	9.999999974752427e-07	1.622538547962904e-09	0.019417475908994675	1.622538547962904e-09	9.999999974752427e-07	6.666664376098197e-07	0.2291666716337204	0.2722354531288147	9.999999974752427e-07	1.3333333299669903e-06	0.1819043606519699	0.09699184447526932	1.622538547962904e-09	0.0078512541949749	0.2722354531288147	1.622538547962904e-09	1.622538547962904e-09	0.010638297535479069	0.31625211238861084	9.999999974752427e-07	-7.275957614183426e-12	0.31625208258628845	0.010526316240429878	0.009009009227156639	1.622538547962904e-09	0.10256187617778778	1.622538547962904e-09	0.0606570690870285	0.008510754443705082	6.666664376098197e-07	-7.275957614183426e-12	9.999999974752427e-07	1.3999997463542968e-06	0.05226297304034233	0.034559715539216995	0.022432174533605576	2.255546860396862e-10	9.999999974752427e-07	9.999999974752427e-07	9.999999974752427e-07	0.008264463394880295	0.00985671579837799	0.010405868291854858	0.008394084870815277	1.622538547962904e-09	1.622538547962904e-09	0.008510754443705082	0.034559715539216995	0.18190431594848633	0.010044899769127369	0.11764705926179886	0.18190434575080872	0.31625211238861084	0.2722354531288147	0.042105261236429214	0.010405870154500008	9.999999974752427e-07	8.000001798791345e-07	0.18190434575080872	1.622538547962904e-09	0.010044898837804794	0.2722354531288147	0.10256189107894897	0.04190482199192047	9.999999974752427e-07	8.000001798791345e-07	0.00729738175868988	0.18190434575080872	1.622538547962904e-09	0.016949152573943138	0.01947261206805706	9.999999974752427e-07	2.255546860396862e-10	1.622538547962904e-09	0.011627906933426857	0.014580924063920975	9.999999974752427e-07	1.622538547962904e-09	9.999999974752427e-07	9.999999974752427e-07	1.622538547962904e-09	1.622538547962904e-09	1.622538547962904e-09	9.999999974752427e-07	6.000000212225132e-07	0.449466347694397	0.08000115305185318	9.999999974752427e-07	0.3330483138561249	-1.3278622645884752e-08	0.03483247756958008	9.999999974752427e-07	0.386263370513916	0.009220771491527557	0.08756303787231445	0.38626334071159363	0.01332206092774868	-1.3278622645884752e-08	9.999999974752427e-07	0.2947915494441986	9.999999974752427e-07	0.029411764815449715	9.999999974752427e-07	-1.3278622645884752e-08	0.008118398487567902	0.010526316240429878	0.2947915494441986	0.2947915196418762	-1.3278622645884752e-08	0.01075268816202879	0.2947915196418762	0.04815460741519928	-1.3278622645884752e-08	0.02777777798473835	0.2947915494441986	0.019186578691005707	9.999999974752427e-07	0.008000463247299194	0.38626325130462646	-1.3278622645884752e-08	1.622538547962904e-09	0.386263370513916	-1.3278622645884752e-08	-1.3278622645884752e-08	-1.3278622645884752e-08	0.1528805047273636	9.999999974752427e-07	0.08756301552057266	0.009048528037965298	9.999999974752427e-07	1.622538547962904e-09	0.009130984544754028	0.02860131859779358	0.08756303787231445	0.009220770560204983	0.04123711213469505	9.999999974752427e-07	-1.3278622645884752e-08	-1.3278622645884752e-08	-1.3278622645884752e-08	0.008003771305084229	0.015048325061798096	0.029999999329447746	1.622538547962904e-09	0.00909090880304575	9.999999974752427e-07	0.009048528969287872	0.009220771491527557	0.2947915196418762	-1.3278622645884752e-08	0.15288051962852478	0.2499999850988388	0.38626334071159363	0.31386175751686096	-1.3278622645884752e-08	0.032608695328235626	0.009130977094173431	9.999999974752427e-07	0.16192904114723206	-2.4010660126805305e-10	-1.3278622645884752e-08	0.36913174390792847	0.1528804898262024	0.06531748175621033	0.009130991995334625	0.028601333498954773	0.00756189227104187	0.16814157366752625	1.622538547962904e-09	-1.3278622645884752e-08	0.021052632480859756	0.009900989942252636	0.027272727340459824	9.999999974752427e-07	0.005203664302825928	0.008620689623057842	0.007044598460197449	-1.3278622645884752e-08	0.008000463247299194	0.008118398487567902	9.999999974752427e-07	-1.3278622645884752e-08	-1.3278622645884752e-08	1.622538547962904e-09	1.622538547962904e-09	0.4417251944541931	0.024390242993831635	9.999999974752427e-07	0.30527326464653015	0.010416666977107525	0.014637134969234467	9.999999974752427e-07	0.3760969042778015	9.999999974752427e-07	0.04878048598766327	0.3760969042778015	0.050991348922252655	9.999999974752427e-07	0.008882244117558002	0.30527329444885254	1.622538547962904e-09	1.622538547962904e-09	1.622538547962904e-09	1.622538547962904e-09	0.030414395034313202	0.012048192322254181	0.29318323731422424	0.30527329444885254	9.999999974752427e-07	0.017391303554177284	0.2670987844467163	0.06562845408916473	1.622538547962904e-09	0.010416666977107525	0.30527329444885254	1.622538547962904e-09	1.622538547962904e-09	1.622538547962904e-09	0.30527329444885254	1.622538547962904e-09	0.010526316240429878	0.3760969042778015	9.999999974752427e-07	9.999999974752427e-07	1.622538547962904e-09	0.14387741684913635	0.025641024112701416	0.07431011646986008	0.032608695328235626	9.999999974752427e-07	0.009615384973585606	1.622538547962904e-09	0.014637134969234467	0.07431010156869888	0.010309278033673763	0.04452749714255333	0.009433962404727936	9.999999974752427e-07	1.622538547962904e-09	1.622538547962904e-09	1.622538547962904e-09	1.622538547962904e-09	0.009569531306624413	1.622538547962904e-09	1.622538547962904e-09	1.622538547962904e-09	0.01123595517128706	9.999999974752427e-07	0.20471768081188202	9.999999974752427e-07	0.14387744665145874	0.2047176957130432	0.3052733242511749	0.30527329444885254	0.026084452867507935	0.009569531306624413	1.622538547962904e-09	0.010101010091602802	0.204717755317688	0.010204081423580647	0.010989011265337467	0.30527329444885254	0.14387741684913635	0.06956726312637329	1.622538547962904e-09	0.014637142419815063	9.999999974752427e-07	0.20471777021884918	0.009803921915590763	9.999999974752427e-07	0.02503982186317444	9.999999974752427e-07	9.999999974752427e-07	0.008882243186235428	0.020576931536197662	9.999999974752427e-07	1.622538547962904e-09	1.622538547962904e-09	1.622538547962904e-09	9.999999974752427e-07	1.622538547962904e-09	1.622538547962904e-09	1.622538547962904e-09	1.622538547962904e-09	1.622538547962904e-09	0.3537144362926483	0.026411600410938263	4.2857209336943924e-07	0.20192477107048035	1.622538547962904e-09	0.027027027681469917	-7.275957614183426e-12	0.28152182698249817	1.622538547962904e-09	0.026411622762680054	0.2815217971801758	0.010256588459014893	9.999999974752427e-07	1.622538547962904e-09	0.20192477107048035	9.999999974752427e-07	1.622538547962904e-09	9.999999974752427e-07	1.622538547962904e-09	0.010256589390337467	1.622538547962904e-09	0.20192474126815796	0.20192478597164154	1.622538547962904e-09	1.622538547962904e-09	0.16246558725833893	0.05873368680477142	1.622538547962904e-09	0.027633339166641235	0.20192477107048035	-1.3278622645884752e-08	1.622538547962904e-09	-1.3278622645884752e-08	0.20192483067512512	0.008206691592931747	9.999999974752427e-07	0.2740027904510498	1.622538547962904e-09	9.999999974752427e-07	1.622538547962904e-09	0.05703481286764145	1.622538547962904e-09	0.02641153335571289	0.03179077059030533	1.622538547962904e-09	9.999999974752427e-07	-1.3278622645884752e-08	0.009401541203260422	0.026411622762680054	0.009916093200445175	0.027633339166641235	4.2857209336943924e-07	1.622538547962904e-09	0.013445600867271423	0.008206691592931747	9.999999974752427e-07	0.013458997011184692	1.2857158253609668e-06	-1.3278622645884752e-08	-1.3278622645884752e-08	1.622538547962904e-09	9.999999974752427e-07	1.622538547962904e-09	0.16246557235717773	1.622538547962904e-09	0.05703481659293175	0.10570608824491501	0.2626262605190277	0.20192477107048035	0.01780684106051922	1.2857121873821598e-06	-1.3278622645884752e-08	9.999999974752427e-07	0.08882559835910797	0.009916089475154877	1.622538547962904e-09	0.20192478597164154	0.05404491350054741	0.027633339166641235	-1.3278622645884752e-08	0.009401543065905571	1.622538547962904e-09	0.1057060956954956	-1.3278622645884752e-08	0.017806850373744965	1.622538547962904e-09	1.622538547962904e-09	4.2857209336943924e-07	1.622538547962904e-09	-7.275957614183426e-12	1.622538547962904e-09	9.999999974752427e-07	1.622538547962904e-09	-1.3278622645884752e-08	9.999999974752427e-07	-1.3278622645884752e-08	0.007519088685512543	1.622538547962904e-09	9.999999974752427e-07	2.255546860396862e-10	0.5330699682235718	0.005072489380836487	5.000001692678779e-07	0.3791336119174957	0.015137098729610443	0.04571794718503952	9.999999974752427e-07	0.47317156195640564	1.622538547962904e-09	0.08930285274982452	0.47317156195640564	0.01418064534664154	0.010177051648497581	9.999999974752427e-07	0.283880352973938	-1.3278622645884752e-08	1.622538547962904e-09	0.009429099038243294	-1.3278622645884752e-08	0.00748559832572937	9.999999974752427e-07	0.2687433063983917	0.3461630940437317	0.011049933731555939	0.012431889772415161	0.21618443727493286	0.059898585081100464	-1.3278622645884752e-08	1.622538547962904e-09	0.2838802933692932	0.030927835032343864	0.04472166299819946	-1.3278622645884752e-08	0.39345017075538635	1.622538547962904e-09	-1.3278622645884752e-08	0.39345014095306396	0.011049933731555939	0.010177051648497581	-1.3278622645884752e-08	0.16346153616905212	0.04000958055257797	0.08930287510156631	-1.3278622645884752e-08	0.010416666977107525	-1.3278622645884752e-08	0.014316469430923462	0.03628885746002197	0.08930285274982452	1.622538547962904e-09	0.0478060245513916	5.000001692678779e-07	0.028037382289767265	1.622538547962904e-09	1.622538547962904e-09	-1.3278622645884752e-08	-1.3278622645884752e-08	1.5000005078036338e-06	1.622538547962904e-09	-1.3278622645884752e-08	9.999999974752427e-07	-1.3278622645884752e-08	1.622538547962904e-09	0.21618443727493286	0.015137098729610443	0.171462744474411	0.21618443727493286	0.39345014095306396	0.3461630940437317	0.05255882441997528	0.005072489380836487	9.999999974752427e-07	0.02286946028470993	0.1714627593755722	1.622538547962904e-09	0.01513710618019104	0.37913358211517334	0.1495407670736313	0.06023794412612915	0.014316461980342865	0.02286946028470993	0.008695651777088642	0.1714627593755722	1.622538547962904e-09	0.010177051648497581	0.012431896291673183	1.622538547962904e-09	5.000001692678779e-07	9.999999974752427e-07	0.006695061922073364	0.007796458899974823	-1.3278622645884752e-08	0.030927835032343864	-1.3278622645884752e-08	0.007485594600439072	-1.3278622645884752e-08	0.02777777798473835	-1.3278622645884752e-08	-1.3278622645884752e-08	0.008695651777088642	0.36692190170288086	0.04854368790984154	5.000001692678779e-07	0.19233903288841248	1.622538547962904e-09	0.021178647875785828	0.01907866820693016	0.26595741510391235	9.999999974752427e-07	0.0752153992652893	0.2984440326690674	0.019078657031059265	9.999999974752427e-07	0.010416666977107525	0.19233903288841248	0.010324249044060707	0.007624365389347076	1.622538547962904e-09	1.622538547962904e-09	1.622538547962904e-09	9.999999974752427e-07	0.19233901798725128	0.19233904778957367	1.622538547962904e-09	0.026356376707553864	0.16347560286521912	0.04025731980800629	1.622538547962904e-09	1.622538547962904e-09	0.19233901798725128	1.622538547962904e-09	0.015332028269767761	0.0117647061124444	0.24910278618335724	0.01778506115078926	-1.3278622645884752e-08	0.24910277128219604	1.622538547962904e-09	9.999999974752427e-07	1.622538547962904e-09	0.1170303225517273	0.015458554029464722	0.0752154290676117	-1.3278622645884752e-08	0.00909090880304575	-1.3278622645884752e-08	0.009573204442858696	0.02117867022752762	0.0752154216170311	0.018691588193178177	0.015458546578884125	5.000001692678779e-07	0.005539216101169586	1.622538547962904e-09	0.01778506115078926	9.999999974752427e-07	0.028220459818840027	1.5000005078036338e-06	1.622538547962904e-09	9.999999974752427e-07	9.999999974752427e-07	-1.3278622645884752e-08	9.999999974752427e-07	0.16347560286521912	1.622538547962904e-09	0.14051920175552368	0.16347560286521912	0.24910280108451843	0.19233901798725128	0.011078406125307083	0.010101010091602802	0.009573204442858696	0.009177442640066147	0.14051921665668488	0.008695651777088642	1.622538547962904e-09	0.2222222089767456	0.11703035235404968	0.04181492328643799	0.011904762126505375	0.009177440777420998	0.010869565419852734	0.14051920175552368	-1.3278622645884752e-08	0.005539216101169586	0.026356376707553864	1.622538547962904e-09	5.000001692678779e-07	0.009999999776482582	0.01907866634428501	1.622538547962904e-09	0.010324249044060707	9.999999974752427e-07	9.999999974752427e-07	1.622538547962904e-09	9.999999974752427e-07	9.999999974752427e-07	1.622538547962904e-09	9.999999974752427e-07	0.012001216411590576	0.43699368834495544	0.05826278030872345	9.999999974752427e-07	0.2679571807384491	9.999999974752427e-07	0.04900255799293518	1.622538547962904e-09	0.3783048987388611	0.009493403136730194	0.06596280634403229	0.3783048987388611	1.622538547962904e-09	9.999999974752427e-07	0.01123595517128706	0.2679571509361267	-2.4010660126805305e-10	1.622538547962904e-09	-1.3278622645884752e-08	1.622538547962904e-09	1.622538547962904e-09	6.666664376098197e-07	0.2545320391654968	0.2679571509361267	0.010989011265337467	1.3333333299669903e-06	0.20756608247756958	0.04900253564119339	1.622538547962904e-09	0.005720056593418121	0.2679571509361267	1.622538547962904e-09	0.01575428992509842	0.010256909765303135	0.37830477952957153	0.01601792871952057	-2.4010660126805305e-10	0.37830477952957153	0.019911106675863266	9.999999974752427e-07	1.622538547962904e-09	0.1568257212638855	0.013005435466766357	0.11561180651187897	0.01815195381641388	6.666664376098197e-07	0.01815195381641388	0.010526316240429878	0.04900252819061279	0.06741572916507721	0.03269492834806442	0.018725495785474777	0.00909090880304575	-2.4010660126805305e-10	1.622538547962904e-09	0.00917431153357029	0.009686240926384926	0.009686247445642948	0.025567827746272087	9.999999974752427e-07	0.043478261679410934	0.01575428992509842	-2.4010660126805305e-10	0.009493403136730194	0.20756609737873077	9.999999974752427e-07	0.15682576596736908	0.20756609737873077	0.37830477952957153	0.2679571211338043	0.030948013067245483	0.025567827746272087	9.999999974752427e-07	9.999999974752427e-07	0.17497771978378296	0.009708737954497337	0.00909090880304575	0.31831997632980347	0.1568257361650467	0.04121395945549011	0.04972793161869049	0.010204081423580647	0.007700018584728241	0.19181180000305176	9.999999974752427e-07	0.011036910116672516	0.022488445043563843	0.016806723549962044	9.999999974752427e-07	0.009615384973585606	1.622538547962904e-09	1.622538547962904e-09	-2.4010660126805305e-10	1.622538547962904e-09	9.999999974752427e-07	1.622538547962904e-09	0.009803921915590763	1.622538547962904e-09	1.622538547962904e-09	-2.4010660126805305e-10	9.999999974752427e-07	0.3545212745666504	0.02059110254049301	0.010625112801790237	0.21123084425926208	0.02664199471473694	0.006121926009654999	9.999999974752427e-07	0.3018167018890381	0.006626579910516739	0.02059112675487995	0.3018167018890381	0.01864650845527649	-1.3278622645884752e-08	1.622538547962904e-09	0.1669045239686966	0.015181045979261398	9.999999974752427e-07	1.622538547962904e-09	1.622538547962904e-09	0.010238776914775372	1.622538547962904e-09	0.14026254415512085	0.2112308144569397	-1.3278622645884752e-08	1.622538547962904e-09	0.14026251435279846	0.024768434464931488	1.622538547962904e-09	1.622538547962904e-09	0.2112308144569397	-1.3278622645884752e-08	0.011363636702299118	6.912159733474255e-10	0.23242251574993134	-1.3278622645884752e-08	0.006100691854953766	0.29567742347717285	-1.3278622645884752e-08	-1.3278622645884752e-08	1.622538547962904e-09	0.09294700622558594	1.622538547962904e-09	0.06100180745124817	0.01366463303565979	1.622538547962904e-09	0.007563948631286621	0.011995955370366573	0.0061219558119773865	0.030612245202064514	0.00662657618522644	9.073119144886732e-09	-2.4010660126805305e-10	-1.3278622645884752e-08	-1.3278622645884752e-08	-1.3278622645884752e-08	9.999999974752427e-07	0.027936115860939026	0.010625114664435387	0.027522936463356018	0.007871739566326141	9.999999974752427e-07	1.622538547962904e-09	0.006626579910516739	0.14026251435279846	0.010101010091602802	0.09294699132442474	0.14026251435279846	0.29567742347717285	0.21123076975345612	-1.3278622645884752e-08	0.013964534737169743	0.011995954439043999	0.0061219483613967896	0.10661163181066513	1.622538547962904e-09	0.02664199471473694	0.2191026210784912	0.061001840978860855	1.622538547962904e-09	0.013319892808794975	0.0061219483613967896	1.622538547962904e-09	0.10661161690950394	9.999999974752427e-07	-1.3278622645884752e-08	1.622538547962904e-09	1.622538547962904e-09	-2.4010660126805305e-10	1.622538547962904e-09	9.999999974752427e-07	1.622538547962904e-09	0.015181045979261398	1.622538547962904e-09	6.912159733474255e-10	0.010238775983452797	0.007871739566326141	0.006139278411865234	1.622538547962904e-09	9.999999974752427e-07	1.622538547962904e-09	0.3608143627643585	0.07295437157154083	0.008505983278155327	0.2816368341445923	0.009365733712911606	0.02610158920288086	-1.3278622645884752e-08	0.309752881526947	8.000001798791345e-07	0.07295437157154083	0.309752881526947	-1.3278622645884752e-08	2.255546860396862e-10	-5.828042048960924e-09	0.22092559933662415	0.024959847331047058	-1.3278622645884752e-08	1.622538547962904e-09	1.622538547962904e-09	-1.3278622645884752e-08	9.999999974752427e-07	0.21155986189842224	0.22092559933662415	2.255546860396862e-10	0.00917431153357029	0.1840570569038391	0.026101604104042053	1.622538547962904e-09	-5.828042048960924e-09	0.22092559933662415	1.622538547962904e-09	-1.3278622645884752e-08	0.008564621210098267	0.29866212606430054	1.622538547962904e-09	9.999999974752427e-07	0.2986621558666229	2.255546860396862e-10	2.255546860396862e-10	1.622538547962904e-09	0.1273503601551056	-5.828042048960924e-09	0.08163265138864517	0.01516491174697876	0.008196720853447914	9.999999974752427e-07	-2.4010660126805305e-10	0.026101596653461456	0.07547169923782349	1.3999997463542968e-06	0.015599853359162807	0.01042632944881916	0.009330726228654385	0.018172089010477066	1.622538547962904e-09	1.622538547962904e-09	0.024959832429885864	0.028257330879569054	9.999999974752427e-07	0.008460663259029388	-1.3278622645884752e-08	9.999999974752427e-07	8.000001798791345e-07	0.14251525700092316	0.009365729987621307	0.1273503601551056	0.14251527190208435	0.29866212606430054	0.2816368341445923	0.00933072715997696	0.05747126415371895	-2.4010660126805305e-10	9.999999974752427e-07	0.14251521229743958	6.000000212225132e-07	0.009365737438201904	0.29009753465652466	0.1273503601551056	0.04308461770415306	-2.4010660126805305e-10	0.00928221084177494	1.622538547962904e-09	0.14251525700092316	9.999999974752427e-07	2.255546860396862e-10	0.027484744787216187	0.017241379246115685	0.009325018152594566	-5.828042048960924e-09	-1.3278622645884752e-08	0.015599831938743591	0.024959854781627655	-2.4010660126805305e-10	9.999999974752427e-07	-1.3278622645884752e-08	0.00846065953373909	0.0110907182097435	1.622538547962904e-09	1.622538547962904e-09	0.016819382086396217
57	-15547.466796875	-1	9	57	76	75	26	89	10	62	48	0	26	84	41	29	91	66	5	0	11	24	14	68	37	85	21	0	0	50	22	3	66	33	67	21	43	7	69	12	0	65	50	77	73	24	43	79	5	42	1	78	57	69	21	34	56	0	70	42	76	31	43	49	25	4	73	63	36	3	21	1	46	80	82	49	14	33	40	77	33	47	9	66	48	69	78	85	57	13	11	50	56	7	32	19	59	7	0	57	47	0.5437127947807312	0.08644906431436539	0.010285332798957825	0.4145510792732239	0.012830331921577454	0.010498285293579102	0.010526316240429878	0.4251323938369751	9.999999974752427e-07	0.08644905686378479	0.44155386090278625	0.06554710865020752	9.999999974752427e-07	9.999999974752427e-07	0.4095746874809265	9.999999974752427e-07	0.005317971110343933	1.622538547962904e-09	1.622538547962904e-09	9.999999974752427e-07	0.02298850566148758	0.39674437046051025	0.4095746576786041	9.999999974752427e-07	0.03314200043678284	0.2897196114063263	0.07604538649320602	1.622538547962904e-09	9.999999974752427e-07	0.4095746576786041	0.0049764662981033325	1.622538547962904e-09	1.622538547962904e-09	0.4145510196685791	0.03333333507180214	-1.3278622645884752e-08	0.42513248324394226	9.999999974752427e-07	9.999999974752427e-07	1.622538547962904e-09	0.22580645978450775	0.012048192322254181	0.1361638456583023	-1.3278622645884752e-08	9.999999974752427e-07	-1.3278622645884752e-08	1.622538547962904e-09	0.010498279705643654	0.1361638605594635	0.030567780137062073	0.02411612868309021	1.622538547962904e-09	0.008196720853447914	0.010869565419852734	9.999999974752427e-07	0.010526316240429878	0.026113219559192657	0.019338732585310936	-2.4010660126805305e-10	-1.3278622645884752e-08	1.622538547962904e-09	-1.3278622645884752e-08	0.030567795038223267	0.2705919146537781	9.999999974752427e-07	0.26527389883995056	0.2705919146537781	0.4251324534416199	0.40957462787628174	0.030927833169698715	0.05588129162788391	1.622538547962904e-09	0.010498277842998505	0.2652738690376282	-1.3278622645884752e-08	0.012830331921577454	0.4145510792732239	0.22250455617904663	0.08634074777364731	1.622538547962904e-09	0.010498279705643654	1.622538547962904e-09	0.26527389883995056	0.036036036908626556	0.009900989942252636	0.062224678695201874	0.029082641005516052	0.009053397923707962	9.999999974752427e-07	0.012195121496915817	9.999999974752427e-07	0.008547008968889713	-1.3278622645884752e-08	1.622538547962904e-09	9.999999974752427e-07	-1.3278622645884752e-08	-1.3278622645884752e-08	1.622538547962904e-09	1.622538547962904e-09	1.622538547962904e-09	0.4231007397174835	0.04496558755636215	0.010405873879790306	0.2722354531288147	0.010044899769127369	0.021052632480859756	9.999999974752427e-07	0.31625208258628845	0.018691588193178177	0.052262984216213226	0.31625211238861084	0.01785714365541935	0.010989011265337467	1.622538547962904e-09	0.2722354531288147	9.999999974752427e-07	1.622538547962904e-09	0.019417475908994675	1.622538547962904e-09	9.999999974752427e-07	6.666664376098197e-07	0.2291666716337204	0.2722354531288147	9.999999974752427e-07	1.3333333299669903e-06	0.1819043606519699	0.09699182957410812	1.622538547962904e-09	0.007851261645555496	0.2722354531288147	1.622538547962904e-09	1.622538547962904e-09	0.010638297535479069	0.31625205278396606	9.999999974752427e-07	-7.275957614183426e-12	0.31625205278396606	0.010526316240429878	0.009009009227156639	1.622538547962904e-09	0.10256188362836838	1.622538547962904e-09	0.0606570690870285	0.008510754443705082	6.666664376098197e-07	-7.275957614183426e-12	9.999999974752427e-07	1.3999997463542968e-06	0.05226297676563263	0.03455972298979759	0.022432181984186172	2.255546860396862e-10	9.999999974752427e-07	9.999999974752427e-07	9.999999974752427e-07	0.008264463394880295	0.009856700897216797	0.01040587481111288	0.008394099771976471	1.622538547962904e-09	1.622538547962904e-09	0.008510754443705082	0.03455972298979759	0.18190431594848633	0.010044899769127369	0.11764705926179886	0.18190434575080872	0.31625205278396606	0.2722354531288147	0.042105261236429214	0.01040587481111288	9.999999974752427e-07	8.000001798791345e-07	0.18190434575080872	1.622538547962904e-09	0.010044898837804794	0.2722354531288147	0.10256186127662659	0.04190480709075928	9.999999974752427e-07	8.000001798791345e-07	0.007297396659851074	0.18190434575080872	1.622538547962904e-09	0.016949152573943138	0.019472626969218254	9.999999974752427e-07	2.255546860396862e-10	1.622538547962904e-09	0.011627906933426857	0.014580931514501572	9.999999974752427e-07	1.622538547962904e-09	9.999999974752427e-07	9.999999974752427e-07	1.622538547962904e-09	1.622538547962904e-09	1.622538547962904e-09	2.255546860396862e-10	6.000000212225132e-07	0.4494662880897522	0.08000115305185318	9.999999974752427e-07	0.3330483138561249	-1.3278622645884752e-08	0.03483249247074127	9.999999974752427e-07	0.386263370513916	0.009220771491527557	0.08756303787231445	0.38626334071159363	0.013322077691555023	-1.3278622645884752e-08	9.999999974752427e-07	0.2947915494441986	9.999999974752427e-07	0.029411764815449715	9.999999974752427e-07	-1.3278622645884752e-08	0.008118398487567902	0.010526316240429878	0.2947915494441986	0.2947915196418762	-1.3278622645884752e-08	0.01075268816202879	0.2947915196418762	0.04815460741519928	-1.3278622645884752e-08	0.02777777798473835	0.2947915494441986	0.019186578691005707	9.999999974752427e-07	0.008000463247299194	0.38626325130462646	-1.3278622645884752e-08	1.622538547962904e-09	0.38626331090927124	-1.3278622645884752e-08	-1.3278622645884752e-08	-1.3278622645884752e-08	0.1528805047273636	9.999999974752427e-07	0.08756301552057266	0.009048528037965298	9.999999974752427e-07	1.622538547962904e-09	0.009130984544754028	0.02860131859779358	0.08756303787231445	0.009220770560204983	0.04123711213469505	9.999999974752427e-07	-1.3278622645884752e-08	-1.3278622645884752e-08	-1.3278622645884752e-08	0.008003763854503632	0.015048369765281677	0.029999999329447746	1.622538547962904e-09	0.00909090880304575	9.999999974752427e-07	0.009048528969287872	0.009220771491527557	0.2947915196418762	-1.3278622645884752e-08	0.15288051962852478	0.2499999850988388	0.38626334071159363	0.31386175751686096	-1.3278622645884752e-08	0.032608695328235626	0.009130991995334625	9.999999974752427e-07	0.16192904114723206	-2.4010660126805305e-10	-1.3278622645884752e-08	0.36913180351257324	0.1528804898262024	0.06531748175621033	0.009130977094173431	0.028601333498954773	0.00756189227104187	0.16814157366752625	1.622538547962904e-09	-1.3278622645884752e-08	0.021052632480859756	0.009900989942252636	0.027272727340459824	9.999999974752427e-07	0.005203664302825928	0.008620689623057842	0.007044591009616852	-1.3278622645884752e-08	0.008000463247299194	0.008118398487567902	9.999999974752427e-07	-1.3278622645884752e-08	-1.3278622645884752e-08	9.999999974752427e-07	1.622538547962904e-09	0.4417252242565155	0.024390242993831635	9.999999974752427e-07	0.30527326464653015	0.010416666977107525	0.014637134969234467	9.999999974752427e-07	0.3760969042778015	9.999999974752427e-07	0.04878048598766327	0.3760969042778015	0.05099133402109146	9.999999974752427e-07	0.008882244117558002	0.30527329444885254	1.622538547962904e-09	1.622538547962904e-09	1.622538547962904e-09	1.622538547962904e-09	0.030414395034313202	0.012048192322254181	0.29318323731422424	0.30527329444885254	9.999999974752427e-07	0.017391303554177284	0.2670987844467163	0.06562843918800354	1.622538547962904e-09	0.010416666977107525	0.30527329444885254	1.622538547962904e-09	1.622538547962904e-09	1.622538547962904e-09	0.30527329444885254	1.622538547962904e-09	0.010526316240429878	0.3760969042778015	9.999999974752427e-07	9.999999974752427e-07	1.622538547962904e-09	0.14387741684913635	0.025641024112701416	0.07431011646986008	0.032608695328235626	9.999999974752427e-07	0.009615384973585606	1.622538547962904e-09	0.014637134969234467	0.07431010156869888	0.010309278033673763	0.04452749714255333	0.009433962404727936	9.999999974752427e-07	1.622538547962904e-09	1.622538547962904e-09	1.622538547962904e-09	1.622538547962904e-09	0.009569531306624413	1.622538547962904e-09	1.622538547962904e-09	1.622538547962904e-09	0.01123595517128706	9.999999974752427e-07	0.20471768081188202	9.999999974752427e-07	0.14387744665145874	0.2047176957130432	0.3052733242511749	0.30527329444885254	0.026084452867507935	0.009569531306624413	1.622538547962904e-09	0.010101010091602802	0.204717755317688	0.010204081423580647	0.010989011265337467	0.30527329444885254	0.14387741684913635	0.06956726312637329	1.622538547962904e-09	0.01463712751865387	9.999999974752427e-07	0.20471777021884918	0.009803921915590763	9.999999974752427e-07	0.02503982186317444	9.999999974752427e-07	9.999999974752427e-07	0.008882243186235428	0.020576931536197662	9.999999974752427e-07	1.622538547962904e-09	1.622538547962904e-09	1.622538547962904e-09	9.999999974752427e-07	1.622538547962904e-09	1.622538547962904e-09	1.622538547962904e-09	9.999999974752427e-07	1.622538547962904e-09	0.3537144362926483	0.026411600410938263	3.333334461785853e-07	0.20192477107048035	1.622538547962904e-09	0.027027027681469917	-7.275957614183426e-12	0.28152182698249817	1.622538547962904e-09	0.026411622762680054	0.2815217971801758	0.010256588459014893	9.999999974752427e-07	1.622538547962904e-09	0.20192477107048035	9.999999974752427e-07	1.622538547962904e-09	9.999999974752427e-07	1.622538547962904e-09	0.010256589390337467	1.622538547962904e-09	0.20192474126815796	0.20192478597164154	1.622538547962904e-09	1.622538547962904e-09	0.16246558725833893	0.05873368680477142	1.622538547962904e-09	0.027633339166641235	0.20192477107048035	-1.3278622645884752e-08	1.622538547962904e-09	-1.3278622645884752e-08	0.20192483067512512	0.008206691592931747	9.999999974752427e-07	0.2740027904510498	1.622538547962904e-09	9.999999974752427e-07	1.622538547962904e-09	0.05703481286764145	1.622538547962904e-09	0.02641153335571289	0.03179077059030533	1.622538547962904e-09	9.999999974752427e-07	-1.3278622645884752e-08	0.009401541203260422	0.026411622762680054	0.009916093200445175	0.027633339166641235	3.333334461785853e-07	1.622538547962904e-09	0.013445600867271423	0.008206691592931747	9.999999974752427e-07	0.013458997011184692	1.3333333299669903e-06	-1.3278622645884752e-08	-1.3278622645884752e-08	1.622538547962904e-09	9.999999974752427e-07	1.622538547962904e-09	0.16246557235717773	1.622538547962904e-09	0.05703481659293175	0.10570608824491501	0.2626262605190277	0.20192477107048035	0.01780684106051922	1.3333333299669903e-06	-1.3278622645884752e-08	9.999999974752427e-07	0.08882559835910797	0.009916089475154877	1.622538547962904e-09	0.20192478597164154	0.05404491350054741	0.027633339166641235	-1.3278622645884752e-08	0.009401543065905571	1.622538547962904e-09	0.1057060956954956	-1.3278622645884752e-08	0.017806850373744965	1.622538547962904e-09	1.622538547962904e-09	3.333334461785853e-07	1.622538547962904e-09	-7.275957614183426e-12	1.622538547962904e-09	9.999999974752427e-07	1.622538547962904e-09	-1.3278622645884752e-08	9.999999974752427e-07	-1.3278622645884752e-08	0.007519088685512543	1.622538547962904e-09	3.333334461785853e-07	2.255546860396862e-10	0.5330701470375061	0.005072489380836487	4.000003173132427e-07	0.3791336119174957	0.015137098729610443	0.04571789503097534	9.999999974752427e-07	0.47317150235176086	1.622538547962904e-09	0.08930285274982452	0.47317150235176086	0.014180606231093407	0.010177051648497581	9.999999974752427e-07	0.283880352973938	-1.3278622645884752e-08	1.622538547962904e-09	0.009429067373275757	-1.3278622645884752e-08	0.007485583424568176	9.999999974752427e-07	0.2687433063983917	0.3461630940437317	0.011049933731555939	0.012431889772415161	0.21618443727493286	0.059898555278778076	-1.3278622645884752e-08	1.622538547962904e-09	0.2838802933692932	0.030927835032343864	0.04472166299819946	-1.3278622645884752e-08	0.39345017075538635	1.622538547962904e-09	-1.3278622645884752e-08	0.39345014095306396	0.011049933731555939	0.010177051648497581	-1.3278622645884752e-08	0.16346153616905212	0.04000958055257797	0.08930287510156631	-1.3278622645884752e-08	0.010416666977107525	-1.3278622645884752e-08	0.014316469430923462	0.036288827657699585	0.08930285274982452	1.622538547962904e-09	0.0478060245513916	4.000003173132427e-07	0.028037382289767265	1.622538547962904e-09	1.622538547962904e-09	-1.3278622645884752e-08	-1.3278622645884752e-08	1.600000359758269e-06	1.622538547962904e-09	-1.3278622645884752e-08	9.999999974752427e-07	-1.3278622645884752e-08	1.622538547962904e-09	0.21618443727493286	0.015137098729610443	0.171462744474411	0.21618443727493286	0.39345014095306396	0.3461630940437317	0.05255882441997528	0.005072489380836487	9.999999974752427e-07	0.02286946028470993	0.1714627593755722	1.622538547962904e-09	0.01513710618019104	0.37913358211517334	0.1495407670736313	0.06023794412612915	0.014316461980342865	0.02286946028470993	0.008695651777088642	0.1714627593755722	1.622538547962904e-09	0.010177051648497581	0.012431896291673183	1.622538547962904e-09	4.000003173132427e-07	9.999999974752427e-07	0.0066950395703315735	0.007796458899974823	-1.3278622645884752e-08	0.030927835032343864	-1.3278622645884752e-08	0.007485583424568176	-1.3278622645884752e-08	0.02777777798473835	-1.3278622645884752e-08	4.000003173132427e-07	0.008695651777088642	0.3669218420982361	0.04854368790984154	4.000003173132427e-07	0.19233903288841248	1.622538547962904e-09	0.021178677678108215	0.01907866820693016	0.26595741510391235	9.999999974752427e-07	0.0752153992652893	0.2984440326690674	0.01907867193222046	9.999999974752427e-07	0.010416666977107525	0.19233903288841248	0.010324249044060707	0.007624365389347076	1.622538547962904e-09	1.622538547962904e-09	1.622538547962904e-09	9.999999974752427e-07	0.19233901798725128	0.19233904778957367	1.622538547962904e-09	0.026356376707553864	0.16347560286521912	0.04025731980800629	1.622538547962904e-09	1.622538547962904e-09	0.19233901798725128	1.622538547962904e-09	0.015332028269767761	0.0117647061124444	0.24910278618335724	0.01778506115078926	-1.3278622645884752e-08	0.24910277128219604	1.622538547962904e-09	9.999999974752427e-07	1.622538547962904e-09	0.1170303225517273	0.015458554029464722	0.0752154290676117	-1.3278622645884752e-08	0.00909090880304575	-1.3278622645884752e-08	0.009573204442858696	0.02117867022752762	0.0752154216170311	0.018691588193178177	0.015458546578884125	4.000003173132427e-07	0.005539216101169586	1.622538547962904e-09	0.01778506115078926	9.999999974752427e-07	0.02822047472000122	1.600000359758269e-06	1.622538547962904e-09	9.999999974752427e-07	9.999999974752427e-07	-1.3278622645884752e-08	9.999999974752427e-07	0.16347560286521912	1.622538547962904e-09	0.14051920175552368	0.16347560286521912	0.24910280108451843	0.19233901798725128	0.011078406125307083	0.010101010091602802	0.009573204442858696	0.009177442640066147	0.14051921665668488	0.008695651777088642	1.622538547962904e-09	0.2222222089767456	0.11703035235404968	0.04181492328643799	0.011904762126505375	0.009177440777420998	0.010869565419852734	0.14051920175552368	-1.3278622645884752e-08	0.005539216101169586	0.026356376707553864	1.622538547962904e-09	4.000003173132427e-07	0.009999999776482582	0.01907867006957531	1.622538547962904e-09	0.010324249044060707	9.999999974752427e-07	9.999999974752427e-07	1.622538547962904e-09	9.999999974752427e-07	9.999999974752427e-07	1.622538547962904e-09	4.000003173132427e-07	0.012001216411590576	0.43699362874031067	0.058262769132852554	9.999999974752427e-07	0.26795709133148193	9.999999974752427e-07	0.04900255799293518	1.622538547962904e-09	0.3783048391342163	0.009493403136730194	0.06596280634403229	0.3783048391342163	1.622538547962904e-09	9.999999974752427e-07	0.01123595517128706	0.2679571211338043	-2.4010660126805305e-10	1.622538547962904e-09	-1.3278622645884752e-08	1.622538547962904e-09	1.622538547962904e-09	6.666664376098197e-07	0.25453197956085205	0.2679571211338043	0.010989011265337467	1.3333333299669903e-06	0.2075660675764084	0.04900255799293518	1.622538547962904e-09	0.005720064043998718	0.2679571211338043	1.622538547962904e-09	0.015754297375679016	0.010256932117044926	0.3783048391342163	0.01601792871952057	-2.4010660126805305e-10	0.3783048391342163	0.019911102950572968	9.999999974752427e-07	1.622538547962904e-09	0.15682576596736908	0.013005435466766357	0.11561182141304016	0.01815195381641388	6.666664376098197e-07	0.01815195381641388	0.010526316240429878	0.04900252819061279	0.06741572916507721	0.03269492834806442	0.01872549019753933	0.00909090880304575	-2.4010660126805305e-10	1.622538547962904e-09	0.00917431153357029	0.009686270728707314	0.009686268866062164	0.025567837059497833	9.999999974752427e-07	0.043478261679410934	0.015754295513033867	-2.4010660126805305e-10	0.009493403136730194	0.2075660675764084	9.999999974752427e-07	0.1568256914615631	0.2075660526752472	0.3783048391342163	0.2679571211338043	0.030948005616664886	0.025567829608917236	9.999999974752427e-07	9.999999974752427e-07	0.17497771978378296	0.009708737954497337	0.00909090880304575	0.3183199465274811	0.15682575106620789	0.041213974356651306	0.04972796142101288	0.010204081423580647	0.007700018584728241	0.19181178510189056	9.999999974752427e-07	0.011036910116672516	0.022488445043563843	0.016806723549962044	9.999999974752427e-07	0.009615384973585606	1.622538547962904e-09	1.622538547962904e-09	-2.4010660126805305e-10	1.622538547962904e-09	9.999999974752427e-07	1.622538547962904e-09	0.009803921915590763	1.622538547962904e-09	1.622538547962904e-09	9.999999974752427e-07	9.999999974752427e-07	0.3545213043689728	0.02059110254049301	0.010625111870467663	0.21123084425926208	0.02664199471473694	0.0061219222843647	9.999999974752427e-07	0.3018166422843933	0.006626579910516739	0.02059112675487995	0.3018166720867157	0.01864650845527649	-1.3278622645884752e-08	1.622538547962904e-09	0.1669045239686966	0.015181045979261398	9.999999974752427e-07	1.622538547962904e-09	1.622538547962904e-09	0.010238776914775372	1.622538547962904e-09	0.14026254415512085	0.2112308144569397	-1.3278622645884752e-08	1.622538547962904e-09	0.14026251435279846	0.024768419563770294	1.622538547962904e-09	1.622538547962904e-09	0.2112308144569397	-1.3278622645884752e-08	0.011363636702299118	6.912159733474255e-10	0.23242251574993134	-1.3278622645884752e-08	0.006100691854953766	0.29567739367485046	-1.3278622645884752e-08	-1.3278622645884752e-08	1.622538547962904e-09	0.09294700622558594	1.622538547962904e-09	0.06100180745124817	0.01366463303565979	1.622538547962904e-09	0.007563948631286621	0.011995955370366573	0.0061219483613967896	0.030612245202064514	0.00662657618522644	9.073119144886732e-09	-2.4010660126805305e-10	-1.3278622645884752e-08	-1.3278622645884752e-08	-1.3278622645884752e-08	9.999999974752427e-07	0.027936100959777832	0.010625114664435387	0.027522936463356018	0.007871739566326141	9.999999974752427e-07	1.622538547962904e-09	0.006626579910516739	0.14026251435279846	0.010101010091602802	0.09294699132442474	0.14026251435279846	0.29567742347717285	0.21123076975345612	-1.3278622645884752e-08	0.013964534737169743	0.011995954439043999	0.0061219483613967896	0.10661163181066513	1.622538547962904e-09	0.02664199471473694	0.2191026210784912	0.061001840978860855	1.622538547962904e-09	0.013319892808794975	0.0061219483613967896	1.622538547962904e-09	0.10661161690950394	9.999999974752427e-07	-1.3278622645884752e-08	1.622538547962904e-09	1.622538547962904e-09	-2.4010660126805305e-10	1.622538547962904e-09	9.999999974752427e-07	1.622538547962904e-09	0.015181045979261398	1.622538547962904e-09	6.912159733474255e-10	0.010238775983452797	0.007871739566326141	0.006139293313026428	1.622538547962904e-09	-2.4010660126805305e-10	1.622538547962904e-09	0.3608143925666809	0.07295437157154083	0.00850598607212305	0.2816368341445923	0.009365733712911606	0.02610158920288086	-1.3278622645884752e-08	0.309752881526947	8.000001798791345e-07	0.07295437157154083	0.309752881526947	-1.3278622645884752e-08	2.255546860396862e-10	-5.828042048960924e-09	0.22092559933662415	0.024959832429885864	-1.3278622645884752e-08	1.622538547962904e-09	1.622538547962904e-09	-1.3278622645884752e-08	9.999999974752427e-07	0.21155987679958344	0.22092559933662415	2.255546860396862e-10	0.00917431153357029	0.1840570569038391	0.02610158920288086	1.622538547962904e-09	-5.828042048960924e-09	0.22092559933662415	1.622538547962904e-09	-1.3278622645884752e-08	0.008564591407775879	0.29866212606430054	1.622538547962904e-09	9.999999974752427e-07	0.2986621558666229	2.255546860396862e-10	2.255546860396862e-10	1.622538547962904e-09	0.1273503601551056	-5.828042048960924e-09	0.08163265138864517	0.01516491174697876	0.008196720853447914	9.999999974752427e-07	-2.4010660126805305e-10	0.02610158920288086	0.07547169923782349	1.3999997463542968e-06	0.015599853359162807	0.010426330380141735	0.009330732747912407	0.01817210018634796	1.622538547962904e-09	1.622538547962904e-09	0.024959832429885864	0.028257329016923904	9.999999974752427e-07	0.008460640907287598	-1.3278622645884752e-08	9.999999974752427e-07	8.000001798791345e-07	0.14251525700092316	0.009365737438201904	0.1273503601551056	0.14251527190208435	0.29866212606430054	0.2816368341445923	0.009330734610557556	0.05747126415371895	-2.4010660126805305e-10	9.999999974752427e-07	0.14251521229743958	6.000000212225132e-07	0.009365729987621307	0.29009753465652466	0.1273503601551056	0.04308461770415306	-2.4010660126805305e-10	0.00928221084177494	1.622538547962904e-09	0.14251525700092316	9.999999974752427e-07	2.255546860396862e-10	0.027484744787216187	0.017241379246115685	0.009325019083917141	-5.828042048960924e-09	-1.3278622645884752e-08	0.015599831938743591	0.024959824979305267	-2.4010660126805305e-10	9.999999974752427e-07	-1.3278622645884752e-08	0.0084606371819973	0.011090731248259544	1.622538547962904e-09	-2.4010660126805305e-10	0.01681937463581562
58	-15547.466796875	-1	9	57	76	75	26	89	10	62	48	0	26	84	41	29	91	66	5	0	11	24	14	68	37	85	21	0	0	50	22	3	66	33	67	21	43	7	69	12	0	65	50	77	73	24	43	79	5	42	1	78	57	69	21	34	56	0	70	42	76	31	43	49	25	4	73	63	36	3	21	1	46	80	82	49	14	33	40	77	33	47	9	66	48	69	78	85	57	13	11	50	56	7	32	19	59	7	0	58	47	0.5437127351760864	0.08644906431436539	0.010285336524248123	0.4145510196685791	0.01283033937215805	0.010498285293579102	0.010526316240429878	0.4251324534416199	9.999999974752427e-07	0.08644905686378479	0.44155386090278625	0.06554712355136871	9.999999974752427e-07	9.999999974752427e-07	0.40957462787628174	9.999999974752427e-07	0.005317986011505127	1.622538547962904e-09	1.622538547962904e-09	9.999999974752427e-07	0.02298850566148758	0.39674437046051025	0.40957462787628174	9.999999974752427e-07	0.03314201533794403	0.2897196114063263	0.07604538649320602	1.622538547962904e-09	9.999999974752427e-07	0.4095746576786041	0.004976406693458557	1.622538547962904e-09	1.622538547962904e-09	0.4145510792732239	0.03333333507180214	-1.3278622645884752e-08	0.4251324236392975	9.999999974752427e-07	9.999999974752427e-07	1.622538547962904e-09	0.22580644488334656	0.012048192322254181	0.1361638456583023	-1.3278622645884752e-08	9.999999974752427e-07	-1.3278622645884752e-08	1.622538547962904e-09	0.01049828715622425	0.1361638456583023	0.030567780137062073	0.02411612868309021	1.622538547962904e-09	0.008196720853447914	0.010869565419852734	9.999999974752427e-07	0.010526316240429878	0.026113241910934448	0.019338728860020638	-2.4010660126805305e-10	-1.3278622645884752e-08	1.622538547962904e-09	-1.3278622645884752e-08	0.030567795038223267	0.2705919146537781	9.999999974752427e-07	0.26527392864227295	0.2705919146537781	0.4251324236392975	0.4095746576786041	0.030927833169698715	0.05588129162788391	1.622538547962904e-09	0.010498285293579102	0.26527389883995056	-1.3278622645884752e-08	0.012830335646867752	0.4145510792732239	0.22250457108020782	0.08634074032306671	1.622538547962904e-09	0.01049828715622425	1.622538547962904e-09	0.26527389883995056	0.036036036908626556	0.009900989942252636	0.06222467124462128	0.029082641005516052	0.009053405374288559	9.999999974752427e-07	0.012195121496915817	9.999999974752427e-07	0.008547008968889713	-1.3278622645884752e-08	1.622538547962904e-09	9.999999974752427e-07	-1.3278622645884752e-08	-1.3278622645884752e-08	1.622538547962904e-09	-2.4010660126805305e-10	1.622538547962904e-09	0.4231007397174835	0.04496558755636215	0.010405869223177433	0.2722354531288147	0.010044899769127369	0.021052632480859756	9.999999974752427e-07	0.31625208258628845	0.018691588193178177	0.05226296931505203	0.31625211238861084	0.01785714365541935	0.010989011265337467	1.622538547962904e-09	0.2722354531288147	9.999999974752427e-07	1.622538547962904e-09	0.019417475908994675	1.622538547962904e-09	9.999999974752427e-07	6.666664376098197e-07	0.2291666716337204	0.2722354531288147	9.999999974752427e-07	1.3333333299669903e-06	0.1819043606519699	0.09699182957410812	1.622538547962904e-09	0.0078512541949749	0.2722354531288147	1.622538547962904e-09	1.622538547962904e-09	0.010638297535479069	0.31625205278396606	9.999999974752427e-07	-7.275957614183426e-12	0.31625205278396606	0.010526316240429878	0.009009009227156639	1.622538547962904e-09	0.10256187617778778	1.622538547962904e-09	0.0606570690870285	0.008510754443705082	6.666664376098197e-07	-7.275957614183426e-12	9.999999974752427e-07	1.3999997463542968e-06	0.05226297304034233	0.034559715539216995	0.022432174533605576	2.255546860396862e-10	9.999999974752427e-07	9.999999974752427e-07	9.999999974752427e-07	0.008264463394880295	0.009856700897216797	0.010405868291854858	0.008394084870815277	1.622538547962904e-09	1.622538547962904e-09	0.008510754443705082	0.034559715539216995	0.18190431594848633	0.010044899769127369	0.11764705926179886	0.18190434575080872	0.31625205278396606	0.2722354531288147	0.042105261236429214	0.010405870154500008	9.999999974752427e-07	8.000001798791345e-07	0.18190434575080872	1.622538547962904e-09	0.010044898837804794	0.2722354531288147	0.10256189107894897	0.04190482199192047	9.999999974752427e-07	8.000001798791345e-07	0.00729738175868988	0.18190434575080872	1.622538547962904e-09	0.016949152573943138	0.01947261206805706	9.999999974752427e-07	2.255546860396862e-10	1.622538547962904e-09	0.011627906933426857	0.014580924063920975	9.999999974752427e-07	1.622538547962904e-09	9.999999974752427e-07	9.999999974752427e-07	1.622538547962904e-09	1.622538547962904e-09	1.622538547962904e-09	9.999999974752427e-07	6.000000212225132e-07	0.4494662880897522	0.08000114560127258	9.999999974752427e-07	0.3330483138561249	-1.3278622645884752e-08	0.03483249247074127	9.999999974752427e-07	0.386263370513916	0.009220771491527557	0.08756303787231445	0.38626334071159363	0.013322077691555023	-1.3278622645884752e-08	9.999999974752427e-07	0.2947915494441986	9.999999974752427e-07	0.029411764815449715	9.999999974752427e-07	-1.3278622645884752e-08	0.008118398487567902	0.010526316240429878	0.2947915494441986	0.2947915196418762	-1.3278622645884752e-08	0.01075268816202879	0.2947915196418762	0.04815460741519928	-1.3278622645884752e-08	0.02777777798473835	0.2947915494441986	0.019186578691005707	9.999999974752427e-07	0.008000463247299194	0.38626325130462646	-1.3278622645884752e-08	1.622538547962904e-09	0.38626331090927124	-1.3278622645884752e-08	-1.3278622645884752e-08	-1.3278622645884752e-08	0.15288054943084717	9.999999974752427e-07	0.08756303042173386	0.009048528037965298	9.999999974752427e-07	1.622538547962904e-09	0.009130984544754028	0.02860131859779358	0.08756303787231445	0.009220770560204983	0.04123711213469505	9.999999974752427e-07	-1.3278622645884752e-08	-1.3278622645884752e-08	-1.3278622645884752e-08	0.008003763854503632	0.015048369765281677	0.029999999329447746	1.622538547962904e-09	0.00909090880304575	9.999999974752427e-07	0.009048528969287872	0.009220771491527557	0.2947915196418762	-1.3278622645884752e-08	0.15288051962852478	0.2499999850988388	0.38626334071159363	0.31386175751686096	-1.3278622645884752e-08	0.032608695328235626	0.009130991995334625	9.999999974752427e-07	0.16192904114723206	-2.4010660126805305e-10	-1.3278622645884752e-08	0.36913180351257324	0.15288051962852478	0.06531748175621033	0.009130977094173431	0.028601333498954773	0.007561886683106422	0.16814157366752625	1.622538547962904e-09	-1.3278622645884752e-08	0.021052632480859756	0.009900989942252636	0.027272727340459824	9.999999974752427e-07	0.005203664302825928	0.008620689623057842	0.007044591009616852	-1.3278622645884752e-08	0.008000463247299194	0.008118398487567902	9.999999974752427e-07	-1.3278622645884752e-08	-1.3278622645884752e-08	1.622538547962904e-09	1.622538547962904e-09	0.4417252242565155	0.024390242993831635	9.999999974752427e-07	0.30527326464653015	0.010416666977107525	0.014637134969234467	9.999999974752427e-07	0.3760969042778015	9.999999974752427e-07	0.04878048598766327	0.3760969042778015	0.05099133402109146	9.999999974752427e-07	0.008882244117558002	0.30527329444885254	1.622538547962904e-09	1.622538547962904e-09	1.622538547962904e-09	1.622538547962904e-09	0.030414395034313202	0.012048192322254181	0.29318323731422424	0.30527329444885254	9.999999974752427e-07	0.017391303554177284	0.2670987844467163	0.06562843918800354	1.622538547962904e-09	0.010416666977107525	0.30527329444885254	1.622538547962904e-09	1.622538547962904e-09	1.622538547962904e-09	0.30527329444885254	1.622538547962904e-09	0.010526316240429878	0.3760969042778015	9.999999974752427e-07	9.999999974752427e-07	1.622538547962904e-09	0.14387738704681396	0.025641024112701416	0.07431015372276306	0.032608695328235626	9.999999974752427e-07	0.009615384973585606	1.622538547962904e-09	0.014637134969234467	0.07431015372276306	0.010309278033673763	0.04452752694487572	0.009433962404727936	9.999999974752427e-07	1.622538547962904e-09	1.622538547962904e-09	1.622538547962904e-09	1.622538547962904e-09	0.009569531306624413	1.622538547962904e-09	1.622538547962904e-09	1.622538547962904e-09	0.01123595517128706	9.999999974752427e-07	0.20471768081188202	9.999999974752427e-07	0.14387738704681396	0.2047176957130432	0.3052733242511749	0.30527329444885254	0.026084452867507935	0.009569531306624413	1.622538547962904e-09	0.010101010091602802	0.204717755317688	0.010204081423580647	0.010989011265337467	0.30527329444885254	0.14387738704681396	0.06956732273101807	1.622538547962904e-09	0.01463712751865387	9.999999974752427e-07	0.20471777021884918	0.009803921915590763	9.999999974752427e-07	0.02503982186317444	9.999999974752427e-07	9.999999974752427e-07	0.008882243186235428	0.020576931536197662	9.999999974752427e-07	1.622538547962904e-09	1.622538547962904e-09	1.622538547962904e-09	9.999999974752427e-07	1.622538547962904e-09	1.622538547962904e-09	1.622538547962904e-09	1.622538547962904e-09	1.622538547962904e-09	0.3537144362926483	0.02641158550977707	4.2857209336943924e-07	0.20192477107048035	1.622538547962904e-09	0.027027027681469917	-7.275957614183426e-12	0.28152182698249817	1.622538547962904e-09	0.026411592960357666	0.2815217971801758	0.010256588459014893	9.999999974752427e-07	1.622538547962904e-09	0.20192477107048035	9.999999974752427e-07	1.622538547962904e-09	9.999999974752427e-07	1.622538547962904e-09	0.010256589390337467	1.622538547962904e-09	0.20192474126815796	0.20192478597164154	1.622538547962904e-09	1.622538547962904e-09	0.16246558725833893	0.05873368680477142	1.622538547962904e-09	0.027633342891931534	0.20192477107048035	-1.3278622645884752e-08	1.622538547962904e-09	-1.3278622645884752e-08	0.20192483067512512	0.008206691592931747	9.999999974752427e-07	0.2740027904510498	1.622538547962904e-09	9.999999974752427e-07	1.622538547962904e-09	0.05703481286764145	1.622538547962904e-09	0.026411592960357666	0.03179077059030533	1.622538547962904e-09	9.999999974752427e-07	-1.3278622645884752e-08	0.009401541203260422	0.026411592960357666	0.009916093200445175	0.02763335406780243	4.2857209336943924e-07	1.622538547962904e-09	0.013445600867271423	0.008206691592931747	9.999999974752427e-07	0.013458997011184692	1.2857158253609668e-06	-1.3278622645884752e-08	-1.3278622645884752e-08	1.622538547962904e-09	9.999999974752427e-07	1.622538547962904e-09	0.16246557235717773	1.622538547962904e-09	0.05703481659293175	0.10570608824491501	0.2626262605190277	0.20192477107048035	0.01780684106051922	1.2857121873821598e-06	-1.3278622645884752e-08	9.999999974752427e-07	0.08882559835910797	0.009916089475154877	1.622538547962904e-09	0.20192478597164154	0.054044920951128006	0.027633339166641235	-1.3278622645884752e-08	0.009401543065905571	1.622538547962904e-09	0.1057060956954956	-1.3278622645884752e-08	0.017806850373744965	1.622538547962904e-09	1.622538547962904e-09	4.2857209336943924e-07	1.622538547962904e-09	-7.275957614183426e-12	1.622538547962904e-09	9.999999974752427e-07	1.622538547962904e-09	-1.3278622645884752e-08	9.999999974752427e-07	-1.3278622645884752e-08	0.007519088685512543	1.622538547962904e-09	-1.3278622645884752e-08	2.255546860396862e-10	0.5330700874328613	0.005072489380836487	5.000001692678779e-07	0.3791336715221405	0.015137098729610443	0.04571791738271713	9.999999974752427e-07	0.47317153215408325	1.622538547962904e-09	0.08930285274982452	0.47317153215408325	0.014180630445480347	0.010177051648497581	9.999999974752427e-07	0.2838802933692932	-1.3278622645884752e-08	1.622538547962904e-09	0.009429080411791801	-1.3278622645884752e-08	0.007485583424568176	9.999999974752427e-07	0.26874327659606934	0.3461630940437317	0.011049933731555939	0.012431889772415161	0.21618442237377167	0.05989852547645569	-1.3278622645884752e-08	1.622538547962904e-09	0.283880352973938	0.030927835032343864	0.04472167789936066	-1.3278622645884752e-08	0.39345017075538635	1.622538547962904e-09	-1.3278622645884752e-08	0.39345014095306396	0.011049933731555939	0.010177051648497581	-1.3278622645884752e-08	0.16346153616905212	0.040009573101997375	0.08930286020040512	-1.3278622645884752e-08	0.010416666977107525	-1.3278622645884752e-08	0.014316514134407043	0.03628884255886078	0.08930283784866333	1.622538547962904e-09	0.0478060245513916	5.000001692678779e-07	0.028037382289767265	1.622538547962904e-09	1.622538547962904e-09	-1.3278622645884752e-08	-1.3278622645884752e-08	1.5000005078036338e-06	1.622538547962904e-09	-1.3278622645884752e-08	9.999999974752427e-07	-1.3278622645884752e-08	1.622538547962904e-09	0.21618442237377167	0.015137098729610443	0.171462744474411	0.21618443727493286	0.39345014095306396	0.3461630940437317	0.05255885422229767	0.005072489380836487	9.999999974752427e-07	0.02286946028470993	0.17146272957324982	1.622538547962904e-09	0.015137098729610443	0.3791336417198181	0.14954079687595367	0.060237932950258255	0.014316491782665253	0.02286946028470993	0.008695651777088642	0.1714627891778946	1.622538547962904e-09	0.010177051648497581	0.012431882321834564	1.622538547962904e-09	5.000001692678779e-07	9.999999974752427e-07	0.00669504702091217	0.007796451449394226	-1.3278622645884752e-08	0.030927835032343864	-1.3278622645884752e-08	0.007485587149858475	-1.3278622645884752e-08	0.02777777798473835	-1.3278622645884752e-08	1.622538547962904e-09	0.008695651777088642	0.3669218420982361	0.04854368790984154	5.000001692678779e-07	0.19233903288841248	1.622538547962904e-09	0.021178677678108215	0.01907866820693016	0.26595741510391235	9.999999974752427e-07	0.0752154290676117	0.2984440326690674	0.01907867193222046	9.999999974752427e-07	0.010416666977107525	0.19233903288841248	0.010324249044060707	0.007624365389347076	1.622538547962904e-09	1.622538547962904e-09	1.622538547962904e-09	9.999999974752427e-07	0.19233901798725128	0.19233904778957367	1.622538547962904e-09	0.026356391608715057	0.16347560286521912	0.04025731980800629	1.622538547962904e-09	1.622538547962904e-09	0.19233901798725128	1.622538547962904e-09	0.015332028269767761	0.0117647061124444	0.24910278618335724	0.01778506115078926	-1.3278622645884752e-08	0.24910277128219604	1.622538547962904e-09	9.999999974752427e-07	1.622538547962904e-09	0.1170303225517273	0.015458561480045319	0.0752154141664505	-1.3278622645884752e-08	0.00909090880304575	-1.3278622645884752e-08	0.009573204442858696	0.02117867022752762	0.07521545141935349	0.018691588193178177	0.015458561480045319	5.000001692678779e-07	0.005539216101169586	1.622538547962904e-09	0.01778506115078926	9.999999974752427e-07	0.02822047472000122	1.5000005078036338e-06	1.622538547962904e-09	9.999999974752427e-07	9.999999974752427e-07	-1.3278622645884752e-08	9.999999974752427e-07	0.16347560286521912	1.622538547962904e-09	0.14051920175552368	0.16347560286521912	0.24910280108451843	0.19233901798725128	0.011078406125307083	0.010101010091602802	0.009573204442858696	0.009177442640066147	0.14051921665668488	0.008695651777088642	1.622538547962904e-09	0.2222222089767456	0.11703033745288849	0.04181493818759918	0.011904762126505375	0.009177440777420998	0.010869565419852734	0.14051920175552368	-1.3278622645884752e-08	0.005539216101169586	0.026356391608715057	1.622538547962904e-09	5.000001692678779e-07	0.009999999776482582	0.01907867006957531	1.622538547962904e-09	0.010324249044060707	9.999999974752427e-07	9.999999974752427e-07	1.622538547962904e-09	9.999999974752427e-07	9.999999974752427e-07	1.622538547962904e-09	1.622538547962904e-09	0.012001216411590576	0.43699371814727783	0.05826278030872345	9.999999974752427e-07	0.2679571807384491	9.999999974752427e-07	0.04900254309177399	1.622538547962904e-09	0.3783048689365387	0.009493403136730194	0.06596280634403229	0.3783048391342163	1.622538547962904e-09	9.999999974752427e-07	0.01123595517128706	0.2679571509361267	-2.4010660126805305e-10	1.622538547962904e-09	-1.3278622645884752e-08	1.622538547962904e-09	1.622538547962904e-09	6.666664376098197e-07	0.2545320391654968	0.2679571509361267	0.010989011265337467	1.3333333299669903e-06	0.20756608247756958	0.04900255426764488	1.622538547962904e-09	0.005720056593418121	0.2679571509361267	1.622538547962904e-09	0.01575428992509842	0.010256931185722351	0.3783048391342163	0.01601792871952057	-2.4010660126805305e-10	0.3783048689365387	0.019911106675863266	9.999999974752427e-07	1.622538547962904e-09	0.1568257212638855	0.013005435466766357	0.11561180651187897	0.01815195381641388	6.666664376098197e-07	0.01815195381641388	0.010526316240429878	0.04900252819061279	0.06741572916507721	0.03269492834806442	0.018725495785474777	0.00909090880304575	-2.4010660126805305e-10	1.622538547962904e-09	0.00917431153357029	0.009686267003417015	0.009686268866062164	0.025567827746272087	9.999999974752427e-07	0.043478261679410934	0.01575428992509842	-2.4010660126805305e-10	0.009493403136730194	0.20756609737873077	9.999999974752427e-07	0.15682576596736908	0.20756609737873077	0.3783048689365387	0.2679571211338043	0.030948013067245483	0.025567827746272087	9.999999974752427e-07	9.999999974752427e-07	0.17497771978378296	0.009708737954497337	0.00909090880304575	0.31832000613212585	0.1568257361650467	0.04121395945549011	0.04972795397043228	0.010204081423580647	0.007700018584728241	0.19181180000305176	9.999999974752427e-07	0.011036910116672516	0.022488445043563843	0.016806723549962044	9.999999974752427e-07	0.009615384973585606	1.622538547962904e-09	1.622538547962904e-09	-2.4010660126805305e-10	1.622538547962904e-09	9.999999974752427e-07	1.622538547962904e-09	0.009803921915590763	1.622538547962904e-09	1.622538547962904e-09	9.999999974752427e-07	9.999999974752427e-07	0.3545213043689728	0.02059110254049301	0.010625112801790237	0.21123084425926208	0.02664199471473694	0.0061219222843647	9.999999974752427e-07	0.3018166422843933	0.006626579910516739	0.02059112675487995	0.3018166720867157	0.01864650845527649	-1.3278622645884752e-08	1.622538547962904e-09	0.1669045239686966	0.015181045979261398	9.999999974752427e-07	1.622538547962904e-09	1.622538547962904e-09	0.010238776914775372	1.622538547962904e-09	0.14026254415512085	0.2112308144569397	-1.3278622645884752e-08	1.622538547962904e-09	0.14026251435279846	0.024768419563770294	1.622538547962904e-09	1.622538547962904e-09	0.2112308144569397	-1.3278622645884752e-08	0.011363636702299118	6.912159733474255e-10	0.23242251574993134	-1.3278622645884752e-08	0.006100691854953766	0.29567739367485046	-1.3278622645884752e-08	-1.3278622645884752e-08	1.622538547962904e-09	0.09294700622558594	1.622538547962904e-09	0.06100180745124817	0.01366463303565979	1.622538547962904e-09	0.007563948631286621	0.011995955370366573	0.0061219483613967896	0.030612245202064514	0.00662657618522644	9.073119144886732e-09	-2.4010660126805305e-10	-1.3278622645884752e-08	-1.3278622645884752e-08	-1.3278622645884752e-08	9.999999974752427e-07	0.027936100959777832	0.010625114664435387	0.027522936463356018	0.007871739566326141	9.999999974752427e-07	1.622538547962904e-09	0.006626579910516739	0.14026251435279846	0.010101010091602802	0.09294699132442474	0.14026251435279846	0.29567742347717285	0.21123076975345612	-1.3278622645884752e-08	0.013964534737169743	0.011995954439043999	0.0061219483613967896	0.10661163181066513	1.622538547962904e-09	0.02664199471473694	0.2191026210784912	0.061001840978860855	1.622538547962904e-09	0.013319892808794975	0.0061219483613967896	1.622538547962904e-09	0.10661161690950394	9.999999974752427e-07	-1.3278622645884752e-08	1.622538547962904e-09	1.622538547962904e-09	-2.4010660126805305e-10	1.622538547962904e-09	9.999999974752427e-07	1.622538547962904e-09	0.015181045979261398	1.622538547962904e-09	6.912159733474255e-10	0.010238775983452797	0.007871739566326141	0.006139293313026428	1.622538547962904e-09	9.999999974752427e-07	1.622538547962904e-09	0.36081427335739136	0.07295437157154083	0.008505983278155327	0.2816368341445923	0.009365733712911606	0.026101619005203247	-1.3278622645884752e-08	0.3097529113292694	8.000001798791345e-07	0.07295437157154083	0.3097529113292694	-1.3278622645884752e-08	2.255546860396862e-10	-5.828042048960924e-09	0.22092559933662415	0.024959877133369446	-1.3278622645884752e-08	1.622538547962904e-09	1.622538547962904e-09	-1.3278622645884752e-08	9.999999974752427e-07	0.21155986189842224	0.22092559933662415	2.255546860396862e-10	0.00917431153357029	0.1840570569038391	0.026101604104042053	1.622538547962904e-09	-5.828042048960924e-09	0.22092559933662415	1.622538547962904e-09	-1.3278622645884752e-08	0.008564604446291924	0.2986621558666229	1.622538547962904e-09	9.999999974752427e-07	0.2986621558666229	2.255546860396862e-10	2.255546860396862e-10	1.622538547962904e-09	0.1273503601551056	-5.828042048960924e-09	0.08163265138864517	0.01516491174697876	0.008196720853447914	9.999999974752427e-07	-2.4010660126805305e-10	0.026101619005203247	0.07547169923782349	1.3999997463542968e-06	0.015599853359162807	0.01042632944881916	0.009330726228654385	0.018172089010477066	1.622538547962904e-09	1.622538547962904e-09	0.024959877133369446	0.028257330879569054	9.999999974752427e-07	0.008460652083158493	-1.3278622645884752e-08	9.999999974752427e-07	8.000001798791345e-07	0.14251525700092316	0.009365729987621307	0.1273503601551056	0.14251527190208435	0.2986621558666229	0.2816368341445923	0.00933072715997696	0.05747126415371895	-2.4010660126805305e-10	9.999999974752427e-07	0.14251521229743958	6.000000212225132e-07	0.009365737438201904	0.29009753465652466	0.1273503601551056	0.04308461770415306	-2.4010660126805305e-10	0.009282229468226433	1.622538547962904e-09	0.14251525700092316	9.999999974752427e-07	2.255546860396862e-10	0.027484744787216187	0.017241379246115685	0.009325018152594566	-5.828042048960924e-09	-1.3278622645884752e-08	0.015599831938743591	0.02495986968278885	-2.4010660126805305e-10	9.999999974752427e-07	-1.3278622645884752e-08	0.008460652083158493	0.011090751737356186	1.622538547962904e-09	9.999999974752427e-07	0.016819393262267113
59	-15547.466796875	-1	9	57	76	75	26	89	10	62	48	0	26	84	41	29	91	66	5	0	11	24	14	68	37	85	21	0	0	50	22	3	66	33	67	21	43	7	69	12	0	65	50	77	73	24	43	79	5	42	1	78	57	69	21	34	56	0	70	42	76	31	43	49	25	4	73	63	36	3	21	1	46	80	82	49	14	33	40	77	33	47	9	66	48	69	78	85	57	13	11	50	56	7	32	19	59	7	0	59	47	0.5437127351760864	0.08644906431436539	0.010285336524248123	0.4145510792732239	0.01283033937215805	0.010498270392417908	0.010526316240429878	0.4251324534416199	9.999999974752427e-07	0.08644905686378479	0.44155386090278625	0.06554709374904633	9.999999974752427e-07	9.999999974752427e-07	0.40957462787628174	9.999999974752427e-07	0.005317971110343933	1.622538547962904e-09	1.622538547962904e-09	9.999999974752427e-07	0.02298850566148758	0.39674437046051025	0.4095746576786041	9.999999974752427e-07	0.03314200043678284	0.2897196114063263	0.07604538649320602	1.622538547962904e-09	9.999999974752427e-07	0.4095746576786041	0.004976481199264526	1.622538547962904e-09	1.622538547962904e-09	0.4145510494709015	0.03333333507180214	-1.3278622645884752e-08	0.4251324236392975	9.999999974752427e-07	9.999999974752427e-07	1.622538547962904e-09	0.22580645978450775	0.012048192322254181	0.1361638456583023	-1.3278622645884752e-08	9.999999974752427e-07	-1.3278622645884752e-08	1.622538547962904e-09	0.010498279705643654	0.1361638605594635	0.030567780137062073	0.02411612868309021	1.622538547962904e-09	0.008196720853447914	0.010869565419852734	9.999999974752427e-07	0.010526316240429878	0.026113204658031464	0.019338728860020638	-2.4010660126805305e-10	-1.3278622645884752e-08	1.622538547962904e-09	-1.3278622645884752e-08	0.030567795038223267	0.2705919146537781	9.999999974752427e-07	0.26527389883995056	0.2705919146537781	0.4251324236392975	0.4095746576786041	0.030927833169698715	0.05588129162788391	1.622538547962904e-09	0.010498274117708206	0.2652738690376282	-1.3278622645884752e-08	0.012830335646867752	0.4145510792732239	0.22250455617904663	0.08634074777364731	1.622538547962904e-09	0.010498272255063057	1.622538547962904e-09	0.26527389883995056	0.036036036908626556	0.009900989942252636	0.062224678695201874	0.029082641005516052	0.009053405374288559	9.999999974752427e-07	0.012195121496915817	9.999999974752427e-07	0.008547008968889713	-1.3278622645884752e-08	1.622538547962904e-09	9.999999974752427e-07	-1.3278622645884752e-08	-1.3278622645884752e-08	1.622538547962904e-09	-1.3278622645884752e-08	1.622538547962904e-09	0.4231007397174835	0.04496558755636215	0.010405869223177433	0.2722354531288147	0.010044899769127369	0.021052632480859756	9.999999974752427e-07	0.31625208258628845	0.018691588193178177	0.05226296931505203	0.31625211238861084	0.01785714365541935	0.010989011265337467	1.622538547962904e-09	0.2722354531288147	9.999999974752427e-07	1.622538547962904e-09	0.019417475908994675	1.622538547962904e-09	9.999999974752427e-07	6.666664376098197e-07	0.2291666716337204	0.2722354531288147	9.999999974752427e-07	1.3333333299669903e-06	0.1819043606519699	0.09699182957410812	1.622538547962904e-09	0.0078512541949749	0.2722354531288147	1.622538547962904e-09	1.622538547962904e-09	0.010638297535479069	0.31625205278396606	9.999999974752427e-07	-7.275957614183426e-12	0.31625205278396606	0.010526316240429878	0.009009009227156639	1.622538547962904e-09	0.10256187617778778	1.622538547962904e-09	0.0606570690870285	0.008510754443705082	6.666664376098197e-07	-7.275957614183426e-12	9.999999974752427e-07	1.3999997463542968e-06	0.05226297304034233	0.034559715539216995	0.022432174533605576	2.255546860396862e-10	9.999999974752427e-07	9.999999974752427e-07	9.999999974752427e-07	0.008264463394880295	0.009856700897216797	0.010405868291854858	0.008394084870815277	1.622538547962904e-09	1.622538547962904e-09	0.008510754443705082	0.034559715539216995	0.18190431594848633	0.010044899769127369	0.11764705926179886	0.18190434575080872	0.31625205278396606	0.2722354531288147	0.042105261236429214	0.010405870154500008	9.999999974752427e-07	8.000001798791345e-07	0.18190434575080872	1.622538547962904e-09	0.010044898837804794	0.2722354531288147	0.10256189107894897	0.04190482199192047	9.999999974752427e-07	8.000001798791345e-07	0.00729738175868988	0.18190434575080872	1.622538547962904e-09	0.016949152573943138	0.01947261206805706	9.999999974752427e-07	2.255546860396862e-10	1.622538547962904e-09	0.011627906933426857	0.014580924063920975	9.999999974752427e-07	1.622538547962904e-09	9.999999974752427e-07	9.999999974752427e-07	1.622538547962904e-09	1.622538547962904e-09	1.622538547962904e-09	1.622538547962904e-09	6.000000212225132e-07	0.4494662880897522	0.08000115305185318	9.999999974752427e-07	0.3330483138561249	-1.3278622645884752e-08	0.03483249247074127	9.999999974752427e-07	0.386263370513916	0.009220771491527557	0.08756303787231445	0.38626334071159363	0.013322077691555023	-1.3278622645884752e-08	9.999999974752427e-07	0.2947915494441986	9.999999974752427e-07	0.029411764815449715	9.999999974752427e-07	-1.3278622645884752e-08	0.008118398487567902	0.010526316240429878	0.2947915494441986	0.2947915196418762	-1.3278622645884752e-08	0.01075268816202879	0.2947915196418762	0.04815460741519928	-1.3278622645884752e-08	0.02777777798473835	0.2947915494441986	0.019186578691005707	9.999999974752427e-07	0.008000463247299194	0.38626325130462646	-1.3278622645884752e-08	1.622538547962904e-09	0.38626331090927124	-1.3278622645884752e-08	-1.3278622645884752e-08	-1.3278622645884752e-08	0.1528805047273636	9.999999974752427e-07	0.08756301552057266	0.009048528037965298	9.999999974752427e-07	1.622538547962904e-09	0.009130984544754028	0.02860131859779358	0.08756303787231445	0.009220770560204983	0.04123711213469505	9.999999974752427e-07	-1.3278622645884752e-08	-1.3278622645884752e-08	-1.3278622645884752e-08	0.008003763854503632	0.015048369765281677	0.029999999329447746	1.622538547962904e-09	0.00909090880304575	9.999999974752427e-07	0.009048528969287872	0.009220771491527557	0.2947915196418762	-1.3278622645884752e-08	0.15288051962852478	0.2499999850988388	0.38626334071159363	0.31386175751686096	-1.3278622645884752e-08	0.032608695328235626	0.009130991995334625	9.999999974752427e-07	0.16192904114723206	-2.4010660126805305e-10	-1.3278622645884752e-08	0.36913180351257324	0.1528804898262024	0.06531748175621033	0.009130977094173431	0.028601333498954773	0.00756189227104187	0.16814157366752625	1.622538547962904e-09	-1.3278622645884752e-08	0.021052632480859756	0.009900989942252636	0.027272727340459824	9.999999974752427e-07	0.005203664302825928	0.008620689623057842	0.007044591009616852	-1.3278622645884752e-08	0.008000463247299194	0.008118398487567902	9.999999974752427e-07	-1.3278622645884752e-08	-1.3278622645884752e-08	9.999999974752427e-07	1.622538547962904e-09	0.4417252242565155	0.024390242993831635	9.999999974752427e-07	0.30527329444885254	0.010416666977107525	0.014637134969234467	9.999999974752427e-07	0.3760969042778015	9.999999974752427e-07	0.04878048598766327	0.3760969042778015	0.05099133402109146	9.999999974752427e-07	0.008882244117558002	0.30527329444885254	1.622538547962904e-09	1.622538547962904e-09	1.622538547962904e-09	1.622538547962904e-09	0.030414395034313202	0.012048192322254181	0.29318323731422424	0.3052733242511749	9.999999974752427e-07	0.017391303554177284	0.2670987844467163	0.06562843918800354	1.622538547962904e-09	0.010416666977107525	0.3052733242511749	1.622538547962904e-09	1.622538547962904e-09	1.622538547962904e-09	0.30527329444885254	1.622538547962904e-09	0.010526316240429878	0.3760969042778015	9.999999974752427e-07	9.999999974752427e-07	1.622538547962904e-09	0.14387741684913635	0.025641024112701416	0.07431011646986008	0.032608695328235626	9.999999974752427e-07	0.009615384973585606	1.622538547962904e-09	0.014637134969234467	0.07431010156869888	0.010309278033673763	0.04452749714255333	0.009433962404727936	9.999999974752427e-07	1.622538547962904e-09	1.622538547962904e-09	1.622538547962904e-09	1.622538547962904e-09	0.009569531306624413	1.622538547962904e-09	1.622538547962904e-09	1.622538547962904e-09	0.01123595517128706	9.999999974752427e-07	0.20471768081188202	9.999999974752427e-07	0.14387744665145874	0.2047176957130432	0.30527329444885254	0.3052733242511749	0.026084452867507935	0.009569531306624413	1.622538547962904e-09	0.010101010091602802	0.204717755317688	0.010204081423580647	0.010989011265337467	0.30527326464653015	0.14387741684913635	0.06956726312637329	1.622538547962904e-09	0.01463712751865387	9.999999974752427e-07	0.20471777021884918	0.009803921915590763	9.999999974752427e-07	0.02503982186317444	9.999999974752427e-07	9.999999974752427e-07	0.008882243186235428	0.020576931536197662	9.999999974752427e-07	1.622538547962904e-09	1.622538547962904e-09	1.622538547962904e-09	9.999999974752427e-07	1.622538547962904e-09	1.622538547962904e-09	1.622538547962904e-09	1.622538547962904e-09	1.622538547962904e-09	0.3537144064903259	0.026411600410938263	4.2857209336943924e-07	0.20192480087280273	1.622538547962904e-09	0.027027027681469917	-7.275957614183426e-12	0.2815217971801758	1.622538547962904e-09	0.026411622762680054	0.2815217673778534	0.010256588459014893	9.999999974752427e-07	1.622538547962904e-09	0.20192480087280273	9.999999974752427e-07	1.622538547962904e-09	9.999999974752427e-07	1.622538547962904e-09	0.010256589390337467	1.622538547962904e-09	0.20192480087280273	0.20192478597164154	1.622538547962904e-09	1.622538547962904e-09	0.16246558725833893	0.05873367190361023	1.622538547962904e-09	0.027633339166641235	0.20192477107048035	-1.3278622645884752e-08	1.622538547962904e-09	-1.3278622645884752e-08	0.20192480087280273	0.00820671021938324	9.999999974752427e-07	0.2740027904510498	1.622538547962904e-09	9.999999974752427e-07	1.622538547962904e-09	0.05703481286764145	1.622538547962904e-09	0.02641153335571289	0.03179077059030533	1.622538547962904e-09	9.999999974752427e-07	-1.3278622645884752e-08	0.009401541203260422	0.026411622762680054	0.009916093200445175	0.027633339166641235	4.2857209336943924e-07	1.622538547962904e-09	0.013445630669593811	0.00820671021938324	9.999999974752427e-07	0.013458982110023499	1.2857158253609668e-06	-1.3278622645884752e-08	-1.3278622645884752e-08	1.622538547962904e-09	9.999999974752427e-07	1.622538547962904e-09	0.16246557235717773	1.622538547962904e-09	0.05703481659293175	0.10570608824491501	0.2626262605190277	0.20192477107048035	0.017806855961680412	1.2857121873821598e-06	-1.3278622645884752e-08	9.999999974752427e-07	0.08882559835910797	0.009916089475154877	1.622538547962904e-09	0.20192472636699677	0.05404491350054741	0.027633339166641235	-1.3278622645884752e-08	0.009401543065905571	1.622538547962904e-09	0.1057060956954956	-1.3278622645884752e-08	0.017806872725486755	1.622538547962904e-09	1.622538547962904e-09	4.2857209336943924e-07	1.622538547962904e-09	-7.275957614183426e-12	1.622538547962904e-09	9.999999974752427e-07	1.622538547962904e-09	-1.3278622645884752e-08	9.999999974752427e-07	-1.3278622645884752e-08	0.007519081234931946	1.622538547962904e-09	-1.3278622645884752e-08	2.255546860396862e-10	0.5330701470375061	0.005072489380836487	5.000001692678779e-07	0.3791336119174957	0.015137098729610443	0.045717887580394745	9.999999974752427e-07	0.4731714725494385	1.622538547962904e-09	0.08930285274982452	0.4731714725494385	0.014180608093738556	0.010177051648497581	9.999999974752427e-07	0.283880352973938	-1.3278622645884752e-08	1.622538547962904e-09	0.009429065510630608	-1.3278622645884752e-08	0.007485575973987579	9.999999974752427e-07	0.2687433063983917	0.3461630940437317	0.011049933731555939	0.012431889772415161	0.21618443727493286	0.059898510575294495	-1.3278622645884752e-08	1.622538547962904e-09	0.2838802933692932	0.030927835032343864	0.04472166299819946	-1.3278622645884752e-08	0.3934500813484192	1.622538547962904e-09	-1.3278622645884752e-08	0.3934501111507416	0.011049933731555939	0.010177051648497581	-1.3278622645884752e-08	0.16346153616905212	0.04000958055257797	0.08930287510156631	-1.3278622645884752e-08	0.010416666977107525	-1.3278622645884752e-08	0.01431649923324585	0.03628882020711899	0.08930285274982452	1.622538547962904e-09	0.0478060245513916	5.000001692678779e-07	0.028037382289767265	1.622538547962904e-09	1.622538547962904e-09	-1.3278622645884752e-08	-1.3278622645884752e-08	1.5000005078036338e-06	1.622538547962904e-09	-1.3278622645884752e-08	9.999999974752427e-07	-1.3278622645884752e-08	1.622538547962904e-09	0.21618443727493286	0.015137098729610443	0.171462744474411	0.21618443727493286	0.3934501111507416	0.3461630940437317	0.05255882441997528	0.005072489380836487	9.999999974752427e-07	0.02286946028470993	0.1714627593755722	1.622538547962904e-09	0.01513710618019104	0.3791336715221405	0.1495407670736313	0.06023794412612915	0.014316506683826447	0.02286946028470993	0.008695651777088642	0.1714627593755722	1.622538547962904e-09	0.010177051648497581	0.012431896291673183	1.622538547962904e-09	5.000001692678779e-07	9.999999974752427e-07	0.00669502466917038	0.007796458899974823	-1.3278622645884752e-08	0.030927835032343864	-1.3278622645884752e-08	0.007485575973987579	-1.3278622645884752e-08	0.02777777798473835	-1.3278622645884752e-08	-1.3278622645884752e-08	0.008695651777088642	0.3669218420982361	0.04854368790984154	5.000001692678779e-07	0.19233903288841248	1.622538547962904e-09	0.02117866277694702	0.01907867193222046	0.26595741510391235	9.999999974752427e-07	0.0752153992652893	0.2984440326690674	0.01907867193222046	9.999999974752427e-07	0.010416666977107525	0.19233903288841248	0.010324249044060707	0.007624365389347076	1.622538547962904e-09	1.622538547962904e-09	1.622538547962904e-09	9.999999974752427e-07	0.19233901798725128	0.19233904778957367	1.622538547962904e-09	0.026356376707553864	0.16347560286521912	0.04025733470916748	1.622538547962904e-09	1.622538547962904e-09	0.19233901798725128	1.622538547962904e-09	0.015332028269767761	0.0117647061124444	0.24910278618335724	0.01778506115078926	-1.3278622645884752e-08	0.24910275638103485	1.622538547962904e-09	9.999999974752427e-07	1.622538547962904e-09	0.1170303225517273	0.015458554029464722	0.0752154290676117	-1.3278622645884752e-08	0.00909090880304575	-1.3278622645884752e-08	0.009573204442858696	0.02117866650223732	0.0752154216170311	0.018691588193178177	0.015458546578884125	5.000001692678779e-07	0.005539216101169586	1.622538547962904e-09	0.01778506115078926	9.999999974752427e-07	0.02822047472000122	1.5000005078036338e-06	1.622538547962904e-09	1.3333333299669903e-06	9.999999974752427e-07	-1.3278622645884752e-08	9.999999974752427e-07	0.16347560286521912	1.622538547962904e-09	0.14051920175552368	0.16347560286521912	0.24910278618335724	0.19233901798725128	0.011078406125307083	0.010101010091602802	0.009573204442858696	0.009177442640066147	0.14051921665668488	0.008695651777088642	1.622538547962904e-09	0.2222221940755844	0.11703035235404968	0.04181492328643799	0.011904762126505375	0.009177440777420998	0.010869565419852734	0.14051920175552368	-1.3278622645884752e-08	0.005539216101169586	0.026356376707553864	1.622538547962904e-09	5.000001692678779e-07	0.009999999776482582	0.01907867006957531	1.622538547962904e-09	0.010324249044060707	9.999999974752427e-07	9.999999974752427e-07	1.622538547962904e-09	6.666664376098197e-07	9.999999974752427e-07	1.622538547962904e-09	6.666664376098197e-07	0.012001216411590576	0.43699371814727783	0.05826278030872345	9.999999974752427e-07	0.2679571807384491	9.999999974752427e-07	0.04900254309177399	1.622538547962904e-09	0.3783048689365387	0.009493403136730194	0.06596280634403229	0.3783048391342163	1.622538547962904e-09	9.999999974752427e-07	0.01123595517128706	0.2679571509361267	-2.4010660126805305e-10	1.622538547962904e-09	-1.3278622645884752e-08	1.622538547962904e-09	1.622538547962904e-09	6.666664376098197e-07	0.2545320391654968	0.2679571509361267	0.010989011265337467	1.3333333299669903e-06	0.20756608247756958	0.04900255426764488	1.622538547962904e-09	0.005720056593418121	0.2679571509361267	1.622538547962904e-09	0.01575428992509842	0.010256931185722351	0.3783048391342163	0.01601792871952057	-2.4010660126805305e-10	0.3783048689365387	0.019911106675863266	9.999999974752427e-07	1.622538547962904e-09	0.1568257212638855	0.013005435466766357	0.11561180651187897	0.01815195381641388	6.666664376098197e-07	0.01815195381641388	0.010526316240429878	0.04900252819061279	0.06741572916507721	0.03269492834806442	0.018725495785474777	0.00909090880304575	-2.4010660126805305e-10	1.622538547962904e-09	0.00917431153357029	0.009686267003417015	0.009686268866062164	0.025567827746272087	9.999999974752427e-07	0.043478261679410934	0.01575428992509842	-2.4010660126805305e-10	0.009493403136730194	0.20756609737873077	9.999999974752427e-07	0.15682576596736908	0.20756609737873077	0.3783048689365387	0.2679571211338043	0.030948013067245483	0.025567827746272087	9.999999974752427e-07	9.999999974752427e-07	0.17497771978378296	0.009708737954497337	0.00909090880304575	0.31832000613212585	0.1568257361650467	0.04121395945549011	0.04972795397043228	0.010204081423580647	0.007700018584728241	0.19181180000305176	9.999999974752427e-07	0.011036910116672516	0.022488445043563843	0.016806723549962044	9.999999974752427e-07	0.009615384973585606	1.622538547962904e-09	1.622538547962904e-09	-2.4010660126805305e-10	1.622538547962904e-09	9.999999974752427e-07	1.622538547962904e-09	0.009803921915590763	1.622538547962904e-09	1.622538547962904e-09	9.999999974752427e-07	9.999999974752427e-07	0.3545212149620056	0.02059110254049301	0.010625112801790237	0.2112308293581009	0.02664199471473694	0.006121926009654999	9.999999974752427e-07	0.3018166422843933	0.006626579910516739	0.02059112675487995	0.3018166720867157	0.0186464861035347	-1.3278622645884752e-08	1.622538547962904e-09	0.1669045239686966	0.015181045979261398	9.999999974752427e-07	1.622538547962904e-09	1.622538547962904e-09	0.010238776914775372	1.622538547962904e-09	0.14026254415512085	0.21123084425926208	-1.3278622645884752e-08	1.622538547962904e-09	0.14026251435279846	0.024768419563770294	1.622538547962904e-09	1.622538547962904e-09	0.21123087406158447	-1.3278622645884752e-08	0.011363636702299118	6.912159733474255e-10	0.23242247104644775	-1.3278622645884752e-08	0.006100691854953766	0.29567739367485046	-1.3278622645884752e-08	-1.3278622645884752e-08	1.622538547962904e-09	0.09294700622558594	1.622538547962904e-09	0.06100180745124817	0.01366463303565979	1.622538547962904e-09	0.007563948631286621	0.011995955370366573	0.0061219483613967896	0.030612245202064514	0.00662657618522644	9.073119144886732e-09	-2.4010660126805305e-10	-1.3278622645884752e-08	-1.3278622645884752e-08	-1.3278622645884752e-08	9.999999974752427e-07	0.027936086058616638	0.010625114664435387	0.027522936463356018	0.007871784269809723	9.999999974752427e-07	1.622538547962904e-09	0.006626579910516739	0.14026251435279846	0.010101010091602802	0.09294699132442474	0.14026251435279846	0.29567742347717285	0.21123076975345612	-1.3278622645884752e-08	0.013964534737169743	0.011995954439043999	0.006121940910816193	0.10661163181066513	1.622538547962904e-09	0.02664199471473694	0.21910253167152405	0.061001840978860855	1.622538547962904e-09	0.013319917023181915	0.006121940910816193	1.622538547962904e-09	0.10661161690950394	9.999999974752427e-07	-1.3278622645884752e-08	1.622538547962904e-09	1.622538547962904e-09	-2.4010660126805305e-10	1.622538547962904e-09	9.999999974752427e-07	1.622538547962904e-09	0.015181045979261398	1.622538547962904e-09	6.912159733474255e-10	0.010238775983452797	0.00787179172039032	0.006139293313026428	1.622538547962904e-09	1.622538547962904e-09	1.622538547962904e-09	0.3608141839504242	0.07295437157154083	0.008505983278155327	0.2816368341445923	0.009365733712911606	0.02610163390636444	-1.3278622645884752e-08	0.3097529113292694	8.000001798791345e-07	0.07295437157154083	0.309752881526947	-1.3278622645884752e-08	2.255546860396862e-10	-5.828042048960924e-09	0.22092559933662415	0.02495989203453064	-1.3278622645884752e-08	1.622538547962904e-09	1.622538547962904e-09	-1.3278622645884752e-08	9.999999974752427e-07	0.21155986189842224	0.22092559933662415	2.255546860396862e-10	0.00917431153357029	0.1840570569038391	0.02610163390636444	1.622538547962904e-09	-5.828042048960924e-09	0.22092559933662415	1.622538547962904e-09	-1.3278622645884752e-08	0.008564602583646774	0.29866209626197815	1.622538547962904e-09	9.999999974752427e-07	0.29866212606430054	2.255546860396862e-10	2.255546860396862e-10	1.622538547962904e-09	0.1273503601551056	-5.828042048960924e-09	0.08163265138864517	0.01516491174697876	0.008196720853447914	9.999999974752427e-07	-2.4010660126805305e-10	0.026101641356945038	0.07547169923782349	1.3999997463542968e-06	0.015599853359162807	0.01042632944881916	0.009330726228654385	0.018172089010477066	1.622538547962904e-09	1.622538547962904e-09	0.02495989203453064	0.028257330879569054	9.999999974752427e-07	0.008460655808448792	-1.3278622645884752e-08	9.999999974752427e-07	8.000001798791345e-07	0.14251525700092316	0.009365729987621307	0.1273503601551056	0.14251527190208435	0.29866209626197815	0.2816368341445923	0.00933072715997696	0.05747126415371895	-2.4010660126805305e-10	9.999999974752427e-07	0.14251521229743958	6.000000212225132e-07	0.009365737438201904	0.2900974750518799	0.1273503601551056	0.04308461770415306	-2.4010660126805305e-10	0.009282233193516731	1.622538547962904e-09	0.14251525700092316	9.999999974752427e-07	2.255546860396862e-10	0.027484744787216187	0.017241379246115685	0.009325018152594566	-5.828042048960924e-09	-1.3278622645884752e-08	0.015599831938743591	0.024959899485111237	-2.4010660126805305e-10	9.999999974752427e-07	-1.3278622645884752e-08	0.008460663259029388	0.011090753600001335	1.622538547962904e-09	1.622538547962904e-09	0.01681940071284771
60	-15547.466796875	-1	9	57	76	75	26	89	10	62	48	0	26	84	41	29	91	66	5	0	11	24	14	68	37	85	21	0	0	50	22	3	66	33	67	21	43	7	69	12	0	65	50	77	73	24	43	79	5	42	1	78	57	69	21	34	56	0	70	42	76	31	43	49	25	4	73	63	36	3	21	1	46	80	82	49	14	33	40	77	33	47	9	66	48	69	78	85	57	13	11	50	56	7	32	19	59	7	0	60	47	0.5437127947807312	0.08644906431436539	0.010285336524248123	0.4145510792732239	0.01283031702041626	0.010498285293579102	0.010526316240429878	0.4251324534416199	9.999999974752427e-07	0.08644905686378479	0.4415539503097534	0.06554713845252991	9.999999974752427e-07	9.999999974752427e-07	0.40957462787628174	9.999999974752427e-07	0.005317956209182739	1.622538547962904e-09	1.622538547962904e-09	9.999999974752427e-07	0.02298850566148758	0.3967443108558655	0.4095746576786041	9.999999974752427e-07	0.03314200043678284	0.2897196114063263	0.0760454535484314	1.622538547962904e-09	9.999999974752427e-07	0.4095746576786041	0.004976436495780945	1.622538547962904e-09	1.622538547962904e-09	0.4145510196685791	0.03333333507180214	-1.3278622645884752e-08	0.4251324534416199	9.999999974752427e-07	9.999999974752427e-07	1.622538547962904e-09	0.22580645978450775	0.012048192322254181	0.1361638456583023	-1.3278622645884752e-08	9.999999974752427e-07	-1.3278622645884752e-08	1.622538547962904e-09	0.01049828715622425	0.1361638605594635	0.030567780137062073	0.02411612868309021	1.622538547962904e-09	0.008196720853447914	0.010869565419852734	9.999999974752427e-07	0.010526316240429878	0.02611330896615982	0.019338728860020638	-2.4010660126805305e-10	-1.3278622645884752e-08	1.622538547962904e-09	-1.3278622645884752e-08	0.030567795038223267	0.27059194445610046	9.999999974752427e-07	0.2652738690376282	0.2705919146537781	0.4251324534416199	0.4095746874809265	0.030927833169698715	0.05588129162788391	1.622538547962904e-09	0.0104982890188694	0.2652738392353058	-1.3278622645884752e-08	0.01283031702041626	0.4145510792732239	0.22250455617904663	0.08634074777364731	1.622538547962904e-09	0.01049829088151455	1.622538547962904e-09	0.26527392864227295	0.036036036908626556	0.009900989942252636	0.062224678695201874	0.029082641005516052	0.009053405374288559	9.999999974752427e-07	0.012195121496915817	9.999999974752427e-07	0.008547008968889713	-1.3278622645884752e-08	1.622538547962904e-09	9.999999974752427e-07	-1.3278622645884752e-08	-1.3278622645884752e-08	1.622538547962904e-09	1.622538547962904e-09	1.622538547962904e-09	0.4231007397174835	0.04496558755636215	0.010405869223177433	0.2722354829311371	0.010044899769127369	0.021052632480859756	9.999999974752427e-07	0.3162521421909332	0.018691588193178177	0.05226296931505203	0.3162521421909332	0.01785714365541935	0.010989011265337467	1.622538547962904e-09	0.2722354829311371	9.999999974752427e-07	1.622538547962904e-09	0.019417475908994675	1.622538547962904e-09	9.999999974752427e-07	6.666664376098197e-07	0.2291666716337204	0.2722354829311371	9.999999974752427e-07	1.3333333299669903e-06	0.18190434575080872	0.09699184447526932	1.622538547962904e-09	0.0078512541949749	0.2722354829311371	1.622538547962904e-09	1.622538547962904e-09	0.010638297535479069	0.31625211238861084	9.999999974752427e-07	-7.275957614183426e-12	0.31625211238861084	0.010526316240429878	0.009009009227156639	1.622538547962904e-09	0.10256187617778778	1.622538547962904e-09	0.0606570690870285	0.008510754443705082	6.666664376098197e-07	-7.275957614183426e-12	9.999999974752427e-07	1.3999997463542968e-06	0.05226297304034233	0.034559715539216995	0.022432174533605576	2.255546860396862e-10	9.999999974752427e-07	9.999999974752427e-07	9.999999974752427e-07	0.008264463394880295	0.009856697171926498	0.010405868291854858	0.008394084870815277	1.622538547962904e-09	1.622538547962904e-09	0.008510754443705082	0.034559715539216995	0.18190431594848633	0.010044899769127369	0.11764705926179886	0.18190433084964752	0.31625211238861084	0.2722354829311371	0.042105261236429214	0.010405870154500008	9.999999974752427e-07	8.000001798791345e-07	0.18190434575080872	1.622538547962904e-09	0.010044898837804794	0.2722354531288147	0.10256189107894897	0.04190482199192047	9.999999974752427e-07	8.000001798791345e-07	0.00729738175868988	0.18190434575080872	1.622538547962904e-09	0.016949152573943138	0.01947261206805706	9.999999974752427e-07	2.255546860396862e-10	1.622538547962904e-09	0.011627906933426857	0.014580924063920975	9.999999974752427e-07	1.622538547962904e-09	9.999999974752427e-07	9.999999974752427e-07	1.622538547962904e-09	1.622538547962904e-09	1.622538547962904e-09	1.622538547962904e-09	6.000000212225132e-07	0.4494662880897522	0.08000115305185318	9.999999974752427e-07	0.3330483138561249	-1.3278622645884752e-08	0.03483249247074127	9.999999974752427e-07	0.386263370513916	0.009220771491527557	0.08756303787231445	0.38626334071159363	0.013322077691555023	-1.3278622645884752e-08	9.999999974752427e-07	0.2947915494441986	9.999999974752427e-07	0.029411764815449715	9.999999974752427e-07	-1.3278622645884752e-08	0.008118398487567902	0.010526316240429878	0.2947915494441986	0.2947915196418762	-1.3278622645884752e-08	0.01075268816202879	0.2947915196418762	0.04815460741519928	-1.3278622645884752e-08	0.02777777798473835	0.2947915494441986	0.019186578691005707	9.999999974752427e-07	0.008000463247299194	0.38626325130462646	-1.3278622645884752e-08	1.622538547962904e-09	0.38626331090927124	-1.3278622645884752e-08	-1.3278622645884752e-08	-1.3278622645884752e-08	0.1528805047273636	9.999999974752427e-07	0.08756301552057266	0.009048528037965298	9.999999974752427e-07	1.622538547962904e-09	0.009130984544754028	0.02860131859779358	0.08756303787231445	0.009220770560204983	0.04123711213469505	9.999999974752427e-07	-1.3278622645884752e-08	-1.3278622645884752e-08	-1.3278622645884752e-08	0.008003763854503632	0.015048369765281677	0.029999999329447746	1.622538547962904e-09	0.00909090880304575	9.999999974752427e-07	0.009048528969287872	0.009220771491527557	0.2947915196418762	-1.3278622645884752e-08	0.15288051962852478	0.2499999850988388	0.38626334071159363	0.31386175751686096	-1.3278622645884752e-08	0.032608695328235626	0.009130991995334625	9.999999974752427e-07	0.16192904114723206	-2.4010660126805305e-10	-1.3278622645884752e-08	0.36913180351257324	0.1528804898262024	0.06531748175621033	0.009130977094173431	0.028601333498954773	0.00756189227104187	0.16814157366752625	1.622538547962904e-09	-1.3278622645884752e-08	0.021052632480859756	0.009900989942252636	0.027272727340459824	9.999999974752427e-07	0.005203664302825928	0.008620689623057842	0.007044591009616852	-1.3278622645884752e-08	0.008000463247299194	0.008118398487567902	9.999999974752427e-07	-1.3278622645884752e-08	-1.3278622645884752e-08	9.999999974752427e-07	1.622538547962904e-09	0.4417252540588379	0.024390242993831635	9.999999974752427e-07	0.30527329444885254	0.010416666977107525	0.014637120068073273	9.999999974752427e-07	0.3760969042778015	9.999999974752427e-07	0.04878048598766327	0.3760969340801239	0.05099131166934967	9.999999974752427e-07	0.008882244117558002	0.30527329444885254	1.622538547962904e-09	1.622538547962904e-09	1.622538547962904e-09	1.622538547962904e-09	0.030414387583732605	0.012048192322254181	0.29318323731422424	0.30527329444885254	9.999999974752427e-07	0.017391303554177284	0.2670987844467163	0.06562843173742294	1.622538547962904e-09	0.010416666977107525	0.30527329444885254	1.622538547962904e-09	1.622538547962904e-09	1.622538547962904e-09	0.3052733540534973	1.622538547962904e-09	0.010526316240429878	0.3760969042778015	9.999999974752427e-07	9.999999974752427e-07	1.622538547962904e-09	0.14387741684913635	0.025641024112701416	0.07431011646986008	0.032608695328235626	9.999999974752427e-07	0.009615384973585606	1.622538547962904e-09	0.014637134969234467	0.07431010156869888	0.010309278033673763	0.04452749714255333	0.009433962404727936	9.999999974752427e-07	1.622538547962904e-09	1.622538547962904e-09	1.622538547962904e-09	1.622538547962904e-09	0.009569531306624413	1.622538547962904e-09	1.622538547962904e-09	1.622538547962904e-09	0.01123595517128706	9.999999974752427e-07	0.2047177255153656	9.999999974752427e-07	0.14387744665145874	0.2047177404165268	0.3052733540534973	0.30527329444885254	0.026084452867507935	0.009569531306624413	1.622538547962904e-09	0.010101010091602802	0.2047177255153656	0.010204081423580647	0.010989011265337467	0.30527329444885254	0.14387741684913635	0.06956726312637329	1.622538547962904e-09	0.01463712751865387	9.999999974752427e-07	0.204717755317688	0.009803921915590763	9.999999974752427e-07	0.02503982186317444	9.999999974752427e-07	9.999999974752427e-07	0.008882243186235428	0.020576924085617065	9.999999974752427e-07	1.622538547962904e-09	1.622538547962904e-09	1.622538547962904e-09	9.999999974752427e-07	1.622538547962904e-09	1.622538547962904e-09	1.622538547962904e-09	1.622538547962904e-09	1.622538547962904e-09	0.3537144362926483	0.026411600410938263	4.2857209336943924e-07	0.20192477107048035	1.622538547962904e-09	0.027027027681469917	-7.275957614183426e-12	0.28152182698249817	1.622538547962904e-09	0.026411622762680054	0.2815217971801758	0.010256588459014893	9.999999974752427e-07	1.622538547962904e-09	0.20192477107048035	9.999999974752427e-07	1.622538547962904e-09	9.999999974752427e-07	1.622538547962904e-09	0.010256589390337467	1.622538547962904e-09	0.20192474126815796	0.20192478597164154	1.622538547962904e-09	1.622538547962904e-09	0.16246558725833893	0.05873368680477142	1.622538547962904e-09	0.027633339166641235	0.20192477107048035	-1.3278622645884752e-08	1.622538547962904e-09	-1.3278622645884752e-08	0.20192483067512512	0.008206691592931747	9.999999974752427e-07	0.2740027904510498	1.622538547962904e-09	9.999999974752427e-07	1.622538547962904e-09	0.05703481286764145	1.622538547962904e-09	0.02641153335571289	0.03179077059030533	1.622538547962904e-09	9.999999974752427e-07	-1.3278622645884752e-08	0.009401541203260422	0.026411622762680054	0.009916093200445175	0.027633339166641235	4.2857209336943924e-07	1.622538547962904e-09	0.013445600867271423	0.008206691592931747	9.999999974752427e-07	0.013458997011184692	1.2857158253609668e-06	-1.3278622645884752e-08	-1.3278622645884752e-08	1.622538547962904e-09	9.999999974752427e-07	1.622538547962904e-09	0.16246557235717773	1.622538547962904e-09	0.05703481659293175	0.1057061031460762	0.2626262605190277	0.20192477107048035	0.01780684106051922	1.2857121873821598e-06	-1.3278622645884752e-08	9.999999974752427e-07	0.08882559835910797	0.009916089475154877	1.622538547962904e-09	0.20192478597164154	0.05404491350054741	0.027633339166641235	-1.3278622645884752e-08	0.009401543065905571	1.622538547962904e-09	0.1057060956954956	-1.3278622645884752e-08	0.017806850373744965	1.622538547962904e-09	1.622538547962904e-09	4.2857209336943924e-07	1.622538547962904e-09	-7.275957614183426e-12	1.622538547962904e-09	9.999999974752427e-07	1.622538547962904e-09	-1.3278622645884752e-08	9.999999974752427e-07	-1.3278622645884752e-08	0.007519088685512543	1.622538547962904e-09	1.622538547962904e-09	2.255546860396862e-10	0.5330701470375061	0.005072489380836487	5.000001692678779e-07	0.3791336119174957	0.015137098729610443	0.04571789503097534	9.999999974752427e-07	0.47317150235176086	1.622538547962904e-09	0.08930285274982452	0.47317150235176086	0.014180606231093407	0.010177051648497581	9.999999974752427e-07	0.283880352973938	-1.3278622645884752e-08	1.622538547962904e-09	0.009429067373275757	-1.3278622645884752e-08	0.007485583424568176	9.999999974752427e-07	0.2687433063983917	0.3461630940437317	0.011049933731555939	0.012431889772415161	0.21618443727493286	0.059898555278778076	-1.3278622645884752e-08	1.622538547962904e-09	0.2838802933692932	0.030927835032343864	0.04472166299819946	-1.3278622645884752e-08	0.39345017075538635	1.622538547962904e-09	-1.3278622645884752e-08	0.39345014095306396	0.011049933731555939	0.010177051648497581	-1.3278622645884752e-08	0.16346153616905212	0.04000958055257797	0.08930287510156631	-1.3278622645884752e-08	0.010416666977107525	-1.3278622645884752e-08	0.014316469430923462	0.036288827657699585	0.08930285274982452	1.622538547962904e-09	0.0478060245513916	5.000001692678779e-07	0.028037382289767265	1.622538547962904e-09	1.622538547962904e-09	-1.3278622645884752e-08	-1.3278622645884752e-08	1.5000005078036338e-06	1.622538547962904e-09	-1.3278622645884752e-08	9.999999974752427e-07	-1.3278622645884752e-08	1.622538547962904e-09	0.21618443727493286	0.015137098729610443	0.171462744474411	0.21618443727493286	0.39345014095306396	0.3461630940437317	0.05255882441997528	0.005072489380836487	9.999999974752427e-07	0.02286946028470993	0.1714627593755722	1.622538547962904e-09	0.01513710618019104	0.37913358211517334	0.1495407670736313	0.06023794412612915	0.014316461980342865	0.02286946028470993	0.008695651777088642	0.1714627593755722	1.622538547962904e-09	0.010177051648497581	0.012431896291673183	1.622538547962904e-09	5.000001692678779e-07	9.999999974752427e-07	0.0066950395703315735	0.007796458899974823	-1.3278622645884752e-08	0.030927835032343864	-1.3278622645884752e-08	0.007485583424568176	-1.3278622645884752e-08	0.02777777798473835	-1.3278622645884752e-08	9.999999974752427e-07	0.008695651777088642	0.3669218420982361	0.04854368790984154	5.000001692678779e-07	0.19233903288841248	1.622538547962904e-09	0.021178677678108215	0.01907866820693016	0.26595741510391235	9.999999974752427e-07	0.0752153992652893	0.2984440326690674	0.01907867193222046	9.999999974752427e-07	0.010416666977107525	0.19233903288841248	0.010324249044060707	0.007624365389347076	1.622538547962904e-09	1.622538547962904e-09	1.622538547962904e-09	9.999999974752427e-07	0.19233901798725128	0.19233904778957367	1.622538547962904e-09	0.026356376707553864	0.16347560286521912	0.04025731980800629	1.622538547962904e-09	1.622538547962904e-09	0.19233901798725128	1.622538547962904e-09	0.015332028269767761	0.0117647061124444	0.24910278618335724	0.01778506115078926	-1.3278622645884752e-08	0.24910277128219604	1.622538547962904e-09	9.999999974752427e-07	1.622538547962904e-09	0.1170303225517273	0.015458554029464722	0.0752154290676117	-1.3278622645884752e-08	0.00909090880304575	-1.3278622645884752e-08	0.009573204442858696	0.02117867022752762	0.0752154216170311	0.018691588193178177	0.015458546578884125	5.000001692678779e-07	0.005539216101169586	1.622538547962904e-09	0.01778506115078926	9.999999974752427e-07	0.02822047472000122	1.5000005078036338e-06	1.622538547962904e-09	9.999999974752427e-07	9.999999974752427e-07	-1.3278622645884752e-08	9.999999974752427e-07	0.16347560286521912	1.622538547962904e-09	0.14051920175552368	0.16347560286521912	0.24910280108451843	0.19233901798725128	0.011078406125307083	0.010101010091602802	0.009573204442858696	0.009177442640066147	0.14051921665668488	0.008695651777088642	1.622538547962904e-09	0.2222222089767456	0.11703035235404968	0.04181492328643799	0.011904762126505375	0.009177440777420998	0.010869565419852734	0.14051920175552368	-1.3278622645884752e-08	0.005539216101169586	0.026356376707553864	1.622538547962904e-09	5.000001692678779e-07	0.009999999776482582	0.01907867006957531	1.622538547962904e-09	0.010324249044060707	9.999999974752427e-07	9.999999974752427e-07	1.622538547962904e-09	9.999999974752427e-07	9.999999974752427e-07	1.622538547962904e-09	9.999999974752427e-07	0.012001216411590576	0.43699371814727783	0.05826278030872345	9.999999974752427e-07	0.2679571807384491	9.999999974752427e-07	0.04900254309177399	1.622538547962904e-09	0.3783048689365387	0.009493403136730194	0.06596280634403229	0.3783048391342163	1.622538547962904e-09	9.999999974752427e-07	0.01123595517128706	0.2679571509361267	-2.4010660126805305e-10	1.622538547962904e-09	-1.3278622645884752e-08	1.622538547962904e-09	1.622538547962904e-09	6.666664376098197e-07	0.2545320391654968	0.2679571509361267	0.010989011265337467	1.3333333299669903e-06	0.20756608247756958	0.04900255426764488	1.622538547962904e-09	0.005720056593418121	0.2679571509361267	1.622538547962904e-09	0.01575428992509842	0.010256931185722351	0.3783048391342163	0.01601792871952057	-2.4010660126805305e-10	0.3783048689365387	0.019911106675863266	9.999999974752427e-07	1.622538547962904e-09	0.1568257212638855	0.013005435466766357	0.11561180651187897	0.01815195381641388	6.666664376098197e-07	0.01815195381641388	0.010526316240429878	0.04900252819061279	0.06741572916507721	0.03269492834806442	0.018725495785474777	0.00909090880304575	-2.4010660126805305e-10	1.622538547962904e-09	0.00917431153357029	0.009686267003417015	0.009686268866062164	0.025567827746272087	9.999999974752427e-07	0.043478261679410934	0.01575428992509842	-2.4010660126805305e-10	0.009493403136730194	0.20756609737873077	9.999999974752427e-07	0.15682576596736908	0.20756609737873077	0.3783048689365387	0.2679571211338043	0.030948013067245483	0.025567827746272087	9.999999974752427e-07	9.999999974752427e-07	0.17497771978378296	0.009708737954497337	0.00909090880304575	0.31832000613212585	0.1568257361650467	0.04121395945549011	0.04972795397043228	0.010204081423580647	0.007700018584728241	0.19181180000305176	9.999999974752427e-07	0.011036910116672516	0.022488445043563843	0.016806723549962044	9.999999974752427e-07	0.009615384973585606	1.622538547962904e-09	1.622538547962904e-09	-2.4010660126805305e-10	1.622538547962904e-09	9.999999974752427e-07	1.622538547962904e-09	0.009803921915590763	1.622538547962904e-09	1.622538547962904e-09	9.999999974752427e-07	9.999999974752427e-07	0.3545213043689728	0.02059110254049301	0.010625112801790237	0.21123084425926208	0.02664199471473694	0.0061219222843647	9.999999974752427e-07	0.3018166422843933	0.006626579910516739	0.02059112675487995	0.3018166720867157	0.01864650845527649	-1.3278622645884752e-08	1.622538547962904e-09	0.1669045239686966	0.015181045979261398	9.999999974752427e-07	1.622538547962904e-09	1.622538547962904e-09	0.010238776914775372	1.622538547962904e-09	0.14026254415512085	0.2112308144569397	-1.3278622645884752e-08	1.622538547962904e-09	0.14026251435279846	0.024768419563770294	1.622538547962904e-09	1.622538547962904e-09	0.2112308144569397	-1.3278622645884752e-08	0.011363636702299118	6.912159733474255e-10	0.23242251574993134	-1.3278622645884752e-08	0.006100691854953766	0.29567739367485046	-1.3278622645884752e-08	-1.3278622645884752e-08	1.622538547962904e-09	0.09294700622558594	1.622538547962904e-09	0.06100180745124817	0.01366463303565979	1.622538547962904e-09	0.007563948631286621	0.011995955370366573	0.0061219483613967896	0.030612245202064514	0.00662657618522644	9.073119144886732e-09	-2.4010660126805305e-10	-1.3278622645884752e-08	-1.3278622645884752e-08	-1.3278622645884752e-08	9.999999974752427e-07	0.027936100959777832	0.010625114664435387	0.027522936463356018	0.007871739566326141	9.999999974752427e-07	1.622538547962904e-09	0.006626579910516739	0.14026251435279846	0.010101010091602802	0.09294699132442474	0.14026251435279846	0.29567742347717285	0.21123076975345612	-1.3278622645884752e-08	0.013964534737169743	0.011995954439043999	0.0061219483613967896	0.10661163181066513	1.622538547962904e-09	0.02664199471473694	0.2191026210784912	0.061001840978860855	1.622538547962904e-09	0.013319892808794975	0.0061219483613967896	1.622538547962904e-09	0.10661161690950394	9.999999974752427e-07	-1.3278622645884752e-08	1.622538547962904e-09	1.622538547962904e-09	-2.4010660126805305e-10	1.622538547962904e-09	9.999999974752427e-07	1.622538547962904e-09	0.015181045979261398	1.622538547962904e-09	6.912159733474255e-10	0.010238775983452797	0.007871739566326141	0.006139293313026428	1.622538547962904e-09	9.999999974752427e-07	1.622538547962904e-09	0.3608143925666809	0.07295437157154083	0.008505983278155327	0.28163689374923706	0.009365741163492203	0.026101574301719666	-1.3278622645884752e-08	0.3097529113292694	8.000001798791345e-07	0.07295437157154083	0.3097529113292694	-1.3278622645884752e-08	2.255546860396862e-10	-5.828042048960924e-09	0.22092559933662415	0.024959847331047058	-1.3278622645884752e-08	1.622538547962904e-09	1.622538547962904e-09	-1.3278622645884752e-08	9.999999974752427e-07	0.21155987679958344	0.22092559933662415	2.255546860396862e-10	0.00917431153357029	0.1840570569038391	0.026101604104042053	1.622538547962904e-09	-5.828042048960924e-09	0.22092559933662415	1.622538547962904e-09	-1.3278622645884752e-08	0.008564628660678864	0.29866212606430054	1.622538547962904e-09	9.999999974752427e-07	0.2986621558666229	2.255546860396862e-10	2.255546860396862e-10	1.622538547962904e-09	0.1273503601551056	-5.828042048960924e-09	0.08163265138864517	0.015164896845817566	0.008196720853447914	9.999999974752427e-07	-2.4010660126805305e-10	0.026101581752300262	0.07547169923782349	1.3999997463542968e-06	0.015599853359162807	0.01042632944881916	0.009330734610557556	0.01817210763692856	1.622538547962904e-09	1.622538547962904e-09	0.024959847331047058	0.028257330879569054	9.999999974752427e-07	0.008460670709609985	-1.3278622645884752e-08	9.999999974752427e-07	8.000001798791345e-07	0.14251528680324554	0.009365737438201904	0.1273503601551056	0.14251530170440674	0.2986621558666229	0.2816368341445923	0.009330734610557556	0.05747126415371895	-2.4010660126805305e-10	9.999999974752427e-07	0.14251521229743958	6.000000212225132e-07	0.009365737438201904	0.29009753465652466	0.1273503601551056	0.04308461770415306	-2.4010660126805305e-10	0.00928221084177494	1.622538547962904e-09	0.14251521229743958	9.999999974752427e-07	2.255546860396862e-10	0.027484744787216187	0.017241379246115685	0.009325018152594566	-5.828042048960924e-09	-1.3278622645884752e-08	0.015599831938743591	0.02495983988046646	-2.4010660126805305e-10	9.999999974752427e-07	-1.3278622645884752e-08	0.008460670709609985	0.011090738698840141	1.622538547962904e-09	-1.3278622645884752e-08	0.01681937463581562
61	-15547.466796875	-1	9	57	76	75	26	89	10	62	48	0	26	84	41	29	91	66	5	0	11	24	14	68	37	85	21	0	0	50	22	3	66	33	67	21	43	7	69	12	0	65	50	77	73	24	43	79	5	42	1	78	57	69	21	34	56	0	70	42	76	31	43	49	25	4	73	63	36	3	21	1	46	80	82	49	14	33	40	77	33	47	9	66	48	69	78	85	57	13	11	50	56	7	32	19	59	7	0	61	47	0.5437126159667969	0.08644906431436539	0.010285336524248123	0.4145510196685791	0.012830331921577454	0.010498285293579102	0.010526316240429878	0.4251324534416199	9.999999974752427e-07	0.08644905686378479	0.44155392050743103	0.0655471682548523	9.999999974752427e-07	9.999999974752427e-07	0.40957462787628174	9.999999974752427e-07	0.005317956209182739	1.622538547962904e-09	1.622538547962904e-09	9.999999974752427e-07	0.02298850566148758	0.39674437046051025	0.4095746874809265	9.999999974752427e-07	0.03314200043678284	0.2897196114063263	0.0760454460978508	1.622538547962904e-09	9.999999974752427e-07	0.4095746576786041	0.004976451396942139	1.622538547962904e-09	1.622538547962904e-09	0.4145510494709015	0.03333333507180214	-1.3278622645884752e-08	0.4251324236392975	9.999999974752427e-07	9.999999974752427e-07	1.622538547962904e-09	0.22580645978450775	0.012048192322254181	0.1361638456583023	-1.3278622645884752e-08	9.999999974752427e-07	-1.3278622645884752e-08	1.622538547962904e-09	0.010498294606804848	0.1361638605594635	0.030567780137062073	0.02411612868309021	1.622538547962904e-09	0.008196720853447914	0.010869565419852734	9.999999974752427e-07	0.010526316240429878	0.026113338768482208	0.019338728860020638	-2.4010660126805305e-10	-1.3278622645884752e-08	1.622538547962904e-09	-1.3278622645884752e-08	0.030567795038223267	0.2705919146537781	9.999999974752427e-07	0.26527392864227295	0.2705919146537781	0.4251324236392975	0.40957462787628174	0.030927833169698715	0.05588129162788391	1.622538547962904e-09	0.010498292744159698	0.2652738690376282	-1.3278622645884752e-08	0.012830331921577454	0.41455110907554626	0.22250455617904663	0.08634074777364731	1.622538547962904e-09	0.010498294606804848	1.622538547962904e-09	0.26527389883995056	0.036036036908626556	0.009900989942252636	0.062224678695201874	0.029082641005516052	0.009053405374288559	9.999999974752427e-07	0.012195121496915817	9.999999974752427e-07	0.008547008968889713	-1.3278622645884752e-08	1.622538547962904e-09	9.999999974752427e-07	-1.3278622645884752e-08	-1.3278622645884752e-08	1.622538547962904e-09	-1.3278622645884752e-08	1.622538547962904e-09	0.4231007397174835	0.04496558755636215	0.010405869223177433	0.2722354531288147	0.010044899769127369	0.021052632480859756	9.999999974752427e-07	0.31625208258628845	0.018691588193178177	0.05226296931505203	0.31625211238861084	0.01785714365541935	0.010989011265337467	1.622538547962904e-09	0.2722354531288147	9.999999974752427e-07	1.622538547962904e-09	0.019417475908994675	1.622538547962904e-09	9.999999974752427e-07	6.666664376098197e-07	0.2291666716337204	0.2722354531288147	9.999999974752427e-07	1.3333333299669903e-06	0.1819043606519699	0.09699182957410812	1.622538547962904e-09	0.0078512541949749	0.2722354531288147	1.622538547962904e-09	1.622538547962904e-09	0.010638297535479069	0.31625205278396606	9.999999974752427e-07	-7.275957614183426e-12	0.31625205278396606	0.010526316240429878	0.009009009227156639	1.622538547962904e-09	0.10256187617778778	1.622538547962904e-09	0.0606570690870285	0.008510754443705082	6.666664376098197e-07	-7.275957614183426e-12	9.999999974752427e-07	1.3999997463542968e-06	0.05226297304034233	0.034559715539216995	0.022432174533605576	2.255546860396862e-10	9.999999974752427e-07	9.999999974752427e-07	9.999999974752427e-07	0.008264463394880295	0.009856700897216797	0.010405868291854858	0.008394084870815277	1.622538547962904e-09	1.622538547962904e-09	0.008510754443705082	0.034559715539216995	0.18190431594848633	0.010044899769127369	0.11764705926179886	0.18190434575080872	0.31625205278396606	0.2722354531288147	0.042105261236429214	0.010405870154500008	9.999999974752427e-07	8.000001798791345e-07	0.18190434575080872	1.622538547962904e-09	0.010044898837804794	0.2722354531288147	0.10256189107894897	0.04190482199192047	9.999999974752427e-07	8.000001798791345e-07	0.00729738175868988	0.18190434575080872	1.622538547962904e-09	0.016949152573943138	0.01947261206805706	9.999999974752427e-07	2.255546860396862e-10	1.622538547962904e-09	0.011627906933426857	0.014580924063920975	9.999999974752427e-07	1.622538547962904e-09	9.999999974752427e-07	9.999999974752427e-07	1.622538547962904e-09	1.622538547962904e-09	1.622538547962904e-09	9.999999974752427e-07	6.000000212225132e-07	0.4494662880897522	0.08000115305185318	9.999999974752427e-07	0.3330483138561249	-1.3278622645884752e-08	0.03483249247074127	9.999999974752427e-07	0.386263370513916	0.009220771491527557	0.08756303787231445	0.38626334071159363	0.013322077691555023	-1.3278622645884752e-08	9.999999974752427e-07	0.2947915494441986	9.999999974752427e-07	0.029411764815449715	9.999999974752427e-07	-1.3278622645884752e-08	0.008118398487567902	0.010526316240429878	0.2947915494441986	0.2947915196418762	-1.3278622645884752e-08	0.01075268816202879	0.2947915196418762	0.04815460741519928	-1.3278622645884752e-08	0.02777777798473835	0.2947915494441986	0.019186578691005707	9.999999974752427e-07	0.008000463247299194	0.38626325130462646	-1.3278622645884752e-08	1.622538547962904e-09	0.38626331090927124	-1.3278622645884752e-08	-1.3278622645884752e-08	-1.3278622645884752e-08	0.1528805047273636	9.999999974752427e-07	0.08756301552057266	0.009048528037965298	9.999999974752427e-07	1.622538547962904e-09	0.009130984544754028	0.02860131859779358	0.08756303787231445	0.009220770560204983	0.04123711213469505	9.999999974752427e-07	-1.3278622645884752e-08	-1.3278622645884752e-08	-1.3278622645884752e-08	0.008003763854503632	0.015048369765281677	0.029999999329447746	1.622538547962904e-09	0.00909090880304575	9.999999974752427e-07	0.009048528969287872	0.009220771491527557	0.2947915196418762	-1.3278622645884752e-08	0.15288051962852478	0.2499999850988388	0.38626334071159363	0.31386175751686096	-1.3278622645884752e-08	0.032608695328235626	0.009130991995334625	9.999999974752427e-07	0.16192904114723206	-2.4010660126805305e-10	-1.3278622645884752e-08	0.36913180351257324	0.1528804898262024	0.06531748175621033	0.009130977094173431	0.028601333498954773	0.00756189227104187	0.16814157366752625	1.622538547962904e-09	-1.3278622645884752e-08	0.021052632480859756	0.009900989942252636	0.027272727340459824	9.999999974752427e-07	0.005203664302825928	0.008620689623057842	0.007044591009616852	-1.3278622645884752e-08	0.008000463247299194	0.008118398487567902	9.999999974752427e-07	-1.3278622645884752e-08	-1.3278622645884752e-08	9.999999974752427e-07	1.622538547962904e-09	0.4417252242565155	0.024390242993831635	9.999999974752427e-07	0.30527326464653015	0.010416666977107525	0.014637134969234467	9.999999974752427e-07	0.3760969042778015	9.999999974752427e-07	0.04878048598766327	0.3760969042778015	0.05099133402109146	9.999999974752427e-07	0.008882244117558002	0.30527329444885254	1.622538547962904e-09	1.622538547962904e-09	1.622538547962904e-09	1.622538547962904e-09	0.030414395034313202	0.012048192322254181	0.29318323731422424	0.30527329444885254	9.999999974752427e-07	0.017391303554177284	0.2670987844467163	0.06562843918800354	1.622538547962904e-09	0.010416666977107525	0.30527329444885254	1.622538547962904e-09	1.622538547962904e-09	1.622538547962904e-09	0.30527329444885254	1.622538547962904e-09	0.010526316240429878	0.3760969042778015	9.999999974752427e-07	9.999999974752427e-07	1.622538547962904e-09	0.14387741684913635	0.025641024112701416	0.07431011646986008	0.032608695328235626	9.999999974752427e-07	0.009615384973585606	1.622538547962904e-09	0.014637134969234467	0.07431010156869888	0.010309278033673763	0.04452749714255333	0.009433962404727936	9.999999974752427e-07	1.622538547962904e-09	1.622538547962904e-09	1.622538547962904e-09	1.622538547962904e-09	0.009569531306624413	1.622538547962904e-09	1.622538547962904e-09	1.622538547962904e-09	0.01123595517128706	9.999999974752427e-07	0.20471768081188202	9.999999974752427e-07	0.14387744665145874	0.2047176957130432	0.3052733242511749	0.30527329444885254	0.026084452867507935	0.009569531306624413	1.622538547962904e-09	0.010101010091602802	0.204717755317688	0.010204081423580647	0.010989011265337467	0.30527329444885254	0.14387741684913635	0.06956726312637329	1.622538547962904e-09	0.01463712751865387	9.999999974752427e-07	0.20471777021884918	0.009803921915590763	9.999999974752427e-07	0.02503982186317444	9.999999974752427e-07	9.999999974752427e-07	0.008882243186235428	0.020576931536197662	9.999999974752427e-07	1.622538547962904e-09	1.622538547962904e-09	1.622538547962904e-09	9.999999974752427e-07	1.622538547962904e-09	1.622538547962904e-09	1.622538547962904e-09	9.999999974752427e-07	1.622538547962904e-09	0.3537144362926483	0.026411600410938263	4.2857209336943924e-07	0.20192477107048035	1.622538547962904e-09	0.027027027681469917	-7.275957614183426e-12	0.28152182698249817	1.622538547962904e-09	0.026411622762680054	0.2815217971801758	0.010256588459014893	9.999999974752427e-07	1.622538547962904e-09	0.20192477107048035	9.999999974752427e-07	1.622538547962904e-09	9.999999974752427e-07	1.622538547962904e-09	0.010256589390337467	1.622538547962904e-09	0.20192474126815796	0.20192478597164154	1.622538547962904e-09	1.622538547962904e-09	0.16246558725833893	0.05873368680477142	1.622538547962904e-09	0.027633339166641235	0.20192477107048035	-1.3278622645884752e-08	1.622538547962904e-09	-1.3278622645884752e-08	0.20192483067512512	0.008206691592931747	9.999999974752427e-07	0.2740027904510498	1.622538547962904e-09	9.999999974752427e-07	1.622538547962904e-09	0.05703481286764145	1.622538547962904e-09	0.02641153335571289	0.03179077059030533	1.622538547962904e-09	9.999999974752427e-07	-1.3278622645884752e-08	0.009401541203260422	0.026411622762680054	0.009916093200445175	0.027633339166641235	4.2857209336943924e-07	1.622538547962904e-09	0.013445600867271423	0.008206691592931747	9.999999974752427e-07	0.013458997011184692	1.2857158253609668e-06	-1.3278622645884752e-08	-1.3278622645884752e-08	1.622538547962904e-09	9.999999974752427e-07	1.622538547962904e-09	0.16246557235717773	1.622538547962904e-09	0.05703481659293175	0.10570608824491501	0.2626262605190277	0.20192477107048035	0.01780684106051922	1.2857121873821598e-06	-1.3278622645884752e-08	9.999999974752427e-07	0.08882559835910797	0.009916089475154877	1.622538547962904e-09	0.20192478597164154	0.05404491350054741	0.027633339166641235	-1.3278622645884752e-08	0.009401543065905571	1.622538547962904e-09	0.1057060956954956	-1.3278622645884752e-08	0.017806850373744965	1.622538547962904e-09	1.622538547962904e-09	4.2857209336943924e-07	1.622538547962904e-09	-7.275957614183426e-12	1.622538547962904e-09	9.999999974752427e-07	1.622538547962904e-09	-1.3278622645884752e-08	9.999999974752427e-07	-1.3278622645884752e-08	0.007519088685512543	1.622538547962904e-09	9.999999974752427e-07	2.255546860396862e-10	0.5330701470375061	0.005072489380836487	5.000001692678779e-07	0.3791336715221405	0.015137098729610443	0.04571791738271713	9.999999974752427e-07	0.47317150235176086	1.622538547962904e-09	0.08930285274982452	0.47317150235176086	0.014180630445480347	0.010177051648497581	9.999999974752427e-07	0.2838802933692932	-1.3278622645884752e-08	1.622538547962904e-09	0.009429076686501503	-1.3278622645884752e-08	0.007485575973987579	9.999999974752427e-07	0.26874327659606934	0.3461630940437317	0.011049933731555939	0.012431889772415161	0.21618443727493286	0.05989854037761688	-1.3278622645884752e-08	1.622538547962904e-09	0.2838802933692932	0.030927835032343864	0.04472167789936066	-1.3278622645884752e-08	0.39345017075538635	1.622538547962904e-09	-1.3278622645884752e-08	0.3934501111507416	0.011049933731555939	0.010177051648497581	-1.3278622645884752e-08	0.16346153616905212	0.04000958055257797	0.08930287510156631	-1.3278622645884752e-08	0.010416666977107525	-1.3278622645884752e-08	0.01431649923324585	0.03628883510828018	0.08930285274982452	1.622538547962904e-09	0.0478060245513916	5.000001692678779e-07	0.028037382289767265	1.622538547962904e-09	1.622538547962904e-09	-1.3278622645884752e-08	-1.3278622645884752e-08	1.5000005078036338e-06	1.622538547962904e-09	-1.3278622645884752e-08	9.999999974752427e-07	-1.3278622645884752e-08	1.622538547962904e-09	0.21618445217609406	0.015137098729610443	0.171462744474411	0.21618443727493286	0.3934501111507416	0.3461630940437317	0.05255886912345886	0.005072489380836487	9.999999974752427e-07	0.02286946028470993	0.1714627742767334	1.622538547962904e-09	0.01513710618019104	0.3791336417198181	0.1495407670736313	0.06023794412612915	0.014316491782665253	0.02286946028470993	0.008695651777088642	0.1714627593755722	1.622538547962904e-09	0.010177051648497581	0.012431896291673183	1.622538547962904e-09	5.000001692678779e-07	9.999999974752427e-07	0.0066950321197509766	0.007796458899974823	-1.3278622645884752e-08	0.030927835032343864	-1.3278622645884752e-08	0.007485579699277878	-1.3278622645884752e-08	0.02777777798473835	-1.3278622645884752e-08	-1.3278622645884752e-08	0.008695651777088642	0.3669218420982361	0.04854368790984154	5.000001692678779e-07	0.19233903288841248	1.622538547962904e-09	0.02117866277694702	0.01907867193222046	0.26595741510391235	9.999999974752427e-07	0.0752153992652893	0.2984440326690674	0.01907867193222046	9.999999974752427e-07	0.010416666977107525	0.19233904778957367	0.010324249044060707	0.007624350488185883	1.622538547962904e-09	1.622538547962904e-09	1.622538547962904e-09	9.999999974752427e-07	0.19233903288841248	0.19233903288841248	1.622538547962904e-09	0.026356376707553864	0.16347558796405792	0.04025731980800629	1.622538547962904e-09	1.622538547962904e-09	0.19233904778957367	1.622538547962904e-09	0.015332013368606567	0.0117647061124444	0.24910278618335724	0.017785057425498962	-1.3278622645884752e-08	0.24910280108451843	1.622538547962904e-09	9.999999974752427e-07	1.622538547962904e-09	0.1170303225517273	0.015458554029464722	0.0752154290676117	-1.3278622645884752e-08	0.00909090880304575	-1.3278622645884752e-08	0.009573204442858696	0.021178659051656723	0.0752154216170311	0.018691588193178177	0.015458546578884125	5.000001692678779e-07	0.005539208650588989	1.622538547962904e-09	0.017785057425498962	9.999999974752427e-07	0.02822047472000122	1.5000005078036338e-06	1.622538547962904e-09	9.999999974752427e-07	9.999999974752427e-07	-1.3278622645884752e-08	9.999999974752427e-07	0.16347558796405792	1.622538547962904e-09	0.1405191719532013	0.1634756326675415	0.24910277128219604	0.19233903288841248	0.011078409850597382	0.010101010091602802	0.009573204442858696	0.009177442640066147	0.14051920175552368	0.008695651777088642	1.622538547962904e-09	0.2222222089767456	0.11703035235404968	0.04181492328643799	0.011904762126505375	0.009177442640066147	0.010869565419852734	0.14051920175552368	-1.3278622645884752e-08	0.005539208650588989	0.026356376707553864	1.622538547962904e-09	5.000001692678779e-07	0.009999999776482582	0.019078673794865608	1.622538547962904e-09	0.010324249044060707	9.999999974752427e-07	9.999999974752427e-07	1.622538547962904e-09	9.999999974752427e-07	9.999999974752427e-07	1.622538547962904e-09	-1.3278622645884752e-08	0.012001220136880875	0.43699368834495544	0.05826278030872345	9.999999974752427e-07	0.26795709133148193	9.999999974752427e-07	0.04900254309177399	1.622538547962904e-09	0.3783048987388611	0.009493403136730194	0.06596280634403229	0.3783048987388611	1.622538547962904e-09	9.999999974752427e-07	0.01123595517128706	0.26795709133148193	-2.4010660126805305e-10	1.622538547962904e-09	-1.3278622645884752e-08	1.622538547962904e-09	1.622538547962904e-09	6.666664376098197e-07	0.25453200936317444	0.2679571211338043	0.010989011265337467	1.3333333299669903e-06	0.2075660675764084	0.04900255426764488	1.622538547962904e-09	0.005720064043998718	0.26795709133148193	1.622538547962904e-09	0.015754282474517822	0.010256909765303135	0.3783048093318939	0.01601792871952057	-2.4010660126805305e-10	0.3783048093318939	0.019911106675863266	9.999999974752427e-07	1.622538547962904e-09	0.1568256914615631	0.013005435466766357	0.11561182141304016	0.018151938915252686	6.666664376098197e-07	0.01815195009112358	0.010526316240429878	0.04900252819061279	0.06741572916507721	0.03269492834806442	0.01872549019753933	0.00909090880304575	-2.4010660126805305e-10	1.622538547962904e-09	0.00917431153357029	0.00968625582754612	0.00968625396490097	0.025567827746272087	9.999999974752427e-07	0.043478261679410934	0.01575428619980812	-2.4010660126805305e-10	0.009493403136730194	0.20756608247756958	9.999999974752427e-07	0.1568257212638855	0.20756608247756958	0.3783048093318939	0.26795709133148193	0.030948013067245483	0.025567827746272087	9.999999974752427e-07	9.999999974752427e-07	0.17497773468494415	0.009708737954497337	0.00909090880304575	0.3183199465274811	0.15682578086853027	0.041213974356651306	0.04972793906927109	0.010204081423580647	0.007700018584728241	0.19181180000305176	9.999999974752427e-07	0.011036910116672516	0.022488445043563843	0.016806723549962044	9.999999974752427e-07	0.009615384973585606	1.622538547962904e-09	1.622538547962904e-09	-2.4010660126805305e-10	1.622538547962904e-09	9.999999974752427e-07	1.622538547962904e-09	0.009803921915590763	1.622538547962904e-09	1.622538547962904e-09	-2.4010660126805305e-10	9.999999974752427e-07	0.3545213043689728	0.02059110254049301	0.010625112801790237	0.21123084425926208	0.02664199471473694	0.0061219222843647	9.999999974752427e-07	0.3018166422843933	0.006626579910516739	0.02059112675487995	0.3018166720867157	0.01864650845527649	-1.3278622645884752e-08	1.622538547962904e-09	0.1669045239686966	0.015181045979261398	9.999999974752427e-07	1.622538547962904e-09	1.622538547962904e-09	0.010238776914775372	1.622538547962904e-09	0.14026254415512085	0.2112308144569397	-1.3278622645884752e-08	1.622538547962904e-09	0.14026251435279846	0.024768419563770294	1.622538547962904e-09	1.622538547962904e-09	0.2112308144569397	-1.3278622645884752e-08	0.011363636702299118	6.912159733474255e-10	0.23242251574993134	-1.3278622645884752e-08	0.006100691854953766	0.29567739367485046	-1.3278622645884752e-08	-1.3278622645884752e-08	1.622538547962904e-09	0.09294700622558594	1.622538547962904e-09	0.06100180745124817	0.01366463303565979	1.622538547962904e-09	0.007563956081867218	0.011995955370366573	0.0061219483613967896	0.030612245202064514	0.00662657618522644	9.073119144886732e-09	-2.4010660126805305e-10	-1.3278622645884752e-08	-1.3278622645884752e-08	-1.3278622645884752e-08	9.999999974752427e-07	0.027936100959777832	0.010625114664435387	0.027522936463356018	0.007871739566326141	9.999999974752427e-07	1.622538547962904e-09	0.006626579910516739	0.14026251435279846	0.010101010091602802	0.09294700622558594	0.14026251435279846	0.29567742347717285	0.21123076975345612	-1.3278622645884752e-08	0.013964534737169743	0.011995954439043999	0.0061219483613967896	0.10661162436008453	1.622538547962904e-09	0.02664199471473694	0.2191026210784912	0.061001840978860855	1.622538547962904e-09	0.013319892808794975	0.0061219483613967896	1.622538547962904e-09	0.10661163181066513	9.999999974752427e-07	-1.3278622645884752e-08	1.622538547962904e-09	1.622538547962904e-09	-2.4010660126805305e-10	1.622538547962904e-09	9.999999974752427e-07	1.622538547962904e-09	0.015181045979261398	1.622538547962904e-09	6.912159733474255e-10	0.010238775983452797	0.007871739566326141	0.006139293313026428	1.622538547962904e-09	1.622538547962904e-09	1.622538547962904e-09	0.36081427335739136	0.07295437157154083	0.008505983278155327	0.2816368341445923	0.009365733712911606	0.026101619005203247	-1.3278622645884752e-08	0.3097529113292694	8.000001798791345e-07	0.07295437157154083	0.3097529113292694	-1.3278622645884752e-08	2.255546860396862e-10	-5.828042048960924e-09	0.22092559933662415	0.024959877133369446	-1.3278622645884752e-08	1.622538547962904e-09	1.622538547962904e-09	-1.3278622645884752e-08	9.999999974752427e-07	0.21155986189842224	0.22092559933662415	2.255546860396862e-10	0.00917431153357029	0.1840570569038391	0.026101604104042053	1.622538547962904e-09	-5.828042048960924e-09	0.22092559933662415	1.622538547962904e-09	-1.3278622645884752e-08	0.008564604446291924	0.2986621558666229	1.622538547962904e-09	9.999999974752427e-07	0.2986621558666229	2.255546860396862e-10	2.255546860396862e-10	1.622538547962904e-09	0.1273503601551056	-5.828042048960924e-09	0.08163265138864517	0.01516491174697876	0.008196720853447914	9.999999974752427e-07	-2.4010660126805305e-10	0.026101619005203247	0.07547169923782349	1.3999997463542968e-06	0.015599853359162807	0.01042632944881916	0.009330726228654385	0.018172089010477066	1.622538547962904e-09	1.622538547962904e-09	0.024959877133369446	0.028257330879569054	9.999999974752427e-07	0.008460652083158493	-1.3278622645884752e-08	9.999999974752427e-07	8.000001798791345e-07	0.14251525700092316	0.009365729987621307	0.1273503601551056	0.14251527190208435	0.2986621558666229	0.2816368341445923	0.00933072715997696	0.05747126415371895	-2.4010660126805305e-10	9.999999974752427e-07	0.14251521229743958	6.000000212225132e-07	0.009365737438201904	0.29009753465652466	0.1273503601551056	0.04308461770415306	-2.4010660126805305e-10	0.009282229468226433	1.622538547962904e-09	0.14251525700092316	9.999999974752427e-07	2.255546860396862e-10	0.027484744787216187	0.017241379246115685	0.009325018152594566	-5.828042048960924e-09	-1.3278622645884752e-08	0.015599831938743591	0.02495986968278885	-2.4010660126805305e-10	9.999999974752427e-07	-1.3278622645884752e-08	0.008460652083158493	0.011090751737356186	1.622538547962904e-09	9.999999974752427e-07	0.016819393262267113
62	-15547.466796875	-1	9	57	76	75	26	89	10	62	48	0	26	84	41	29	91	66	5	0	11	24	14	68	37	85	21	0	0	50	22	3	66	33	67	21	43	7	69	12	0	65	50	77	73	24	43	79	5	42	1	78	57	69	21	34	56	0	70	42	76	31	43	49	25	4	73	63	36	3	21	1	46	80	82	49	14	33	40	77	33	47	9	66	48	69	78	85	57	13	11	50	56	7	32	19	59	7	0	62	47	0.5437127947807312	0.08644906431436539	0.010285336524248123	0.4145510792732239	0.012830331921577454	0.010498285293579102	0.010526316240429878	0.4251323938369751	9.999999974752427e-07	0.08644905686378479	0.44155386090278625	0.06554710865020752	9.999999974752427e-07	9.999999974752427e-07	0.4095746874809265	9.999999974752427e-07	0.005317971110343933	1.622538547962904e-09	1.622538547962904e-09	9.999999974752427e-07	0.02298850566148758	0.39674437046051025	0.4095746576786041	9.999999974752427e-07	0.03314200043678284	0.2897196114063263	0.07604538649320602	1.622538547962904e-09	9.999999974752427e-07	0.4095746576786041	0.0049764662981033325	1.622538547962904e-09	1.622538547962904e-09	0.4145510196685791	0.03333333507180214	-1.3278622645884752e-08	0.42513248324394226	9.999999974752427e-07	9.999999974752427e-07	1.622538547962904e-09	0.22580645978450775	0.012048192322254181	0.1361638456583023	-1.3278622645884752e-08	9.999999974752427e-07	-1.3278622645884752e-08	1.622538547962904e-09	0.010498279705643654	0.1361638605594635	0.030567780137062073	0.02411612868309021	1.622538547962904e-09	0.008196720853447914	0.010869565419852734	9.999999974752427e-07	0.010526316240429878	0.026113219559192657	0.019338728860020638	-2.4010660126805305e-10	-1.3278622645884752e-08	1.622538547962904e-09	-1.3278622645884752e-08	0.030567795038223267	0.2705919146537781	9.999999974752427e-07	0.26527389883995056	0.2705919146537781	0.4251324534416199	0.40957462787628174	0.030927833169698715	0.05588129162788391	1.622538547962904e-09	0.010498277842998505	0.2652738690376282	-1.3278622645884752e-08	0.012830331921577454	0.4145510792732239	0.22250455617904663	0.08634074777364731	1.622538547962904e-09	0.010498279705643654	1.622538547962904e-09	0.26527389883995056	0.036036036908626556	0.009900989942252636	0.062224678695201874	0.029082641005516052	0.009053405374288559	9.999999974752427e-07	0.012195121496915817	9.999999974752427e-07	0.008547008968889713	-1.3278622645884752e-08	1.622538547962904e-09	9.999999974752427e-07	-1.3278622645884752e-08	-1.3278622645884752e-08	1.622538547962904e-09	9.999999974752427e-07	1.622538547962904e-09	0.42310068011283875	0.04496559128165245	0.010405869223177433	0.2722354233264923	0.010044899769127369	0.021052632480859756	9.999999974752427e-07	0.31625205278396606	0.018691588193178177	0.05226297304034233	0.31625208258628845	0.01785714365541935	0.010989011265337467	1.622538547962904e-09	0.2722354829311371	9.999999974752427e-07	1.622538547962904e-09	0.019417475908994675	1.622538547962904e-09	9.999999974752427e-07	6.666664376098197e-07	0.2291666716337204	0.2722355127334595	9.999999974752427e-07	1.3333333299669903e-06	0.18190434575080872	0.09699182957410812	1.622538547962904e-09	0.0078512541949749	0.2722354829311371	1.622538547962904e-09	1.622538547962904e-09	0.010638297535479069	0.31625205278396606	9.999999974752427e-07	-7.275957614183426e-12	0.31625205278396606	0.010526316240429878	0.009009009227156639	1.622538547962904e-09	0.10256186127662659	1.622538547962904e-09	0.060657065361738205	0.008510754443705082	6.666664376098197e-07	-7.275957614183426e-12	9.999999974752427e-07	1.3999997463542968e-06	0.05226297304034233	0.034559719264507294	0.02243218943476677	2.255546860396862e-10	9.999999974752427e-07	9.999999974752427e-07	9.999999974752427e-07	0.008264463394880295	0.009856697171926498	0.010405868291854858	0.00839410349726677	1.622538547962904e-09	1.622538547962904e-09	0.008510754443705082	0.034559719264507294	0.18190431594848633	0.010044899769127369	0.11764705926179886	0.18190433084964752	0.31625205278396606	0.2722354531288147	0.042105261236429214	0.010405868291854858	9.999999974752427e-07	8.000001798791345e-07	0.18190434575080872	1.622538547962904e-09	0.010044898837804794	0.2722353935241699	0.10256189107894897	0.04190482199192047	9.999999974752427e-07	8.000001798791345e-07	0.007297389209270477	0.18190433084964752	1.622538547962904e-09	0.016949152573943138	0.019472626969218254	9.999999974752427e-07	2.255546860396862e-10	1.622538547962904e-09	0.011627906933426857	0.014580931514501572	9.999999974752427e-07	1.622538547962904e-09	9.999999974752427e-07	9.999999974752427e-07	1.622538547962904e-09	1.622538547962904e-09	1.622538547962904e-09	9.999999974752427e-07	6.000000212225132e-07	0.44946640729904175	0.08000116050243378	9.999999974752427e-07	0.33304834365844727	-1.3278622645884752e-08	0.034832462668418884	9.999999974752427e-07	0.3862634301185608	0.009220771491527557	0.08756305277347565	0.38626334071159363	0.01332206092774868	-1.3278622645884752e-08	9.999999974752427e-07	0.294791579246521	9.999999974752427e-07	0.029411764815449715	9.999999974752427e-07	-1.3278622645884752e-08	0.008118398487567902	0.010526316240429878	0.294791579246521	0.294791579246521	-1.3278622645884752e-08	0.01075268816202879	0.2947915494441986	0.04815453290939331	-1.3278622645884752e-08	0.02777777798473835	0.294791579246521	0.019186578691005707	9.999999974752427e-07	0.008000507950782776	0.38626328110694885	-1.3278622645884752e-08	1.622538547962904e-09	0.38626334071159363	-1.3278622645884752e-08	-1.3278622645884752e-08	-1.3278622645884752e-08	0.15288051962852478	9.999999974752427e-07	0.08756301552057266	0.009048535488545895	9.999999974752427e-07	1.622538547962904e-09	0.009131014347076416	0.02860131859779358	0.08756303787231445	0.009220771491527557	0.04123711213469505	9.999999974752427e-07	-1.3278622645884752e-08	-1.3278622645884752e-08	-1.3278622645884752e-08	0.00800374150276184	0.015048310160636902	0.029999999329447746	1.622538547962904e-09	0.00909090880304575	9.999999974752427e-07	0.00904853641986847	0.009220770560204983	0.2947915494441986	-1.3278622645884752e-08	0.1528805047273636	0.25	0.386263370513916	0.31386178731918335	-1.3278622645884752e-08	0.032608695328235626	0.009131006896495819	9.999999974752427e-07	0.16192904114723206	-2.4010660126805305e-10	-1.3278622645884752e-08	0.36913183331489563	0.15288054943084717	0.06531749665737152	0.009131021797657013	0.028601333498954773	0.007561899721622467	0.16814158856868744	1.622538547962904e-09	-1.3278622645884752e-08	0.021052632480859756	0.009900989942252636	0.027272727340459824	9.999999974752427e-07	0.005203664302825928	0.008620689623057842	0.007044568657875061	-1.3278622645884752e-08	0.008000507950782776	0.008118398487567902	9.999999974752427e-07	-1.3278622645884752e-08	-1.3278622645884752e-08	-2.4010660126805305e-10	1.622538547962904e-09	0.4417252242565155	0.024390242993831635	9.999999974752427e-07	0.30527326464653015	0.010416666977107525	0.014637134969234467	9.999999974752427e-07	0.3760969042778015	6.666664376098197e-07	0.04878048598766327	0.3760969042778015	0.05099133402109146	9.999999974752427e-07	0.008882244117558002	0.30527329444885254	1.622538547962904e-09	1.622538547962904e-09	1.622538547962904e-09	1.622538547962904e-09	0.030414395034313202	0.012048192322254181	0.29318323731422424	0.30527329444885254	9.999999974752427e-07	0.017391303554177284	0.2670987844467163	0.06562843918800354	1.622538547962904e-09	0.010416666977107525	0.30527329444885254	1.622538547962904e-09	1.622538547962904e-09	1.622538547962904e-09	0.30527329444885254	1.622538547962904e-09	0.010526316240429878	0.3760969042778015	9.999999974752427e-07	9.999999974752427e-07	1.622538547962904e-09	0.14387741684913635	0.025641024112701416	0.07431011646986008	0.032608695328235626	9.999999974752427e-07	0.009615384973585606	1.622538547962904e-09	0.014637134969234467	0.07431010156869888	0.010309278033673763	0.04452749714255333	0.009433962404727936	9.999999974752427e-07	1.622538547962904e-09	1.622538547962904e-09	1.622538547962904e-09	1.622538547962904e-09	0.009569531306624413	1.622538547962904e-09	1.622538547962904e-09	1.622538547962904e-09	0.01123595517128706	1.3333333299669903e-06	0.20471768081188202	9.999999974752427e-07	0.14387744665145874	0.2047176957130432	0.3052733242511749	0.30527329444885254	0.026084452867507935	0.009569531306624413	1.622538547962904e-09	0.010101010091602802	0.204717755317688	0.010204081423580647	0.010989011265337467	0.30527329444885254	0.14387741684913635	0.06956726312637329	1.622538547962904e-09	0.01463712751865387	9.999999974752427e-07	0.20471777021884918	0.009803921915590763	9.999999974752427e-07	0.02503982186317444	9.999999974752427e-07	9.999999974752427e-07	0.008882243186235428	0.020576931536197662	9.999999974752427e-07	1.622538547962904e-09	1.622538547962904e-09	1.622538547962904e-09	9.999999974752427e-07	1.622538547962904e-09	1.622538547962904e-09	1.622538547962904e-09	6.666664376098197e-07	1.622538547962904e-09	0.3537144362926483	0.026411600410938263	4.2857209336943924e-07	0.20192477107048035	1.622538547962904e-09	0.027027027681469917	-7.275957614183426e-12	0.28152182698249817	1.622538547962904e-09	0.026411622762680054	0.2815217971801758	0.010256588459014893	9.999999974752427e-07	1.622538547962904e-09	0.20192477107048035	9.999999974752427e-07	1.622538547962904e-09	9.999999974752427e-07	1.622538547962904e-09	0.010256589390337467	1.622538547962904e-09	0.20192474126815796	0.20192478597164154	1.622538547962904e-09	1.622538547962904e-09	0.16246558725833893	0.05873368680477142	1.622538547962904e-09	0.027633339166641235	0.20192477107048035	-1.3278622645884752e-08	1.622538547962904e-09	-1.3278622645884752e-08	0.20192483067512512	0.008206691592931747	9.999999974752427e-07	0.2740027904510498	1.622538547962904e-09	9.999999974752427e-07	1.622538547962904e-09	0.05703481286764145	1.622538547962904e-09	0.02641153335571289	0.03179077059030533	1.622538547962904e-09	9.999999974752427e-07	-1.3278622645884752e-08	0.009401541203260422	0.026411622762680054	0.009916093200445175	0.027633339166641235	4.2857209336943924e-07	1.622538547962904e-09	0.013445600867271423	0.008206691592931747	9.999999974752427e-07	0.013458997011184692	1.2857158253609668e-06	-1.3278622645884752e-08	-1.3278622645884752e-08	1.622538547962904e-09	9.999999974752427e-07	1.622538547962904e-09	0.16246557235717773	1.622538547962904e-09	0.05703481659293175	0.10570608824491501	0.2626262605190277	0.20192477107048035	0.01780684106051922	1.2857121873821598e-06	-1.3278622645884752e-08	9.999999974752427e-07	0.08882559835910797	0.009916089475154877	1.622538547962904e-09	0.20192478597164154	0.05404491350054741	0.027633339166641235	-1.3278622645884752e-08	0.009401543065905571	1.622538547962904e-09	0.1057060956954956	-1.3278622645884752e-08	0.017806850373744965	1.622538547962904e-09	1.622538547962904e-09	4.2857209336943924e-07	1.622538547962904e-09	-7.275957614183426e-12	1.622538547962904e-09	9.999999974752427e-07	1.622538547962904e-09	-1.3278622645884752e-08	9.999999974752427e-07	-1.3278622645884752e-08	0.007519088685512543	1.622538547962904e-09	1.622538547962904e-09	2.255546860396862e-10	0.5330701470375061	0.005072489380836487	5.000001692678779e-07	0.3791336119174957	0.015137098729610443	0.04571789503097534	9.999999974752427e-07	0.47317150235176086	1.622538547962904e-09	0.08930285274982452	0.47317150235176086	0.014180606231093407	0.010177051648497581	9.999999974752427e-07	0.283880352973938	-1.3278622645884752e-08	1.622538547962904e-09	0.009429067373275757	-1.3278622645884752e-08	0.007485583424568176	9.999999974752427e-07	0.2687433063983917	0.3461630940437317	0.011049933731555939	0.012431889772415161	0.21618443727493286	0.059898555278778076	-1.3278622645884752e-08	1.622538547962904e-09	0.2838802933692932	0.030927835032343864	0.04472166299819946	-1.3278622645884752e-08	0.39345017075538635	1.622538547962904e-09	-1.3278622645884752e-08	0.39345014095306396	0.011049933731555939	0.010177051648497581	-1.3278622645884752e-08	0.16346153616905212	0.04000958055257797	0.08930287510156631	-1.3278622645884752e-08	0.010416666977107525	-1.3278622645884752e-08	0.014316469430923462	0.036288827657699585	0.08930285274982452	1.622538547962904e-09	0.0478060245513916	5.000001692678779e-07	0.028037382289767265	1.622538547962904e-09	1.622538547962904e-09	-1.3278622645884752e-08	-1.3278622645884752e-08	1.5000005078036338e-06	1.622538547962904e-09	-1.3278622645884752e-08	9.999999974752427e-07	-1.3278622645884752e-08	1.622538547962904e-09	0.21618443727493286	0.015137098729610443	0.171462744474411	0.21618443727493286	0.39345014095306396	0.3461630940437317	0.05255882441997528	0.005072489380836487	9.999999974752427e-07	0.02286946028470993	0.1714627593755722	1.622538547962904e-09	0.01513710618019104	0.37913358211517334	0.1495407670736313	0.06023794412612915	0.014316461980342865	0.02286946028470993	0.008695651777088642	0.1714627593755722	1.622538547962904e-09	0.010177051648497581	0.012431896291673183	1.622538547962904e-09	5.000001692678779e-07	9.999999974752427e-07	0.0066950395703315735	0.007796458899974823	-1.3278622645884752e-08	0.030927835032343864	-1.3278622645884752e-08	0.007485583424568176	-1.3278622645884752e-08	0.02777777798473835	-1.3278622645884752e-08	1.622538547962904e-09	0.008695651777088642	0.3669218420982361	0.04854368790984154	5.000001692678779e-07	0.19233903288841248	1.622538547962904e-09	0.021178677678108215	0.01907866820693016	0.26595741510391235	6.666664376098197e-07	0.0752153992652893	0.2984440326690674	0.01907867193222046	9.999999974752427e-07	0.010416666977107525	0.19233903288841248	0.010324249044060707	0.007624365389347076	1.622538547962904e-09	1.622538547962904e-09	1.622538547962904e-09	9.999999974752427e-07	0.19233901798725128	0.19233904778957367	1.622538547962904e-09	0.026356376707553864	0.16347560286521912	0.04025731980800629	1.622538547962904e-09	1.622538547962904e-09	0.19233901798725128	1.622538547962904e-09	0.015332028269767761	0.0117647061124444	0.24910278618335724	0.01778506115078926	-1.3278622645884752e-08	0.24910277128219604	1.622538547962904e-09	9.999999974752427e-07	1.622538547962904e-09	0.1170303225517273	0.015458554029464722	0.0752154290676117	-1.3278622645884752e-08	0.00909090880304575	-1.3278622645884752e-08	0.009573204442858696	0.02117867022752762	0.0752154216170311	0.018691588193178177	0.015458546578884125	5.000001692678779e-07	0.005539216101169586	1.622538547962904e-09	0.01778506115078926	9.999999974752427e-07	0.02822047472000122	1.5000005078036338e-06	1.622538547962904e-09	9.999999974752427e-07	9.999999974752427e-07	-1.3278622645884752e-08	1.3333333299669903e-06	0.16347560286521912	1.622538547962904e-09	0.14051920175552368	0.16347560286521912	0.24910280108451843	0.19233901798725128	0.011078406125307083	0.010101010091602802	0.009573204442858696	0.009177442640066147	0.14051921665668488	0.008695651777088642	1.622538547962904e-09	0.2222222089767456	0.11703035235404968	0.04181492328643799	0.011904762126505375	0.009177440777420998	0.010869565419852734	0.14051920175552368	-1.3278622645884752e-08	0.005539216101169586	0.026356376707553864	1.622538547962904e-09	5.000001692678779e-07	0.009999999776482582	0.01907867006957531	1.622538547962904e-09	0.010324249044060707	9.999999974752427e-07	9.999999974752427e-07	1.622538547962904e-09	9.999999974752427e-07	9.999999974752427e-07	1.622538547962904e-09	6.666664376098197e-07	0.012001216411590576	0.43699371814727783	0.05826278030872345	9.999999974752427e-07	0.2679571807384491	9.999999974752427e-07	0.04900254309177399	1.622538547962904e-09	0.3783048689365387	0.009493403136730194	0.06596280634403229	0.3783048391342163	1.622538547962904e-09	9.999999974752427e-07	0.01123595517128706	0.2679571509361267	-2.4010660126805305e-10	1.622538547962904e-09	-1.3278622645884752e-08	1.622538547962904e-09	1.622538547962904e-09	6.666664376098197e-07	0.2545320391654968	0.2679571509361267	0.010989011265337467	1.3333333299669903e-06	0.20756608247756958	0.04900255426764488	1.622538547962904e-09	0.005720056593418121	0.2679571509361267	1.622538547962904e-09	0.01575428992509842	0.010256931185722351	0.3783048391342163	0.01601792871952057	-2.4010660126805305e-10	0.3783048689365387	0.019911106675863266	9.999999974752427e-07	1.622538547962904e-09	0.1568257212638855	0.013005435466766357	0.11561180651187897	0.01815195381641388	6.666664376098197e-07	0.01815195381641388	0.010526316240429878	0.04900252819061279	0.06741572916507721	0.03269492834806442	0.018725495785474777	0.00909090880304575	-2.4010660126805305e-10	1.622538547962904e-09	0.00917431153357029	0.009686267003417015	0.009686268866062164	0.025567827746272087	9.999999974752427e-07	0.043478261679410934	0.01575428992509842	-2.4010660126805305e-10	0.00949340220540762	0.20756609737873077	9.999999974752427e-07	0.15682576596736908	0.20756609737873077	0.3783048689365387	0.2679571211338043	0.030948013067245483	0.025567827746272087	9.999999974752427e-07	9.999999974752427e-07	0.17497771978378296	0.009708737954497337	0.00909090880304575	0.31832000613212585	0.1568257361650467	0.04121395945549011	0.04972795397043228	0.010204081423580647	0.007700018584728241	0.19181180000305176	9.999999974752427e-07	0.011036910116672516	0.022488445043563843	0.016806723549962044	9.999999974752427e-07	0.009615384973585606	1.622538547962904e-09	1.622538547962904e-09	-2.4010660126805305e-10	1.622538547962904e-09	9.999999974752427e-07	1.622538547962904e-09	0.009803921915590763	1.622538547962904e-09	1.622538547962904e-09	-2.4010660126805305e-10	9.999999974752427e-07	0.3545213043689728	0.02059110254049301	0.010625112801790237	0.21123084425926208	0.02664199471473694	0.0061219222843647	9.999999974752427e-07	0.3018166422843933	0.006626583635807037	0.02059110999107361	0.3018166720867157	0.01864650845527649	-1.3278622645884752e-08	1.622538547962904e-09	0.1669045239686966	0.015181045979261398	9.999999974752427e-07	1.622538547962904e-09	1.622538547962904e-09	0.010238776914775372	1.622538547962904e-09	0.14026254415512085	0.2112308144569397	-1.3278622645884752e-08	1.622538547962904e-09	0.14026251435279846	0.024768419563770294	1.622538547962904e-09	1.622538547962904e-09	0.2112308144569397	-1.3278622645884752e-08	0.011363636702299118	6.912159733474255e-10	0.23242251574993134	-1.3278622645884752e-08	0.006100691854953766	0.29567739367485046	-1.3278622645884752e-08	-1.3278622645884752e-08	1.622538547962904e-09	0.09294700622558594	1.622538547962904e-09	0.06100180745124817	0.01366463303565979	1.622538547962904e-09	0.007563948631286621	0.011995955370366573	0.0061219483613967896	0.030612245202064514	0.006626583635807037	9.073119144886732e-09	-2.4010660126805305e-10	-1.3278622645884752e-08	-1.3278622645884752e-08	-1.3278622645884752e-08	9.999999974752427e-07	0.027936100959777832	0.010625114664435387	0.027522936463356018	0.007871739566326141	9.999999974752427e-07	1.622538547962904e-09	0.006626579910516739	0.14026251435279846	0.010101010091602802	0.09294699132442474	0.14026251435279846	0.29567742347717285	0.21123076975345612	-1.3278622645884752e-08	0.013964549638330936	0.011995954439043999	0.0061219483613967896	0.10661163181066513	1.622538547962904e-09	0.02664199471473694	0.2191026210784912	0.061001840978860855	1.622538547962904e-09	0.013319892808794975	0.0061219483613967896	1.622538547962904e-09	0.10661161690950394	9.999999974752427e-07	-1.3278622645884752e-08	1.622538547962904e-09	1.622538547962904e-09	-2.4010660126805305e-10	1.622538547962904e-09	9.999999974752427e-07	1.622538547962904e-09	0.015181045979261398	1.622538547962904e-09	6.912159733474255e-10	0.010238775983452797	0.007871739566326141	0.006139293313026428	1.622538547962904e-09	1.622538547962904e-09	1.622538547962904e-09	0.36081427335739136	0.07295437157154083	0.008505983278155327	0.2816368341445923	0.009365733712911606	0.026101619005203247	-1.3278622645884752e-08	0.3097529113292694	5.000001692678779e-07	0.07295437157154083	0.3097529113292694	-1.3278622645884752e-08	2.255546860396862e-10	-5.828042048960924e-09	0.22092559933662415	0.024959877133369446	-1.3278622645884752e-08	1.622538547962904e-09	1.622538547962904e-09	-1.3278622645884752e-08	9.999999974752427e-07	0.21155986189842224	0.22092559933662415	2.255546860396862e-10	0.00917431153357029	0.1840570569038391	0.026101604104042053	1.622538547962904e-09	-5.828042048960924e-09	0.22092559933662415	1.622538547962904e-09	-1.3278622645884752e-08	0.008564604446291924	0.2986621558666229	1.622538547962904e-09	9.999999974752427e-07	0.2986621558666229	2.255546860396862e-10	2.255546860396862e-10	1.622538547962904e-09	0.1273503601551056	-5.828042048960924e-09	0.08163265138864517	0.01516491174697876	0.008196720853447914	9.999999974752427e-07	-2.4010660126805305e-10	0.026101619005203247	0.07547169923782349	1.5000005078036338e-06	0.015599853359162807	0.01042632944881916	0.009330726228654385	0.018172089010477066	1.622538547962904e-09	1.622538547962904e-09	0.024959877133369446	0.028257330879569054	9.999999974752427e-07	0.008460652083158493	-1.3278622645884752e-08	9.999999974752427e-07	9.999999974752427e-07	0.14251525700092316	0.009365729987621307	0.1273503601551056	0.14251527190208435	0.2986621558666229	0.2816368341445923	0.00933072715997696	0.05747126415371895	-2.4010660126805305e-10	9.999999974752427e-07	0.14251525700092316	5.000001692678779e-07	0.009365737438201904	0.29009753465652466	0.1273503601551056	0.04308461770415306	-2.4010660126805305e-10	0.009282229468226433	1.622538547962904e-09	0.14251519739627838	9.999999974752427e-07	2.255546860396862e-10	0.027484744787216187	0.017241379246115685	0.009325018152594566	-5.828042048960924e-09	-1.3278622645884752e-08	0.015599831938743591	0.02495986968278885	-2.4010660126805305e-10	9.999999974752427e-07	-1.3278622645884752e-08	0.008460652083158493	0.011090751737356186	1.622538547962904e-09	5.000001692678779e-07	0.016819393262267113
63	-15547.466796875	-1	9	57	76	75	26	89	10	62	48	0	26	84	41	29	91	66	5	0	11	24	14	68	37	85	21	0	0	50	22	3	66	33	67	21	43	7	69	12	0	65	50	77	73	24	43	79	5	42	1	78	57	69	21	34	56	0	70	42	76	31	43	49	25	4	73	63	36	3	21	1	46	80	82	49	14	33	40	77	33	47	9	66	48	69	78	85	57	13	11	50	56	7	32	19	59	7	0	63	47	0.5437126159667969	0.08644906431436539	0.010285336524248123	0.4145510196685791	0.012830331921577454	0.010498285293579102	0.010526316240429878	0.4251324534416199	9.999999974752427e-07	0.08644905686378479	0.44155392050743103	0.0655471682548523	9.999999974752427e-07	9.999999974752427e-07	0.40957462787628174	9.999999974752427e-07	0.0053179264068603516	1.622538547962904e-09	1.622538547962904e-09	9.999999974752427e-07	0.02298850566148758	0.39674437046051025	0.4095746874809265	9.999999974752427e-07	0.03314200043678284	0.2897196114063263	0.0760454460978508	1.622538547962904e-09	9.999999974752427e-07	0.4095746576786041	0.004976451396942139	1.622538547962904e-09	1.622538547962904e-09	0.4145510494709015	0.03333333507180214	-1.3278622645884752e-08	0.4251324236392975	9.999999974752427e-07	9.999999974752427e-07	1.622538547962904e-09	0.22580645978450775	0.012048192322254181	0.1361638456583023	-1.3278622645884752e-08	9.999999974752427e-07	-1.3278622645884752e-08	1.622538547962904e-09	0.010498294606804848	0.1361638605594635	0.030567780137062073	0.02411612868309021	1.622538547962904e-09	0.008196720853447914	0.010869565419852734	9.999999974752427e-07	0.010526316240429878	0.026113338768482208	0.019338728860020638	-2.4010660126805305e-10	-1.3278622645884752e-08	1.622538547962904e-09	-1.3278622645884752e-08	0.030567795038223267	0.27059194445610046	9.999999974752427e-07	0.2652738690376282	0.2705919146537781	0.4251324236392975	0.40957462787628174	0.030927833169698715	0.05588129162788391	1.622538547962904e-09	0.010498292744159698	0.2652738392353058	-1.3278622645884752e-08	0.012830331921577454	0.41455110907554626	0.22250455617904663	0.08634074777364731	1.622538547962904e-09	0.010498294606804848	1.622538547962904e-09	0.26527392864227295	0.036036036908626556	0.009900989942252636	0.062224678695201874	0.029082641005516052	0.009053405374288559	9.999999974752427e-07	0.012195121496915817	9.999999974752427e-07	0.008547008968889713	-1.3278622645884752e-08	1.622538547962904e-09	9.999999974752427e-07	-1.3278622645884752e-08	-1.3278622645884752e-08	1.622538547962904e-09	1.622538547962904e-09	1.622538547962904e-09	0.4231007397174835	0.04496558755636215	0.010405869223177433	0.2722354531288147	0.010044899769127369	0.021052632480859756	9.999999974752427e-07	0.31625208258628845	0.018691588193178177	0.05226296931505203	0.31625211238861084	0.01785714365541935	0.010989011265337467	1.622538547962904e-09	0.2722354829311371	9.999999974752427e-07	1.622538547962904e-09	0.019417475908994675	1.622538547962904e-09	9.999999974752427e-07	6.666664376098197e-07	0.2291666716337204	0.2722354829311371	9.999999974752427e-07	1.3333333299669903e-06	0.18190431594848633	0.09699182957410812	1.622538547962904e-09	0.0078512541949749	0.2722354829311371	1.622538547962904e-09	1.622538547962904e-09	0.010638297535479069	0.31625205278396606	9.999999974752427e-07	-7.275957614183426e-12	0.31625205278396606	0.010526316240429878	0.009009009227156639	1.622538547962904e-09	0.10256187617778778	1.622538547962904e-09	0.0606570690870285	0.008510754443705082	6.666664376098197e-07	-7.275957614183426e-12	9.999999974752427e-07	1.3999997463542968e-06	0.05226297304034233	0.034559715539216995	0.022432174533605576	2.255546860396862e-10	9.999999974752427e-07	9.999999974752427e-07	9.999999974752427e-07	0.008264463394880295	0.009856700897216797	0.010405868291854858	0.008394084870815277	1.622538547962904e-09	1.622538547962904e-09	0.008510754443705082	0.034559715539216995	0.1819043904542923	0.010044899769127369	0.11764705926179886	0.18190434575080872	0.31625205278396606	0.2722354829311371	0.042105261236429214	0.010405870154500008	9.999999974752427e-07	8.000001798791345e-07	0.18190431594848633	1.622538547962904e-09	0.010044898837804794	0.2722354531288147	0.10256189107894897	0.04190482199192047	9.999999974752427e-07	8.000001798791345e-07	0.00729738175868988	0.18190433084964752	1.622538547962904e-09	0.016949152573943138	0.01947261206805706	9.999999974752427e-07	2.255546860396862e-10	1.622538547962904e-09	0.011627906933426857	0.014580924063920975	9.999999974752427e-07	1.622538547962904e-09	9.999999974752427e-07	9.999999974752427e-07	1.622538547962904e-09	1.622538547962904e-09	1.622538547962904e-09	-1.3278622645884752e-08	6.000000212225132e-07	0.44946640729904175	0.08000115305185318	9.999999974752427e-07	0.33304834365844727	-1.3278622645884752e-08	0.03483247756958008	9.999999974752427e-07	0.3862634003162384	0.009220771491527557	0.08756303787231445	0.386263370513916	0.013322053477168083	-1.3278622645884752e-08	9.999999974752427e-07	0.294791579246521	9.999999974752427e-07	0.029411764815449715	9.999999974752427e-07	-1.3278622645884752e-08	0.0081184022128582	0.010526316240429878	0.2947916090488434	0.294791579246521	-1.3278622645884752e-08	0.01075268816202879	0.2947915494441986	0.04815457761287689	-1.3278622645884752e-08	0.02777777798473835	0.294791579246521	0.019186578691005707	9.999999974752427e-07	0.008000478148460388	0.38626328110694885	-1.3278622645884752e-08	1.622538547962904e-09	0.38626331090927124	-1.3278622645884752e-08	-1.3278622645884752e-08	-1.3278622645884752e-08	0.1528805047273636	9.999999974752427e-07	0.08756301552057266	0.009048528037965298	9.999999974752427e-07	1.622538547962904e-09	0.009130984544754028	0.02860131859779358	0.08756303787231445	0.009220770560204983	0.04123711213469505	9.999999974752427e-07	-1.3278622645884752e-08	-1.3278622645884752e-08	-1.3278622645884752e-08	0.00800374150276184	0.01504833996295929	0.029999999329447746	1.622538547962904e-09	0.00909090880304575	9.999999974752427e-07	0.009048528969287872	0.009220771491527557	0.2947915494441986	-1.3278622645884752e-08	0.15288051962852478	0.2499999850988388	0.386263370513916	0.31386175751686096	-1.3278622645884752e-08	0.032608695328235626	0.009130991995334625	9.999999974752427e-07	0.16192904114723206	-2.4010660126805305e-10	-1.3278622645884752e-08	0.36913183331489563	0.1528804898262024	0.06531748175621033	0.009131006896495819	0.028601333498954773	0.00756189227104187	0.16814157366752625	1.622538547962904e-09	-1.3278622645884752e-08	0.021052632480859756	0.009900989942252636	0.027272727340459824	9.999999974752427e-07	0.005203671753406525	0.008620689623057842	0.007044568657875061	-1.3278622645884752e-08	0.008000478148460388	0.008118398487567902	9.999999974752427e-07	-1.3278622645884752e-08	-1.3278622645884752e-08	9.999999974752427e-07	1.622538547962904e-09	0.4417252540588379	0.024390242993831635	9.999999974752427e-07	0.30527329444885254	0.010416666977107525	0.014637134969234467	9.999999974752427e-07	0.3760969042778015	9.999999974752427e-07	0.04878048598766327	0.3760969042778015	0.050991326570510864	9.999999974752427e-07	0.008882244117558002	0.30527329444885254	1.622538547962904e-09	1.622538547962904e-09	1.622538547962904e-09	1.622538547962904e-09	0.030414409935474396	0.012048192322254181	0.29318323731422424	0.30527329444885254	9.999999974752427e-07	0.017391303554177284	0.2670987844467163	0.06562843918800354	1.622538547962904e-09	0.010416666977107525	0.30527329444885254	1.622538547962904e-09	1.622538547962904e-09	1.622538547962904e-09	0.30527329444885254	1.622538547962904e-09	0.010526316240429878	0.3760969042778015	9.999999974752427e-07	9.999999974752427e-07	1.622538547962904e-09	0.14387741684913635	0.025641024112701416	0.07431011646986008	0.032608695328235626	9.999999974752427e-07	0.009615384973585606	1.622538547962904e-09	0.014637142419815063	0.07431010156869888	0.010309278033673763	0.04452749714255333	0.009433962404727936	9.999999974752427e-07	1.622538547962904e-09	1.622538547962904e-09	1.622538547962904e-09	1.622538547962904e-09	0.009569531306624413	1.622538547962904e-09	1.622538547962904e-09	1.622538547962904e-09	0.01123595517128706	9.999999974752427e-07	0.2047177255153656	9.999999974752427e-07	0.14387744665145874	0.2047177255153656	0.3052733242511749	0.30527329444885254	0.026084452867507935	0.009569531306624413	1.622538547962904e-09	0.010101010091602802	0.2047177255153656	0.010204081423580647	0.010989011265337467	0.30527329444885254	0.14387741684913635	0.06956726312637329	1.622538547962904e-09	0.014637142419815063	9.999999974752427e-07	0.204717755317688	0.009803921915590763	9.999999974752427e-07	0.02503982186317444	9.999999974752427e-07	9.999999974752427e-07	0.008882243186235428	0.020576946437358856	9.999999974752427e-07	1.622538547962904e-09	1.622538547962904e-09	1.622538547962904e-09	9.999999974752427e-07	1.622538547962904e-09	1.622538547962904e-09	1.622538547962904e-09	1.622538547962904e-09	1.622538547962904e-09	0.3537144362926483	0.026411600410938263	4.2857209336943924e-07	0.20192474126815796	1.622538547962904e-09	0.027027027681469917	-7.275957614183426e-12	0.28152182698249817	1.622538547962904e-09	0.026411622762680054	0.2815217971801758	0.010256588459014893	9.999999974752427e-07	1.622538547962904e-09	0.20192478597164154	9.999999974752427e-07	1.622538547962904e-09	9.999999974752427e-07	1.622538547962904e-09	0.010256589390337467	1.622538547962904e-09	0.20192481577396393	0.20192478597164154	1.622538547962904e-09	1.622538547962904e-09	0.16246561706066132	0.05873368680477142	1.622538547962904e-09	0.027633339166641235	0.20192477107048035	-1.3278622645884752e-08	1.622538547962904e-09	-1.3278622645884752e-08	0.20192469656467438	0.008206725120544434	9.999999974752427e-07	0.2740027904510498	1.622538547962904e-09	9.999999974752427e-07	1.622538547962904e-09	0.05703481286764145	1.622538547962904e-09	0.02641153335571289	0.03179077059030533	1.622538547962904e-09	9.999999974752427e-07	-1.3278622645884752e-08	0.009401541203260422	0.026411622762680054	0.009916093200445175	0.027633339166641235	4.2857209336943924e-07	1.622538547962904e-09	0.013445660471916199	0.008206725120544434	9.999999974752427e-07	0.013458997011184692	1.2857158253609668e-06	-1.3278622645884752e-08	-1.3278622645884752e-08	1.622538547962904e-09	9.999999974752427e-07	1.622538547962904e-09	0.1624656319618225	1.622538547962904e-09	0.05703481659293175	0.10570608824491501	0.2626262307167053	0.20192475616931915	0.017806872725486755	1.2857121873821598e-06	-1.3278622645884752e-08	9.999999974752427e-07	0.08882559835910797	0.009916089475154877	1.622538547962904e-09	0.20192472636699677	0.05404491350054741	0.027633339166641235	-1.3278622645884752e-08	0.009401543065905571	1.622538547962904e-09	0.1057060956954956	-1.3278622645884752e-08	0.017806880176067352	1.622538547962904e-09	1.622538547962904e-09	4.2857209336943924e-07	1.622538547962904e-09	-7.275957614183426e-12	1.622538547962904e-09	9.999999974752427e-07	1.622538547962904e-09	-1.3278622645884752e-08	9.999999974752427e-07	-1.3278622645884752e-08	0.007519088685512543	1.622538547962904e-09	9.999999974752427e-07	2.255546860396862e-10	0.5330701470375061	0.005072489380836487	5.000001692678779e-07	0.3791336715221405	0.015137098729610443	0.04571791738271713	9.999999974752427e-07	0.4731714725494385	1.622538547962904e-09	0.08930285274982452	0.4731714725494385	0.014180630445480347	0.010177051648497581	9.999999974752427e-07	0.2838802933692932	-1.3278622645884752e-08	1.622538547962904e-09	0.009429076686501503	-1.3278622645884752e-08	0.007485575973987579	9.999999974752427e-07	0.26874327659606934	0.3461630940437317	0.011049933731555939	0.012431889772415161	0.21618443727493286	0.05989854037761688	-1.3278622645884752e-08	1.622538547962904e-09	0.2838802933692932	0.030927835032343864	0.044721655547618866	-1.3278622645884752e-08	0.3934501111507416	1.622538547962904e-09	-1.3278622645884752e-08	0.3934501111507416	0.011049933731555939	0.010177051648497581	-1.3278622645884752e-08	0.16346153616905212	0.04000958055257797	0.08930287510156631	-1.3278622645884752e-08	0.010416666977107525	-1.3278622645884752e-08	0.014316484332084656	0.03628883510828018	0.08930285274982452	1.622538547962904e-09	0.0478060245513916	5.000001692678779e-07	0.028037382289767265	1.622538547962904e-09	1.622538547962904e-09	-1.3278622645884752e-08	-1.3278622645884752e-08	1.5000005078036338e-06	1.622538547962904e-09	-1.3278622645884752e-08	9.999999974752427e-07	-1.3278622645884752e-08	1.622538547962904e-09	0.21618445217609406	0.015137098729610443	0.1714627742767334	0.21618446707725525	0.39345014095306396	0.3461630940437317	0.05255885422229767	0.005072489380836487	9.999999974752427e-07	0.02286946028470993	0.1714627742767334	1.622538547962904e-09	0.01513710618019104	0.3791336119174957	0.1495407670736313	0.06023794412612915	0.014316476881504059	0.02286946028470993	0.008695651777088642	0.171462744474411	1.622538547962904e-09	0.010177051648497581	0.012431896291673183	1.622538547962904e-09	5.000001692678779e-07	9.999999974752427e-07	0.0066950321197509766	0.007796458899974823	-1.3278622645884752e-08	0.030927835032343864	-1.3278622645884752e-08	0.007485579699277878	-1.3278622645884752e-08	0.02777777798473835	-1.3278622645884752e-08	-1.3278622645884752e-08	0.008695651777088642	0.3669218420982361	0.04854368790984154	5.000001692678779e-07	0.19233901798725128	1.622538547962904e-09	0.02117866277694702	0.019078675657510757	0.26595744490623474	9.999999974752427e-07	0.0752153992652893	0.29844409227371216	0.01907867193222046	9.999999974752427e-07	0.010416666977107525	0.19233904778957367	0.010324249044060707	0.007624365389347076	1.622538547962904e-09	1.622538547962904e-09	1.622538547962904e-09	9.999999974752427e-07	0.19233906269073486	0.19233904778957367	1.622538547962904e-09	0.026356376707553864	0.16347560286521912	0.04025733470916748	1.622538547962904e-09	1.622538547962904e-09	0.19233906269073486	1.622538547962904e-09	0.015332035720348358	0.0117647061124444	0.24910280108451843	0.017785076051950455	-1.3278622645884752e-08	0.24910278618335724	1.622538547962904e-09	9.999999974752427e-07	1.622538547962904e-09	0.1170303225517273	0.015458554029464722	0.0752154290676117	-1.3278622645884752e-08	0.00909090880304575	-1.3278622645884752e-08	0.009573204442858696	0.02117866650223732	0.0752154216170311	0.018691588193178177	0.015458546578884125	5.000001692678779e-07	0.005539223551750183	1.622538547962904e-09	0.017785076051950455	9.999999974752427e-07	0.02822049707174301	1.5000005078036338e-06	1.622538547962904e-09	9.999999974752427e-07	9.999999974752427e-07	-1.3278622645884752e-08	9.999999974752427e-07	0.16347560286521912	1.622538547962904e-09	0.14051923155784607	0.1634756326675415	0.24910281598567963	0.19233901798725128	0.011078428477048874	0.010101010091602802	0.009573204442858696	0.009177446365356445	0.14051921665668488	0.008695651777088642	1.622538547962904e-09	0.2222222238779068	0.11703035235404968	0.04181492328643799	0.011904762126505375	0.009177448228001595	0.010869565419852734	0.1405191868543625	-1.3278622645884752e-08	0.005539223551750183	0.026356376707553864	1.622538547962904e-09	5.000001692678779e-07	0.009999999776482582	0.019078673794865608	1.622538547962904e-09	0.010324249044060707	9.999999974752427e-07	9.999999974752427e-07	1.622538547962904e-09	9.999999974752427e-07	9.999999974752427e-07	1.622538547962904e-09	1.622538547962904e-09	0.012001227587461472	0.43699365854263306	0.05826278030872345	9.999999974752427e-07	0.26795709133148193	9.999999974752427e-07	0.04900254309177399	1.622538547962904e-09	0.3783048987388611	0.009493403136730194	0.06596280634403229	0.3783048987388611	1.622538547962904e-09	9.999999974752427e-07	0.01123595517128706	0.2679571509361267	-2.4010660126805305e-10	1.622538547962904e-09	-1.3278622645884752e-08	1.622538547962904e-09	1.622538547962904e-09	6.666664376098197e-07	0.25453200936317444	0.2679571211338043	0.010989011265337467	1.3333333299669903e-06	0.2075660675764084	0.04900253564119339	1.622538547962904e-09	0.005720056593418121	0.2679571509361267	1.622538547962904e-09	0.015754297375679016	0.01025690883398056	0.37830477952957153	0.016017936170101166	-2.4010660126805305e-10	0.37830477952957153	0.019911108538508415	9.999999974752427e-07	1.622538547962904e-09	0.1568257212638855	0.013005435466766357	0.11561180651187897	0.01815195381641388	6.666664376098197e-07	0.01815195381641388	0.010526316240429878	0.04900252819061279	0.06741572916507721	0.03269492834806442	0.018725495785474777	0.00909090880304575	-2.4010660126805305e-10	1.622538547962904e-09	0.00917431153357029	0.00968625582754612	0.00968625396490097	0.025567827746272087	9.999999974752427e-07	0.043478261679410934	0.015754293650388718	-2.4010660126805305e-10	0.009493403136730194	0.20756608247756958	9.999999974752427e-07	0.15682576596736908	0.20756608247756958	0.37830474972724915	0.26795709133148193	0.03094802051782608	0.025567827746272087	9.999999974752427e-07	9.999999974752427e-07	0.17497771978378296	0.009708737954497337	0.00909090880304575	0.3183199465274811	0.1568257361650467	0.04121395945549011	0.04972793161869049	0.010204081423580647	0.007700018584728241	0.19181180000305176	9.999999974752427e-07	0.011036911979317665	0.022488445043563843	0.016806723549962044	9.999999974752427e-07	0.009615384973585606	1.622538547962904e-09	1.622538547962904e-09	-2.4010660126805305e-10	1.622538547962904e-09	9.999999974752427e-07	1.622538547962904e-09	0.009803921915590763	1.622538547962904e-09	1.622538547962904e-09	1.622538547962904e-09	9.999999974752427e-07	0.35452133417129517	0.02059110254049301	0.010625112801790237	0.2112308293581009	0.026641976088285446	0.006121940910816193	9.999999974752427e-07	0.3018167018890381	0.006626579910516739	0.02059112675487995	0.3018167018890381	0.0186464861035347	-1.3278622645884752e-08	1.622538547962904e-09	0.16690455377101898	0.015181045979261398	9.999999974752427e-07	1.622538547962904e-09	1.622538547962904e-09	0.010238776914775372	1.622538547962904e-09	0.14026254415512085	0.2112307846546173	-1.3278622645884752e-08	1.622538547962904e-09	0.14026251435279846	0.024768412113189697	1.622538547962904e-09	1.622538547962904e-09	0.2112308144569397	-1.3278622645884752e-08	0.011363636702299118	6.912159733474255e-10	0.23242250084877014	-1.3278622645884752e-08	0.006100691854953766	0.29567742347717285	-1.3278622645884752e-08	-1.3278622645884752e-08	1.622538547962904e-09	0.09294700622558594	1.622538547962904e-09	0.06100180745124817	0.01366463303565979	1.622538547962904e-09	0.007563948631286621	0.011995955370366573	0.006121926009654999	0.030612245202064514	0.00662657618522644	9.073119144886732e-09	-2.4010660126805305e-10	-1.3278622645884752e-08	-1.3278622645884752e-08	-1.3278622645884752e-08	9.999999974752427e-07	0.027936071157455444	0.010625114664435387	0.027522936463356018	0.007871747016906738	9.999999974752427e-07	1.622538547962904e-09	0.006626579910516739	0.14026251435279846	0.010101010091602802	0.09294699132442474	0.14026248455047607	0.29567742347717285	0.21123085916042328	-1.3278622645884752e-08	0.013964534737169743	0.011995954439043999	0.006121940910816193	0.10661163181066513	1.622538547962904e-09	0.026641976088285446	0.21910260617733002	0.061001840978860855	1.622538547962904e-09	0.013319894671440125	0.006121940910816193	1.622538547962904e-09	0.10661161690950394	9.999999974752427e-07	-1.3278622645884752e-08	1.622538547962904e-09	1.622538547962904e-09	-2.4010660126805305e-10	1.622538547962904e-09	9.999999974752427e-07	1.622538547962904e-09	0.015181045979261398	1.622538547962904e-09	6.912159733474255e-10	0.010238775983452797	0.007871747016906738	0.006139293313026428	1.622538547962904e-09	1.622538547962904e-09	1.622538547962904e-09	0.36081430315971375	0.07295437157154083	0.008505983278155327	0.2816368341445923	0.009365733712911606	0.02610158920288086	-1.3278622645884752e-08	0.309752881526947	8.000001798791345e-07	0.07295437157154083	0.309752881526947	-1.3278622645884752e-08	2.255546860396862e-10	-5.828042048960924e-09	0.22092559933662415	0.024959847331047058	-1.3278622645884752e-08	1.622538547962904e-09	1.622538547962904e-09	-1.3278622645884752e-08	9.999999974752427e-07	0.21155987679958344	0.22092559933662415	2.255546860396862e-10	0.00917431153357029	0.1840570718050003	0.026101604104042053	1.622538547962904e-09	-5.828042048960924e-09	0.22092559933662415	1.622538547962904e-09	-1.3278622645884752e-08	0.008564596995711327	0.2986621558666229	1.622538547962904e-09	9.999999974752427e-07	0.29866212606430054	2.255546860396862e-10	2.255546860396862e-10	1.622538547962904e-09	0.1273503601551056	-5.828042048960924e-09	0.08163265138864517	0.01516491174697876	0.008196720853447914	9.999999974752427e-07	-2.4010660126805305e-10	0.026101600378751755	0.07547169923782349	1.3999997463542968e-06	0.015599853359162807	0.01042632944881916	0.00933073554188013	0.01817210391163826	1.622538547962904e-09	1.622538547962904e-09	0.024959832429885864	0.028257330879569054	9.999999974752427e-07	0.00846065953373909	-1.3278622645884752e-08	9.999999974752427e-07	8.000001798791345e-07	0.14251531660556793	0.009365729987621307	0.1273503601551056	0.14251525700092316	0.29866212606430054	0.2816368341445923	0.009330734610557556	0.05747126415371895	-2.4010660126805305e-10	9.999999974752427e-07	0.14251519739627838	6.000000212225132e-07	0.009365737438201904	0.29009750485420227	0.1273503601551056	0.04308461770415306	-2.4010660126805305e-10	0.009282216429710388	1.622538547962904e-09	0.14251522719860077	9.999999974752427e-07	2.255546860396862e-10	0.027484744787216187	0.017241379246115685	0.009325018152594566	-5.828042048960924e-09	-1.3278622645884752e-08	0.015599831938743591	0.024959854781627655	-2.4010660126805305e-10	9.999999974752427e-07	-1.3278622645884752e-08	0.00846065953373909	0.011090744286775589	1.622538547962904e-09	-1.3278622645884752e-08	0.016819380223751068
64	-15547.466796875	-1	9	57	76	75	26	89	10	62	48	0	26	84	41	29	91	66	5	0	11	24	14	68	37	85	21	0	0	50	22	3	66	33	67	21	43	7	69	12	0	65	50	77	73	24	43	79	5	42	1	78	57	69	21	34	56	0	70	42	76	31	43	49	25	4	73	63	36	3	21	1	46	80	82	49	14	33	40	77	33	47	9	66	48	69	78	85	57	13	11	50	56	7	32	19	59	7	0	64	47	0.5437127947807312	0.08644906431436539	0.010285336524248123	0.4145510792732239	0.012830331921577454	0.010498285293579102	0.010526316240429878	0.4251323938369751	9.999999974752427e-07	0.08644905686378479	0.44155386090278625	0.06554710865020752	9.999999974752427e-07	9.999999974752427e-07	0.4095746874809265	9.999999974752427e-07	0.005317971110343933	1.622538547962904e-09	1.622538547962904e-09	9.999999974752427e-07	0.02298850566148758	0.39674437046051025	0.4095746576786041	9.999999974752427e-07	0.03314200043678284	0.2897196114063263	0.07604538649320602	1.622538547962904e-09	9.999999974752427e-07	0.4095746576786041	0.0049764662981033325	1.622538547962904e-09	1.622538547962904e-09	0.4145510196685791	0.03333333507180214	-1.3278622645884752e-08	0.42513248324394226	9.999999974752427e-07	9.999999974752427e-07	1.622538547962904e-09	0.22580645978450775	0.012048192322254181	0.1361638456583023	-1.3278622645884752e-08	9.999999974752427e-07	-1.3278622645884752e-08	1.622538547962904e-09	0.010498279705643654	0.1361638605594635	0.030567780137062073	0.02411612868309021	1.622538547962904e-09	0.008196720853447914	0.010869565419852734	9.999999974752427e-07	0.010526316240429878	0.026113219559192657	0.019338728860020638	-2.4010660126805305e-10	-1.3278622645884752e-08	1.622538547962904e-09	-1.3278622645884752e-08	0.030567795038223267	0.2705919146537781	9.999999974752427e-07	0.26527389883995056	0.2705919146537781	0.4251324534416199	0.40957462787628174	0.030927833169698715	0.05588129162788391	1.622538547962904e-09	0.010498277842998505	0.2652738690376282	-1.3278622645884752e-08	0.012830331921577454	0.4145510792732239	0.22250455617904663	0.08634074777364731	1.622538547962904e-09	0.010498279705643654	1.622538547962904e-09	0.26527389883995056	0.036036036908626556	0.009900989942252636	0.062224678695201874	0.029082641005516052	0.009053405374288559	9.999999974752427e-07	0.012195121496915817	9.999999974752427e-07	0.008547008968889713	-1.3278622645884752e-08	1.622538547962904e-09	9.999999974752427e-07	-1.3278622645884752e-08	-1.3278622645884752e-08	1.622538547962904e-09	9.999999974752427e-07	1.622538547962904e-09	0.4231007397174835	0.04496558755636215	0.010405869223177433	0.2722354531288147	0.010044899769127369	0.021052632480859756	9.999999974752427e-07	0.31625208258628845	0.018691588193178177	0.05226296931505203	0.31625211238861084	0.01785714365541935	0.010989011265337467	1.622538547962904e-09	0.2722354531288147	9.999999974752427e-07	1.622538547962904e-09	0.019417475908994675	1.622538547962904e-09	9.999999974752427e-07	6.666664376098197e-07	0.2291666716337204	0.2722354531288147	9.999999974752427e-07	1.3333333299669903e-06	0.1819043606519699	0.09699182957410812	1.622538547962904e-09	0.0078512541949749	0.2722354531288147	1.622538547962904e-09	1.622538547962904e-09	0.010638297535479069	0.31625205278396606	9.999999974752427e-07	-7.275957614183426e-12	0.31625205278396606	0.010526316240429878	0.009009009227156639	1.622538547962904e-09	0.10256187617778778	1.622538547962904e-09	0.0606570690870285	0.008510754443705082	6.666664376098197e-07	-7.275957614183426e-12	9.999999974752427e-07	1.3999997463542968e-06	0.05226297304034233	0.034559715539216995	0.022432174533605576	2.255546860396862e-10	9.999999974752427e-07	9.999999974752427e-07	9.999999974752427e-07	0.008264463394880295	0.009856700897216797	0.010405868291854858	0.008394084870815277	1.622538547962904e-09	1.622538547962904e-09	0.008510754443705082	0.034559715539216995	0.18190431594848633	0.010044899769127369	0.11764705926179886	0.18190434575080872	0.31625205278396606	0.2722354531288147	0.042105261236429214	0.010405870154500008	9.999999974752427e-07	8.000001798791345e-07	0.18190434575080872	1.622538547962904e-09	0.010044898837804794	0.2722354531288147	0.10256189107894897	0.04190482199192047	9.999999974752427e-07	8.000001798791345e-07	0.00729738175868988	0.18190434575080872	1.622538547962904e-09	0.016949152573943138	0.01947261206805706	9.999999974752427e-07	2.255546860396862e-10	1.622538547962904e-09	0.011627906933426857	0.014580924063920975	9.999999974752427e-07	1.622538547962904e-09	9.999999974752427e-07	9.999999974752427e-07	1.622538547962904e-09	1.622538547962904e-09	1.622538547962904e-09	9.999999974752427e-07	6.000000212225132e-07	0.4494662880897522	0.08000115305185318	9.999999974752427e-07	0.3330483138561249	-1.3278622645884752e-08	0.03483249247074127	9.999999974752427e-07	0.386263370513916	0.009220771491527557	0.08756303787231445	0.38626334071159363	0.013322077691555023	-1.3278622645884752e-08	9.999999974752427e-07	0.2947915494441986	9.999999974752427e-07	0.029411764815449715	9.999999974752427e-07	-1.3278622645884752e-08	0.008118398487567902	0.010526316240429878	0.2947915494441986	0.2947915494441986	-1.3278622645884752e-08	0.01075268816202879	0.2947915196418762	0.04815460741519928	-1.3278622645884752e-08	0.02777777798473835	0.2947915494441986	0.019186578691005707	9.999999974752427e-07	0.008000463247299194	0.38626325130462646	-1.3278622645884752e-08	1.622538547962904e-09	0.38626331090927124	-1.3278622645884752e-08	-1.3278622645884752e-08	-1.3278622645884752e-08	0.1528805047273636	9.999999974752427e-07	0.08756301552057266	0.009048528037965298	9.999999974752427e-07	1.622538547962904e-09	0.009130984544754028	0.02860131859779358	0.08756303787231445	0.009220770560204983	0.04123711213469505	9.999999974752427e-07	-1.3278622645884752e-08	-1.3278622645884752e-08	-1.3278622645884752e-08	0.008003763854503632	0.015048369765281677	0.029999999329447746	1.622538547962904e-09	0.00909090880304575	9.999999974752427e-07	0.009048528969287872	0.009220771491527557	0.2947915196418762	-1.3278622645884752e-08	0.15288051962852478	0.2499999850988388	0.38626334071159363	0.31386175751686096	-1.3278622645884752e-08	0.032608695328235626	0.009130991995334625	9.999999974752427e-07	0.16192904114723206	-2.4010660126805305e-10	-1.3278622645884752e-08	0.36913180351257324	0.1528804898262024	0.06531748175621033	0.009130977094173431	0.028601333498954773	0.00756189227104187	0.16814157366752625	1.622538547962904e-09	-1.3278622645884752e-08	0.021052632480859756	0.009900989942252636	0.027272727340459824	9.999999974752427e-07	0.005203664302825928	0.008620689623057842	0.007044591009616852	-1.3278622645884752e-08	0.008000463247299194	0.008118398487567902	9.999999974752427e-07	-1.3278622645884752e-08	-1.3278622645884752e-08	-1.3278622645884752e-08	1.622538547962904e-09	0.4417252242565155	0.024390242993831635	9.999999974752427e-07	0.30527326464653015	0.010416666977107525	0.014637134969234467	9.999999974752427e-07	0.3760969042778015	9.999999974752427e-07	0.04878048598766327	0.3760969042778015	0.05099133402109146	9.999999974752427e-07	0.008882244117558002	0.30527329444885254	1.622538547962904e-09	1.622538547962904e-09	1.622538547962904e-09	1.622538547962904e-09	0.030414395034313202	0.012048192322254181	0.29318323731422424	0.30527329444885254	9.999999974752427e-07	0.017391303554177284	0.2670987844467163	0.06562843918800354	1.622538547962904e-09	0.010416666977107525	0.30527329444885254	1.622538547962904e-09	1.622538547962904e-09	1.622538547962904e-09	0.30527329444885254	1.622538547962904e-09	0.010526316240429878	0.3760969042778015	9.999999974752427e-07	9.999999974752427e-07	1.622538547962904e-09	0.14387741684913635	0.025641024112701416	0.07431011646986008	0.032608695328235626	9.999999974752427e-07	0.009615384973585606	1.622538547962904e-09	0.014637134969234467	0.07431010156869888	0.010309278033673763	0.04452749714255333	0.009433962404727936	9.999999974752427e-07	1.622538547962904e-09	1.622538547962904e-09	1.622538547962904e-09	1.622538547962904e-09	0.009569531306624413	1.622538547962904e-09	1.622538547962904e-09	1.622538547962904e-09	0.01123595517128706	9.999999974752427e-07	0.20471768081188202	9.999999974752427e-07	0.14387744665145874	0.2047176957130432	0.3052733242511749	0.30527329444885254	0.026084452867507935	0.009569531306624413	1.622538547962904e-09	0.010101010091602802	0.204717755317688	0.010204081423580647	0.010989011265337467	0.30527329444885254	0.14387741684913635	0.06956726312637329	1.622538547962904e-09	0.01463712751865387	9.999999974752427e-07	0.20471777021884918	0.009803921915590763	9.999999974752427e-07	0.02503982186317444	9.999999974752427e-07	9.999999974752427e-07	0.008882243186235428	0.020576931536197662	9.999999974752427e-07	1.622538547962904e-09	1.622538547962904e-09	1.622538547962904e-09	9.999999974752427e-07	1.622538547962904e-09	1.622538547962904e-09	1.622538547962904e-09	9.999999974752427e-07	1.622538547962904e-09	0.3537144362926483	0.026411600410938263	4.2857209336943924e-07	0.20192483067512512	1.622538547962904e-09	0.027027027681469917	-7.275957614183426e-12	0.28152185678482056	1.622538547962904e-09	0.026411622762680054	0.28152185678482056	0.010256588459014893	9.999999974752427e-07	1.622538547962904e-09	0.20192480087280273	9.999999974752427e-07	1.622538547962904e-09	9.999999974752427e-07	1.622538547962904e-09	0.010256589390337467	1.622538547962904e-09	0.20192477107048035	0.20192480087280273	1.622538547962904e-09	1.622538547962904e-09	0.16246561706066132	0.05873368680477142	1.622538547962904e-09	0.027633339166641235	0.20192480087280273	-1.3278622645884752e-08	1.622538547962904e-09	-1.3278622645884752e-08	0.20192469656467438	0.008206706494092941	9.999999974752427e-07	0.2740027904510498	1.622538547962904e-09	9.999999974752427e-07	1.622538547962904e-09	0.05703481286764145	1.622538547962904e-09	0.02641153335571289	0.03179077059030533	1.622538547962904e-09	9.999999974752427e-07	-1.3278622645884752e-08	0.009401541203260422	0.026411622762680054	0.009916093200445175	0.027633339166641235	4.2857209336943924e-07	1.622538547962904e-09	0.013445623219013214	0.008206704631447792	9.999999974752427e-07	0.013458997011184692	1.2857158253609668e-06	-1.3278622645884752e-08	-1.3278622645884752e-08	1.622538547962904e-09	9.999999974752427e-07	1.622538547962904e-09	0.1624656319618225	1.622538547962904e-09	0.05703481659293175	0.10570608824491501	0.2626262903213501	0.20192474126815796	0.01780685782432556	1.2857121873821598e-06	-1.3278622645884752e-08	9.999999974752427e-07	0.08882559835910797	0.009916089475154877	1.622538547962904e-09	0.20192484557628632	0.05404491350054741	0.027633339166641235	-1.3278622645884752e-08	0.009401543065905571	1.622538547962904e-09	0.1057060956954956	-1.3278622645884752e-08	0.01780686527490616	1.622538547962904e-09	1.622538547962904e-09	4.2857209336943924e-07	1.622538547962904e-09	-7.275957614183426e-12	1.622538547962904e-09	9.999999974752427e-07	1.622538547962904e-09	-1.3278622645884752e-08	9.999999974752427e-07	-1.3278622645884752e-08	0.007519088685512543	1.622538547962904e-09	1.622538547962904e-09	2.255546860396862e-10	0.5330701470375061	0.005072489380836487	5.000001692678779e-07	0.3791336119174957	0.015137098729610443	0.04571789503097534	9.999999974752427e-07	0.47317150235176086	1.622538547962904e-09	0.08930285274982452	0.47317150235176086	0.014180606231093407	0.010177051648497581	9.999999974752427e-07	0.283880352973938	-1.3278622645884752e-08	1.622538547962904e-09	0.009429067373275757	-1.3278622645884752e-08	0.007485583424568176	9.999999974752427e-07	0.2687433063983917	0.3461630940437317	0.011049933731555939	0.012431889772415161	0.21618443727493286	0.059898555278778076	-1.3278622645884752e-08	1.622538547962904e-09	0.2838802933692932	0.030927835032343864	0.04472166299819946	-1.3278622645884752e-08	0.39345017075538635	1.622538547962904e-09	-1.3278622645884752e-08	0.39345014095306396	0.011049933731555939	0.010177051648497581	-1.3278622645884752e-08	0.16346153616905212	0.04000958055257797	0.08930287510156631	-1.3278622645884752e-08	0.010416666977107525	-1.3278622645884752e-08	0.014316469430923462	0.036288827657699585	0.08930285274982452	1.622538547962904e-09	0.0478060245513916	5.000001692678779e-07	0.028037382289767265	1.622538547962904e-09	1.622538547962904e-09	-1.3278622645884752e-08	-1.3278622645884752e-08	1.5000005078036338e-06	1.622538547962904e-09	-1.3278622645884752e-08	9.999999974752427e-07	-1.3278622645884752e-08	1.622538547962904e-09	0.21618443727493286	0.015137098729610443	0.171462744474411	0.21618443727493286	0.39345014095306396	0.3461630940437317	0.05255882441997528	0.005072489380836487	9.999999974752427e-07	0.02286946028470993	0.1714627593755722	1.622538547962904e-09	0.01513710618019104	0.37913358211517334	0.1495407670736313	0.06023794412612915	0.014316461980342865	0.02286946028470993	0.008695651777088642	0.1714627593755722	1.622538547962904e-09	0.010177051648497581	0.012431896291673183	1.622538547962904e-09	5.000001692678779e-07	9.999999974752427e-07	0.0066950395703315735	0.007796458899974823	-1.3278622645884752e-08	0.030927835032343864	-1.3278622645884752e-08	0.007485583424568176	-1.3278622645884752e-08	0.02777777798473835	-1.3278622645884752e-08	9.999999974752427e-07	0.008695651777088642	0.3669218420982361	0.04854368790984154	5.000001692678779e-07	0.19233907759189606	1.622538547962904e-09	0.02117866277694702	0.01907867193222046	0.26595744490623474	9.999999974752427e-07	0.0752153992652893	0.29844406247138977	0.01907867193222046	9.999999974752427e-07	0.010416666977107525	0.19233906269073486	0.010324249044060707	0.007624350488185883	1.622538547962904e-09	1.622538547962904e-09	1.622538547962904e-09	9.999999974752427e-07	0.19233904778957367	0.19233907759189606	1.622538547962904e-09	0.026356376707553864	0.1634756475687027	0.04025731980800629	1.622538547962904e-09	1.622538547962904e-09	0.19233904778957367	1.622538547962904e-09	0.015332013368606567	0.0117647061124444	0.24910283088684082	0.017785057425498962	-1.3278622645884752e-08	0.24910280108451843	1.622538547962904e-09	9.999999974752427e-07	1.622538547962904e-09	0.1170303225517273	0.015458554029464722	0.0752154290676117	-1.3278622645884752e-08	0.00909090880304575	-1.3278622645884752e-08	0.009573204442858696	0.02117866277694702	0.0752154216170311	0.018691588193178177	0.015458546578884125	5.000001692678779e-07	0.005539208650588989	1.622538547962904e-09	0.017785057425498962	9.999999974752427e-07	0.02822047472000122	1.5000005078036338e-06	1.622538547962904e-09	9.999999974752427e-07	9.999999974752427e-07	-1.3278622645884752e-08	9.999999974752427e-07	0.16347557306289673	1.622538547962904e-09	0.14051920175552368	0.1634756326675415	0.24910283088684082	0.19233907759189606	0.011078404262661934	0.010101010091602802	0.009573204442858696	0.009177446365356445	0.14051921665668488	0.008695651777088642	1.622538547962904e-09	0.222222238779068	0.11703035235404968	0.04181492328643799	0.011904762126505375	0.009177444502711296	0.010869565419852734	0.1405191868543625	-1.3278622645884752e-08	0.005539208650588989	0.026356376707553864	1.622538547962904e-09	5.000001692678779e-07	0.009999999776482582	0.019078673794865608	1.622538547962904e-09	0.010324249044060707	9.999999974752427e-07	9.999999974752427e-07	1.622538547962904e-09	9.999999974752427e-07	9.999999974752427e-07	1.622538547962904e-09	1.622538547962904e-09	0.012001223862171173	0.43699371814727783	0.05826278030872345	9.999999974752427e-07	0.2679571807384491	9.999999974752427e-07	0.04900254309177399	1.622538547962904e-09	0.3783048689365387	0.009493403136730194	0.06596280634403229	0.3783048391342163	1.622538547962904e-09	9.999999974752427e-07	0.01123595517128706	0.2679571509361267	-2.4010660126805305e-10	1.622538547962904e-09	-1.3278622645884752e-08	1.622538547962904e-09	1.622538547962904e-09	6.666664376098197e-07	0.2545320391654968	0.2679571509361267	0.010989011265337467	1.3333333299669903e-06	0.20756608247756958	0.04900255426764488	1.622538547962904e-09	0.005720056593418121	0.2679571509361267	1.622538547962904e-09	0.01575428992509842	0.010256931185722351	0.3783048391342163	0.01601792871952057	-2.4010660126805305e-10	0.3783048689365387	0.019911106675863266	9.999999974752427e-07	1.622538547962904e-09	0.1568257212638855	0.013005435466766357	0.11561180651187897	0.01815195381641388	6.666664376098197e-07	0.01815195381641388	0.010526316240429878	0.04900252819061279	0.06741572916507721	0.03269492834806442	0.018725495785474777	0.00909090880304575	-2.4010660126805305e-10	1.622538547962904e-09	0.00917431153357029	0.009686267003417015	0.009686268866062164	0.025567827746272087	9.999999974752427e-07	0.043478261679410934	0.01575428992509842	-2.4010660126805305e-10	0.009493403136730194	0.20756609737873077	9.999999974752427e-07	0.15682576596736908	0.20756609737873077	0.3783048689365387	0.2679571211338043	0.030948013067245483	0.025567827746272087	9.999999974752427e-07	9.999999974752427e-07	0.17497771978378296	0.009708737954497337	0.00909090880304575	0.31832000613212585	0.1568257361650467	0.04121395945549011	0.04972795397043228	0.010204081423580647	0.007700018584728241	0.19181180000305176	9.999999974752427e-07	0.011036910116672516	0.022488445043563843	0.016806723549962044	9.999999974752427e-07	0.009615384973585606	1.622538547962904e-09	1.622538547962904e-09	-2.4010660126805305e-10	1.622538547962904e-09	9.999999974752427e-07	1.622538547962904e-09	0.009803921915590763	1.622538547962904e-09	1.622538547962904e-09	9.999999974752427e-07	9.999999974752427e-07	0.3545213043689728	0.02059110254049301	0.010625112801790237	0.21123084425926208	0.02664199471473694	0.0061219222843647	9.999999974752427e-07	0.3018166422843933	0.006626579910516739	0.02059112675487995	0.3018166720867157	0.01864650845527649	-1.3278622645884752e-08	1.622538547962904e-09	0.1669045239686966	0.015181045979261398	9.999999974752427e-07	1.622538547962904e-09	1.622538547962904e-09	0.010238776914775372	1.622538547962904e-09	0.14026254415512085	0.2112308144569397	-1.3278622645884752e-08	1.622538547962904e-09	0.14026251435279846	0.024768419563770294	1.622538547962904e-09	1.622538547962904e-09	0.2112308144569397	-1.3278622645884752e-08	0.011363636702299118	6.912159733474255e-10	0.23242251574993134	-1.3278622645884752e-08	0.006100691854953766	0.29567739367485046	-1.3278622645884752e-08	-1.3278622645884752e-08	1.622538547962904e-09	0.09294700622558594	1.622538547962904e-09	0.06100180745124817	0.01366463303565979	1.622538547962904e-09	0.007563948631286621	0.011995955370366573	0.0061219483613967896	0.030612245202064514	0.00662657618522644	9.073119144886732e-09	-2.4010660126805305e-10	-1.3278622645884752e-08	-1.3278622645884752e-08	-1.3278622645884752e-08	9.999999974752427e-07	0.027936100959777832	0.010625114664435387	0.027522936463356018	0.007871739566326141	9.999999974752427e-07	1.622538547962904e-09	0.006626579910516739	0.14026251435279846	0.010101010091602802	0.09294699132442474	0.14026251435279846	0.29567742347717285	0.21123076975345612	-1.3278622645884752e-08	0.013964534737169743	0.011995954439043999	0.0061219483613967896	0.10661163181066513	1.622538547962904e-09	0.02664199471473694	0.2191026210784912	0.061001840978860855	1.622538547962904e-09	0.013319892808794975	0.0061219483613967896	1.622538547962904e-09	0.10661161690950394	9.999999974752427e-07	-1.3278622645884752e-08	1.622538547962904e-09	1.622538547962904e-09	-2.4010660126805305e-10	1.622538547962904e-09	9.999999974752427e-07	1.622538547962904e-09	0.015181045979261398	1.622538547962904e-09	6.912159733474255e-10	0.010238775983452797	0.007871739566326141	0.006139293313026428	1.622538547962904e-09	9.999999974752427e-07	1.622538547962904e-09	0.36081427335739136	0.07295437157154083	0.008505983278155327	0.2816368341445923	0.009365733712911606	0.026101619005203247	-1.3278622645884752e-08	0.3097529113292694	8.000001798791345e-07	0.07295437157154083	0.3097529113292694	-1.3278622645884752e-08	2.255546860396862e-10	-5.828042048960924e-09	0.22092559933662415	0.024959877133369446	-1.3278622645884752e-08	1.622538547962904e-09	1.622538547962904e-09	-1.3278622645884752e-08	9.999999974752427e-07	0.21155986189842224	0.22092559933662415	2.255546860396862e-10	0.00917431153357029	0.1840570569038391	0.026101604104042053	1.622538547962904e-09	-5.828042048960924e-09	0.22092559933662415	1.622538547962904e-09	-1.3278622645884752e-08	0.008564604446291924	0.2986621558666229	1.622538547962904e-09	9.999999974752427e-07	0.2986621558666229	2.255546860396862e-10	2.255546860396862e-10	1.622538547962904e-09	0.1273503601551056	-5.828042048960924e-09	0.08163265138864517	0.01516491174697876	0.008196720853447914	9.999999974752427e-07	-2.4010660126805305e-10	0.026101619005203247	0.07547169923782349	1.3999997463542968e-06	0.015599853359162807	0.01042632944881916	0.009330726228654385	0.018172089010477066	1.622538547962904e-09	1.622538547962904e-09	0.024959877133369446	0.028257330879569054	9.999999974752427e-07	0.008460652083158493	-1.3278622645884752e-08	9.999999974752427e-07	8.000001798791345e-07	0.14251525700092316	0.009365729987621307	0.1273503601551056	0.14251527190208435	0.2986621558666229	0.2816368341445923	0.00933072715997696	0.05747126415371895	-2.4010660126805305e-10	9.999999974752427e-07	0.14251521229743958	6.000000212225132e-07	0.009365737438201904	0.29009753465652466	0.1273503601551056	0.04308461770415306	-2.4010660126805305e-10	0.009282229468226433	1.622538547962904e-09	0.14251525700092316	9.999999974752427e-07	2.255546860396862e-10	0.027484744787216187	0.017241379246115685	0.009325018152594566	-5.828042048960924e-09	-1.3278622645884752e-08	0.015599831938743591	0.02495986968278885	-2.4010660126805305e-10	9.999999974752427e-07	-1.3278622645884752e-08	0.008460652083158493	0.011090751737356186	1.622538547962904e-09	9.999999974752427e-07	0.016819393262267113
65	-15547.466796875	-1	9	57	76	75	26	89	10	62	48	0	26	84	41	29	91	66	5	0	11	24	14	68	37	85	21	0	0	50	22	3	66	33	67	21	43	7	69	12	0	65	50	77	73	24	43	79	5	42	1	78	57	69	21	34	56	0	70	42	76	31	43	49	25	4	73	63	36	3	21	1	46	80	82	49	14	33	40	77	33	47	9	66	48	69	78	85	57	13	11	50	56	7	32	19	59	7	0	65	47	0.5437127351760864	0.08644906431436539	0.010285336524248123	0.4145510196685791	0.01283031702041626	0.010498285293579102	0.010526316240429878	0.42513248324394226	9.999999974752427e-07	0.08644905686378479	0.4415539801120758	0.0655471533536911	9.999999974752427e-07	9.999999974752427e-07	0.40957462787628174	9.999999974752427e-07	0.005317956209182739	1.622538547962904e-09	1.622538547962904e-09	9.999999974752427e-07	0.02298850566148758	0.3967443108558655	0.4095746576786041	9.999999974752427e-07	0.03314200043678284	0.2897196114063263	0.0760454386472702	1.622538547962904e-09	9.999999974752427e-07	0.4095746576786041	0.004976406693458557	1.622538547962904e-09	1.622538547962904e-09	0.4145510196685791	0.03333333507180214	-1.3278622645884752e-08	0.4251324236392975	9.999999974752427e-07	9.999999974752427e-07	1.622538547962904e-09	0.22580645978450775	0.012048192322254181	0.1361638456583023	-1.3278622645884752e-08	9.999999974752427e-07	-1.3278622645884752e-08	1.622538547962904e-09	0.01049828715622425	0.1361638605594635	0.030567780137062073	0.02411612868309021	1.622538547962904e-09	0.008196720853447914	0.010869565419852734	9.999999974752427e-07	0.010526316240429878	0.026113301515579224	0.019338728860020638	-2.4010660126805305e-10	-1.3278622645884752e-08	1.622538547962904e-09	-1.3278622645884752e-08	0.030567795038223267	0.2705919146537781	9.999999974752427e-07	0.2652738690376282	0.2705919146537781	0.4251324236392975	0.40957462787628174	0.030927833169698715	0.05588129162788391	1.622538547962904e-09	0.010498292744159698	0.2652738392353058	-1.3278622645884752e-08	0.012830313295125961	0.41455113887786865	0.22250455617904663	0.08634074777364731	1.622538547962904e-09	0.010498294606804848	1.622538547962904e-09	0.2652738690376282	0.036036036908626556	0.009900989942252636	0.062224678695201874	0.029082641005516052	0.009053405374288559	9.999999974752427e-07	0.012195121496915817	9.999999974752427e-07	0.008547008968889713	-1.3278622645884752e-08	1.622538547962904e-09	9.999999974752427e-07	-1.3278622645884752e-08	-1.3278622645884752e-08	1.622538547962904e-09	9.999999974752427e-07	1.622538547962904e-09	0.4231007397174835	0.04496558755636215	0.010405869223177433	0.2722354531288147	0.010044899769127369	0.021052632480859756	9.999999974752427e-07	0.31625208258628845	0.018691588193178177	0.05226296931505203	0.31625211238861084	0.01785714365541935	0.010989011265337467	1.622538547962904e-09	0.2722354531288147	9.999999974752427e-07	1.622538547962904e-09	0.019417475908994675	1.622538547962904e-09	9.999999974752427e-07	6.666664376098197e-07	0.2291666716337204	0.2722354531288147	9.999999974752427e-07	1.3333333299669903e-06	0.1819043606519699	0.09699182957410812	1.622538547962904e-09	0.0078512541949749	0.2722354531288147	1.622538547962904e-09	1.622538547962904e-09	0.010638297535479069	0.31625205278396606	9.999999974752427e-07	-7.275957614183426e-12	0.31625205278396606	0.010526316240429878	0.009009009227156639	1.622538547962904e-09	0.10256187617778778	1.622538547962904e-09	0.0606570690870285	0.008510754443705082	6.666664376098197e-07	-7.275957614183426e-12	9.999999974752427e-07	1.3999997463542968e-06	0.05226297304034233	0.034559715539216995	0.022432174533605576	2.255546860396862e-10	9.999999974752427e-07	9.999999974752427e-07	9.999999974752427e-07	0.008264463394880295	0.009856700897216797	0.010405868291854858	0.008394084870815277	1.622538547962904e-09	1.622538547962904e-09	0.008510754443705082	0.034559715539216995	0.18190431594848633	0.010044899769127369	0.11764705926179886	0.18190434575080872	0.31625205278396606	0.2722354531288147	0.042105261236429214	0.010405870154500008	9.999999974752427e-07	8.000001798791345e-07	0.18190434575080872	1.622538547962904e-09	0.010044898837804794	0.2722354531288147	0.10256189107894897	0.04190482199192047	9.999999974752427e-07	8.000001798791345e-07	0.00729738175868988	0.18190434575080872	1.622538547962904e-09	0.016949152573943138	0.01947261206805706	9.999999974752427e-07	2.255546860396862e-10	1.622538547962904e-09	0.011627906933426857	0.014580924063920975	9.999999974752427e-07	1.622538547962904e-09	9.999999974752427e-07	9.999999974752427e-07	1.622538547962904e-09	1.622538547962904e-09	1.622538547962904e-09	9.999999974752427e-07	6.000000212225132e-07	0.449466347694397	0.08000115305185318	9.999999974752427e-07	0.33304834365844727	-1.3278622645884752e-08	0.03483249247074127	9.999999974752427e-07	0.3862634003162384	0.009220771491527557	0.08756305277347565	0.386263370513916	0.013322077691555023	-1.3278622645884752e-08	9.999999974752427e-07	0.294791579246521	9.999999974752427e-07	0.029411764815449715	9.999999974752427e-07	-1.3278622645884752e-08	0.008118398487567902	0.010526316240429878	0.294791579246521	0.2947915494441986	-1.3278622645884752e-08	0.01075268816202879	0.2947915494441986	0.04815460741519928	-1.3278622645884752e-08	0.02777777798473835	0.294791579246521	0.019186578691005707	9.999999974752427e-07	0.008000463247299194	0.38626328110694885	-1.3278622645884752e-08	1.622538547962904e-09	0.38626334071159363	-1.3278622645884752e-08	-1.3278622645884752e-08	-1.3278622645884752e-08	0.1528805047273636	9.999999974752427e-07	0.08756303042173386	0.009048531763255596	9.999999974752427e-07	1.622538547962904e-09	0.009130984544754028	0.02860131859779358	0.08756305277347565	0.009220770560204983	0.04123711213469505	9.999999974752427e-07	-1.3278622645884752e-08	-1.3278622645884752e-08	-1.3278622645884752e-08	0.008003763854503632	0.015048369765281677	0.029999999329447746	1.622538547962904e-09	0.00909090880304575	9.999999974752427e-07	0.00904853269457817	0.009220771491527557	0.2947915494441986	-1.3278622645884752e-08	0.15288051962852478	0.25	0.386263370513916	0.31386178731918335	-1.3278622645884752e-08	0.032608695328235626	0.009130991995334625	9.999999974752427e-07	0.16192905604839325	-2.4010660126805305e-10	-1.3278622645884752e-08	0.36913183331489563	0.15288051962852478	0.06531751155853271	0.009130977094173431	0.028601333498954773	0.00756189227104187	0.16814158856868744	1.622538547962904e-09	-1.3278622645884752e-08	0.021052632480859756	0.009900989942252636	0.027272727340459824	9.999999974752427e-07	0.005203664302825928	0.008620689623057842	0.007044591009616852	-1.3278622645884752e-08	0.008000463247299194	0.008118398487567902	9.999999974752427e-07	-1.3278622645884752e-08	-1.3278622645884752e-08	1.622538547962904e-09	1.622538547962904e-09	0.4417252242565155	0.024390242993831635	9.999999974752427e-07	0.30527326464653015	0.010416666977107525	0.014637134969234467	9.999999974752427e-07	0.3760969042778015	9.999999974752427e-07	0.04878048598766327	0.3760969042778015	0.05099133402109146	9.999999974752427e-07	0.008882244117558002	0.30527329444885254	1.622538547962904e-09	1.622538547962904e-09	1.622538547962904e-09	1.622538547962904e-09	0.030414395034313202	0.012048192322254181	0.29318323731422424	0.30527329444885254	9.999999974752427e-07	0.017391303554177284	0.2670987844467163	0.06562843918800354	1.622538547962904e-09	0.010416666977107525	0.30527329444885254	1.622538547962904e-09	1.622538547962904e-09	1.622538547962904e-09	0.30527329444885254	1.622538547962904e-09	0.010526316240429878	0.3760969042778015	9.999999974752427e-07	9.999999974752427e-07	1.622538547962904e-09	0.14387744665145874	0.025641024112701416	0.07431011646986008	0.032608695328235626	9.999999974752427e-07	0.009615384973585606	1.622538547962904e-09	0.014637134969234467	0.07431010156869888	0.010309278033673763	0.04452749714255333	0.009433962404727936	9.999999974752427e-07	1.622538547962904e-09	1.622538547962904e-09	1.622538547962904e-09	1.622538547962904e-09	0.009569531306624413	1.622538547962904e-09	1.622538547962904e-09	1.622538547962904e-09	0.01123595517128706	9.999999974752427e-07	0.20471768081188202	9.999999974752427e-07	0.14387741684913635	0.2047176957130432	0.3052733242511749	0.30527329444885254	0.026084452867507935	0.009569531306624413	1.622538547962904e-09	0.010101010091602802	0.204717755317688	0.010204081423580647	0.010989011265337467	0.30527329444885254	0.14387741684913635	0.06956726312637329	1.622538547962904e-09	0.01463712751865387	9.999999974752427e-07	0.20471777021884918	0.009803921915590763	9.999999974752427e-07	0.02503982186317444	9.999999974752427e-07	9.999999974752427e-07	0.008882243186235428	0.020576931536197662	9.999999974752427e-07	1.622538547962904e-09	1.622538547962904e-09	1.622538547962904e-09	9.999999974752427e-07	1.622538547962904e-09	1.622538547962904e-09	1.622538547962904e-09	-1.3278622645884752e-08	1.622538547962904e-09	0.3537144362926483	0.026411600410938263	4.2857209336943924e-07	0.20192477107048035	1.622538547962904e-09	0.027027027681469917	-7.275957614183426e-12	0.28152182698249817	1.622538547962904e-09	0.026411622762680054	0.2815217971801758	0.010256588459014893	9.999999974752427e-07	1.622538547962904e-09	0.20192477107048035	9.999999974752427e-07	1.622538547962904e-09	9.999999974752427e-07	1.622538547962904e-09	0.010256589390337467	1.622538547962904e-09	0.20192474126815796	0.20192478597164154	1.622538547962904e-09	1.622538547962904e-09	0.16246558725833893	0.05873368680477142	1.622538547962904e-09	0.027633339166641235	0.20192477107048035	-1.3278622645884752e-08	1.622538547962904e-09	-1.3278622645884752e-08	0.20192483067512512	0.008206691592931747	9.999999974752427e-07	0.2740027904510498	1.622538547962904e-09	9.999999974752427e-07	1.622538547962904e-09	0.057034820318222046	1.622538547962904e-09	0.02641153335571289	0.03179078549146652	1.622538547962904e-09	9.999999974752427e-07	-1.3278622645884752e-08	0.009401541203260422	0.026411622762680054	0.009916093200445175	0.027633339166641235	4.2857209336943924e-07	1.622538547962904e-09	0.013445600867271423	0.008206691592931747	9.999999974752427e-07	0.013458997011184692	1.2857158253609668e-06	-1.3278622645884752e-08	-1.3278622645884752e-08	1.622538547962904e-09	9.999999974752427e-07	1.622538547962904e-09	0.16246557235717773	1.622538547962904e-09	0.05703482776880264	0.10570608824491501	0.2626262605190277	0.20192477107048035	0.01780684106051922	1.2857121873821598e-06	-1.3278622645884752e-08	9.999999974752427e-07	0.08882559090852737	0.009916089475154877	1.622538547962904e-09	0.20192478597164154	0.05404491350054741	0.027633339166641235	-1.3278622645884752e-08	0.009401543065905571	1.622538547962904e-09	0.1057060956954956	-1.3278622645884752e-08	0.017806850373744965	1.622538547962904e-09	1.622538547962904e-09	4.2857209336943924e-07	1.622538547962904e-09	-7.275957614183426e-12	1.622538547962904e-09	9.999999974752427e-07	1.622538547962904e-09	-1.3278622645884752e-08	9.999999974752427e-07	-1.3278622645884752e-08	0.007519088685512543	1.622538547962904e-09	1.622538547962904e-09	2.255546860396862e-10	0.5330701470375061	0.005072489380836487	5.000001692678779e-07	0.3791336119174957	0.015137098729610443	0.04571789503097534	9.999999974752427e-07	0.47317150235176086	1.622538547962904e-09	0.08930285274982452	0.47317150235176086	0.014180606231093407	0.010177051648497581	9.999999974752427e-07	0.283880352973938	-1.3278622645884752e-08	1.622538547962904e-09	0.009429067373275757	-1.3278622645884752e-08	0.007485583424568176	9.999999974752427e-07	0.2687433063983917	0.3461630940437317	0.011049933731555939	0.012431889772415161	0.21618443727493286	0.059898555278778076	-1.3278622645884752e-08	1.622538547962904e-09	0.2838802933692932	0.030927835032343864	0.04472166299819946	-1.3278622645884752e-08	0.39345017075538635	1.622538547962904e-09	-1.3278622645884752e-08	0.39345014095306396	0.011049933731555939	0.010177051648497581	-1.3278622645884752e-08	0.16346153616905212	0.04000958055257797	0.08930287510156631	-1.3278622645884752e-08	0.010416666977107525	-1.3278622645884752e-08	0.014316469430923462	0.036288827657699585	0.08930285274982452	1.622538547962904e-09	0.0478060245513916	5.000001692678779e-07	0.028037382289767265	1.622538547962904e-09	1.622538547962904e-09	-1.3278622645884752e-08	-1.3278622645884752e-08	1.5000005078036338e-06	1.622538547962904e-09	-1.3278622645884752e-08	9.999999974752427e-07	-1.3278622645884752e-08	1.622538547962904e-09	0.21618443727493286	0.015137098729610443	0.171462744474411	0.21618443727493286	0.39345014095306396	0.3461630940437317	0.05255882441997528	0.005072489380836487	9.999999974752427e-07	0.02286946028470993	0.1714627593755722	1.622538547962904e-09	0.01513710618019104	0.37913358211517334	0.1495407670736313	0.06023794412612915	0.014316461980342865	0.02286946028470993	0.008695651777088642	0.1714627593755722	1.622538547962904e-09	0.010177051648497581	0.012431896291673183	1.622538547962904e-09	5.000001692678779e-07	9.999999974752427e-07	0.0066950395703315735	0.007796458899974823	-1.3278622645884752e-08	0.030927835032343864	-1.3278622645884752e-08	0.007485583424568176	-1.3278622645884752e-08	0.02777777798473835	-1.3278622645884752e-08	9.999999974752427e-07	0.008695651777088642	0.36692193150520325	0.04854368790984154	5.000001692678779e-07	0.19233904778957367	1.622538547962904e-09	0.021178647875785828	0.019078664481639862	0.26595744490623474	9.999999974752427e-07	0.0752153992652893	0.29844406247138977	0.01907867193222046	9.999999974752427e-07	0.010416666977107525	0.19233904778957367	0.010324249044060707	0.00762438029050827	1.622538547962904e-09	1.622538547962904e-09	1.622538547962904e-09	9.999999974752427e-07	0.19233904778957367	0.19233907759189606	1.622538547962904e-09	0.026356376707553864	0.1634756475687027	0.04025731980800629	1.622538547962904e-09	1.622538547962904e-09	0.19233907759189606	1.622538547962904e-09	0.015332043170928955	0.0117647061124444	0.24910283088684082	0.017785076051950455	-1.3278622645884752e-08	0.24910280108451843	1.622538547962904e-09	9.999999974752427e-07	1.622538547962904e-09	0.1170303225517273	0.015458554029464722	0.0752154290676117	-1.3278622645884752e-08	0.00909090880304575	-1.3278622645884752e-08	0.009573204442858696	0.021178659051656723	0.0752154216170311	0.018691588193178177	0.015458546578884125	5.000001692678779e-07	0.005539223551750183	1.622538547962904e-09	0.017785076051950455	9.999999974752427e-07	0.028220444917678833	1.5000005078036338e-06	1.622538547962904e-09	9.999999974752427e-07	9.999999974752427e-07	-1.3278622645884752e-08	9.999999974752427e-07	0.16347560286521912	1.622538547962904e-09	0.14051920175552368	0.16347560286521912	0.24910283088684082	0.19233904778957367	0.011078432202339172	0.010101010091602802	0.009573204442858696	0.009177438914775848	0.1405191868543625	0.008695651777088642	1.622538547962904e-09	0.222222238779068	0.11703035235404968	0.04181492328643799	0.011904762126505375	0.009177438914775848	0.010869565419852734	0.14051923155784607	-1.3278622645884752e-08	0.005539223551750183	0.026356376707553864	1.622538547962904e-09	5.000001692678779e-07	0.009999999776482582	0.019078662618994713	1.622538547962904e-09	0.010324249044060707	9.999999974752427e-07	9.999999974752427e-07	1.622538547962904e-09	9.999999974752427e-07	9.999999974752427e-07	1.622538547962904e-09	9.999999974752427e-07	0.012001212686300278	0.43699365854263306	0.05826278030872345	9.999999974752427e-07	0.2679571509361267	9.999999974752427e-07	0.049002572894096375	1.622538547962904e-09	0.3783048391342163	0.009493403136730194	0.06596280634403229	0.3783048689365387	1.622538547962904e-09	9.999999974752427e-07	0.01123595517128706	0.26795709133148193	-2.4010660126805305e-10	1.622538547962904e-09	-1.3278622645884752e-08	1.622538547962904e-09	1.622538547962904e-09	6.666664376098197e-07	0.25453200936317444	0.26795709133148193	0.010989011265337467	1.3333333299669903e-06	0.2075660675764084	0.049002569168806076	1.622538547962904e-09	0.005720056593418121	0.26795709133148193	1.622538547962904e-09	0.015754282474517822	0.010256931185722351	0.3783048391342163	0.016017921268939972	-2.4010660126805305e-10	0.3783048391342163	0.01991109922528267	9.999999974752427e-07	1.622538547962904e-09	0.15682578086853027	0.013005435466766357	0.11561177670955658	0.01815195381641388	6.666664376098197e-07	0.01815195381641388	0.010526316240429878	0.04900252819061279	0.06741572916507721	0.03269492834806442	0.018725495785474777	0.00909090880304575	-2.4010660126805305e-10	1.622538547962904e-09	0.00917431153357029	0.009686281904578209	0.009686283767223358	0.025567827746272087	9.999999974752427e-07	0.043478261679410934	0.015754278749227524	-2.4010660126805305e-10	0.009493403136730194	0.20756608247756958	9.999999974752427e-07	0.1568257361650467	0.20756608247756958	0.3783048689365387	0.26795709133148193	0.030948001891374588	0.025567827746272087	9.999999974752427e-07	9.999999974752427e-07	0.17497773468494415	0.009708737954497337	0.00909090880304575	0.3183199465274811	0.1568257361650467	0.041213929653167725	0.04972796142101288	0.010204081423580647	0.007700018584728241	0.19181177020072937	9.999999974752427e-07	0.011036906391382217	0.022488445043563843	0.016806723549962044	9.999999974752427e-07	0.009615384973585606	1.622538547962904e-09	1.622538547962904e-09	-2.4010660126805305e-10	1.622538547962904e-09	9.999999974752427e-07	1.622538547962904e-09	0.009803921915590763	1.622538547962904e-09	1.622538547962904e-09	-1.3278622645884752e-08	9.999999974752427e-07	0.35452133417129517	0.02059110254049301	0.010625112801790237	0.2112307846546173	0.02664196863770485	0.006121918559074402	9.999999974752427e-07	0.3018167018890381	0.006626579910516739	0.02059112675487995	0.3018167018890381	0.01864650845527649	-1.3278622645884752e-08	1.622538547962904e-09	0.16690455377101898	0.015181045979261398	9.999999974752427e-07	1.622538547962904e-09	1.622538547962904e-09	0.010238776914775372	1.622538547962904e-09	0.14026254415512085	0.2112308144569397	-1.3278622645884752e-08	1.622538547962904e-09	0.14026251435279846	0.02476842701435089	1.622538547962904e-09	1.622538547962904e-09	0.2112308144569397	-1.3278622645884752e-08	0.011363636702299118	6.912159733474255e-10	0.23242250084877014	-1.3278622645884752e-08	0.006100684404373169	0.29567742347717285	-1.3278622645884752e-08	-1.3278622645884752e-08	1.622538547962904e-09	0.09294699132442474	1.622538547962904e-09	0.06100180745124817	0.01366463303565979	1.622538547962904e-09	0.007563948631286621	0.011995955370366573	0.0061219483613967896	0.030612245202064514	0.00662657618522644	9.073119144886732e-09	-2.4010660126805305e-10	-1.3278622645884752e-08	-1.3278622645884752e-08	-1.3278622645884752e-08	9.999999974752427e-07	0.027936086058616638	0.010625114664435387	0.027522936463356018	0.007871776819229126	9.999999974752427e-07	1.622538547962904e-09	0.006626579910516739	0.14026251435279846	0.010101010091602802	0.09294700622558594	0.14026251435279846	0.29567742347717285	0.21123088896274567	-1.3278622645884752e-08	0.013964534737169743	0.011995954439043999	0.0061219483613967896	0.10661163181066513	1.622538547962904e-09	0.02664196863770485	0.21910256147384644	0.061001840978860855	1.622538547962904e-09	0.013319892808794975	0.0061219558119773865	1.622538547962904e-09	0.10661162436008453	9.999999974752427e-07	-1.3278622645884752e-08	1.622538547962904e-09	1.622538547962904e-09	-2.4010660126805305e-10	1.622538547962904e-09	9.999999974752427e-07	1.622538547962904e-09	0.015181045979261398	1.622538547962904e-09	6.912159733474255e-10	0.010238775983452797	0.007871776819229126	0.006139293313026428	1.622538547962904e-09	1.622538547962904e-09	1.622538547962904e-09	0.36081433296203613	0.07295437157154083	0.008505983278155327	0.2816368341445923	0.009365733712911606	0.026101604104042053	-1.3278622645884752e-08	0.309752881526947	8.000001798791345e-07	0.07295437157154083	0.309752881526947	-1.3278622645884752e-08	2.255546860396862e-10	-5.828042048960924e-09	0.22092559933662415	0.024959862232208252	-1.3278622645884752e-08	1.622538547962904e-09	1.622538547962904e-09	-1.3278622645884752e-08	9.999999974752427e-07	0.21155986189842224	0.22092561423778534	2.255546860396862e-10	0.00917431153357029	0.1840570569038391	0.02610158920288086	1.622538547962904e-09	-5.828042048960924e-09	0.22092561423778534	1.622538547962904e-09	-1.3278622645884752e-08	0.008564595133066177	0.2986621558666229	1.622538547962904e-09	9.999999974752427e-07	0.2986621558666229	2.255546860396862e-10	2.255546860396862e-10	1.622538547962904e-09	0.1273503601551056	-5.828042048960924e-09	0.08163265138864517	0.015164867043495178	0.008196720853447914	9.999999974752427e-07	-2.4010660126805305e-10	0.02610161155462265	0.07547169923782349	1.3999997463542968e-06	0.015599853359162807	0.01042632944881916	0.009330729022622108	0.018172089010477066	1.622538547962904e-09	1.622538547962904e-09	0.024959862232208252	0.028257330879569054	9.999999974752427e-07	0.008460648357868195	-1.3278622645884752e-08	9.999999974752427e-07	8.000001798791345e-07	0.14251530170440674	0.009365729987621307	0.1273503601551056	0.14251530170440674	0.29866212606430054	0.2816368341445923	0.009330730885267258	0.05747126415371895	-2.4010660126805305e-10	9.999999974752427e-07	0.1425151824951172	6.000000212225132e-07	0.009365737438201904	0.29009753465652466	0.1273503601551056	0.04308461770415306	-2.4010660126805305e-10	0.009282222017645836	1.622538547962904e-09	0.14251524209976196	9.999999974752427e-07	2.255546860396862e-10	0.027484744787216187	0.017241379246115685	0.009325018152594566	-5.828042048960924e-09	-1.3278622645884752e-08	0.015599831938743591	0.024959854781627655	-2.4010660126805305e-10	9.999999974752427e-07	-1.3278622645884752e-08	0.008460648357868195	0.011090744286775589	1.622538547962904e-09	1.622538547962904e-09	0.016819389536976814
66	-15547.466796875	-1	9	57	76	75	26	89	10	62	48	0	26	84	41	29	91	66	5	0	11	24	14	68	37	85	21	0	0	50	22	3	66	33	67	21	43	7	69	12	0	65	50	77	73	24	43	79	5	42	1	78	57	69	21	34	56	0	70	42	76	31	43	49	25	4	73	63	36	3	21	1	46	80	82	49	14	33	40	77	33	47	9	66	48	69	78	85	57	13	11	50	56	7	32	19	59	7	0	66	47	0.5437126159667969	0.08644906431436539	0.010285336524248123	0.4145510196685791	0.012830331921577454	0.010498285293579102	0.010526316240429878	0.4251324534416199	9.999999974752427e-07	0.08644905686378479	0.44155392050743103	0.0655471682548523	9.999999974752427e-07	9.999999974752427e-07	0.40957462787628174	9.999999974752427e-07	0.005317971110343933	1.622538547962904e-09	1.622538547962904e-09	9.999999974752427e-07	0.02298850566148758	0.39674437046051025	0.4095746874809265	9.999999974752427e-07	0.03314200043678284	0.2897196114063263	0.0760454460978508	1.622538547962904e-09	9.999999974752427e-07	0.4095746576786041	0.0049764662981033325	1.622538547962904e-09	1.622538547962904e-09	0.4145510792732239	0.03333333507180214	-1.3278622645884752e-08	0.4251324236392975	9.999999974752427e-07	9.999999974752427e-07	1.622538547962904e-09	0.22580645978450775	0.012048192322254181	0.1361638456583023	-1.3278622645884752e-08	9.999999974752427e-07	-1.3278622645884752e-08	1.622538547962904e-09	0.010498294606804848	0.1361638605594635	0.030567780137062073	0.02411612868309021	1.622538547962904e-09	0.008196720853447914	0.010869565419852734	9.999999974752427e-07	0.010526316240429878	0.026113338768482208	0.019338728860020638	-2.4010660126805305e-10	-1.3278622645884752e-08	1.622538547962904e-09	-1.3278622645884752e-08	0.030567795038223267	0.2705919146537781	9.999999974752427e-07	0.26527392864227295	0.2705919146537781	0.4251324236392975	0.4095746576786041	0.030927833169698715	0.05588129162788391	1.622538547962904e-09	0.010498292744159698	0.26527389883995056	-1.3278622645884752e-08	0.012830331921577454	0.4145510792732239	0.22250455617904663	0.08634074777364731	1.622538547962904e-09	0.010498294606804848	1.622538547962904e-09	0.26527392864227295	0.036036036908626556	0.009900989942252636	0.062224678695201874	0.029082641005516052	0.009053405374288559	9.999999974752427e-07	0.012195121496915817	9.999999974752427e-07	0.008547008968889713	-1.3278622645884752e-08	1.622538547962904e-09	9.999999974752427e-07	-1.3278622645884752e-08	-1.3278622645884752e-08	1.622538547962904e-09	1.622538547962904e-09	1.622538547962904e-09	0.4231007397174835	0.04496558755636215	0.010405869223177433	0.2722354531288147	0.010044899769127369	0.021052632480859756	9.999999974752427e-07	0.31625208258628845	0.018691588193178177	0.05226296931505203	0.31625211238861084	0.01785714365541935	0.010989011265337467	1.622538547962904e-09	0.2722354829311371	9.999999974752427e-07	1.622538547962904e-09	0.019417475908994675	1.622538547962904e-09	9.999999974752427e-07	6.666664376098197e-07	0.2291666716337204	0.2722354531288147	9.999999974752427e-07	1.3333333299669903e-06	0.18190434575080872	0.09699182957410812	1.622538547962904e-09	0.0078512541949749	0.2722354829311371	1.622538547962904e-09	1.622538547962904e-09	0.010638297535479069	0.31625205278396606	9.999999974752427e-07	-7.275957614183426e-12	0.31625205278396606	0.010526316240429878	0.009009009227156639	1.622538547962904e-09	0.10256187617778778	1.622538547962904e-09	0.0606570690870285	0.008510754443705082	6.666664376098197e-07	-7.275957614183426e-12	9.999999974752427e-07	1.3999997463542968e-06	0.05226297304034233	0.034559715539216995	0.022432174533605576	2.255546860396862e-10	9.999999974752427e-07	9.999999974752427e-07	9.999999974752427e-07	0.008264463394880295	0.009856700897216797	0.010405868291854858	0.008394084870815277	1.622538547962904e-09	1.622538547962904e-09	0.008510754443705082	0.034559715539216995	0.1819043606519699	0.010044899769127369	0.11764705926179886	0.1819043606519699	0.31625205278396606	0.2722354531288147	0.042105261236429214	0.010405870154500008	9.999999974752427e-07	8.000001798791345e-07	0.18190431594848633	1.622538547962904e-09	0.010044898837804794	0.2722354531288147	0.10256189107894897	0.04190482199192047	9.999999974752427e-07	8.000001798791345e-07	0.00729738175868988	0.18190430104732513	1.622538547962904e-09	0.016949152573943138	0.01947261206805706	9.999999974752427e-07	2.255546860396862e-10	1.622538547962904e-09	0.011627906933426857	0.014580924063920975	9.999999974752427e-07	1.622538547962904e-09	9.999999974752427e-07	9.999999974752427e-07	1.622538547962904e-09	1.622538547962904e-09	1.622538547962904e-09	1.622538547962904e-09	6.000000212225132e-07	0.4494662880897522	0.08000115305185318	9.999999974752427e-07	0.3330483138561249	-1.3278622645884752e-08	0.03483249247074127	9.999999974752427e-07	0.386263370513916	0.009220771491527557	0.08756303787231445	0.38626334071159363	0.013322077691555023	-1.3278622645884752e-08	9.999999974752427e-07	0.2947915494441986	9.999999974752427e-07	0.029411764815449715	9.999999974752427e-07	-1.3278622645884752e-08	0.008118398487567902	0.010526316240429878	0.2947915494441986	0.2947915196418762	-1.3278622645884752e-08	0.01075268816202879	0.2947915196418762	0.04815460741519928	-1.3278622645884752e-08	0.02777777798473835	0.2947915494441986	0.019186578691005707	9.999999974752427e-07	0.008000463247299194	0.38626325130462646	-1.3278622645884752e-08	1.622538547962904e-09	0.38626331090927124	-1.3278622645884752e-08	-1.3278622645884752e-08	-1.3278622645884752e-08	0.1528805047273636	9.999999974752427e-07	0.08756301552057266	0.009048528037965298	9.999999974752427e-07	1.622538547962904e-09	0.009130984544754028	0.02860131859779358	0.08756303787231445	0.009220770560204983	0.04123711213469505	9.999999974752427e-07	-1.3278622645884752e-08	-1.3278622645884752e-08	-1.3278622645884752e-08	0.008003763854503632	0.015048369765281677	0.029999999329447746	1.622538547962904e-09	0.00909090880304575	9.999999974752427e-07	0.009048528969287872	0.009220771491527557	0.2947915196418762	-1.3278622645884752e-08	0.15288051962852478	0.2499999850988388	0.38626334071159363	0.31386175751686096	-1.3278622645884752e-08	0.032608695328235626	0.009130991995334625	9.999999974752427e-07	0.16192904114723206	-2.4010660126805305e-10	-1.3278622645884752e-08	0.36913180351257324	0.1528804898262024	0.06531748175621033	0.009130977094173431	0.028601333498954773	0.00756189227104187	0.16814157366752625	1.622538547962904e-09	-1.3278622645884752e-08	0.021052632480859756	0.009900989942252636	0.027272727340459824	9.999999974752427e-07	0.005203664302825928	0.008620689623057842	0.007044591009616852	-1.3278622645884752e-08	0.008000463247299194	0.008118398487567902	9.999999974752427e-07	-1.3278622645884752e-08	-1.3278622645884752e-08	9.999999974752427e-07	1.622538547962904e-09	0.4417252540588379	0.024390242993831635	9.999999974752427e-07	0.30527329444885254	0.010416666977107525	0.01463714987039566	9.999999974752427e-07	0.3760969042778015	9.999999974752427e-07	0.04878048598766327	0.3760969042778015	0.05099131911993027	9.999999974752427e-07	0.008882244117558002	0.30527329444885254	1.622538547962904e-09	1.622538547962904e-09	1.622538547962904e-09	1.622538547962904e-09	0.030414395034313202	0.012048192322254181	0.29318323731422424	0.30527329444885254	9.999999974752427e-07	0.017391303554177284	0.2670987844467163	0.06562843918800354	1.622538547962904e-09	0.010416666977107525	0.3052733242511749	1.622538547962904e-09	1.622538547962904e-09	1.622538547962904e-09	0.30527329444885254	1.622538547962904e-09	0.010526316240429878	0.3760969042778015	9.999999974752427e-07	9.999999974752427e-07	1.622538547962904e-09	0.14387741684913635	0.025641024112701416	0.07431011646986008	0.032608695328235626	9.999999974752427e-07	0.009615384973585606	1.622538547962904e-09	0.014637120068073273	0.07431010156869888	0.010309278033673763	0.04452749714255333	0.009433962404727936	9.999999974752427e-07	1.622538547962904e-09	1.622538547962904e-09	1.622538547962904e-09	1.622538547962904e-09	0.009569531306624413	1.622538547962904e-09	1.622538547962904e-09	1.622538547962904e-09	0.01123595517128706	9.999999974752427e-07	0.2047177106142044	9.999999974752427e-07	0.14387744665145874	0.2047177255153656	0.30527329444885254	0.3052733242511749	0.026084452867507935	0.009569531306624413	1.622538547962904e-09	0.010101010091602802	0.2047177255153656	0.010204081423580647	0.010989011265337467	0.30527326464653015	0.14387741684913635	0.06956726312637329	1.622538547962904e-09	0.01463712751865387	9.999999974752427e-07	0.2047177255153656	0.009803921915590763	9.999999974752427e-07	0.02503982186317444	9.999999974752427e-07	9.999999974752427e-07	0.008882243186235428	0.020576931536197662	9.999999974752427e-07	1.622538547962904e-09	1.622538547962904e-09	1.622538547962904e-09	9.999999974752427e-07	1.622538547962904e-09	1.622538547962904e-09	1.622538547962904e-09	1.622538547962904e-09	1.622538547962904e-09	0.3537144362926483	0.026411600410938263	4.2857209336943924e-07	0.20192474126815796	1.622538547962904e-09	0.027027027681469917	-7.275957614183426e-12	0.28152182698249817	1.622538547962904e-09	0.026411622762680054	0.2815217971801758	0.010256588459014893	9.999999974752427e-07	1.622538547962904e-09	0.20192478597164154	9.999999974752427e-07	1.622538547962904e-09	9.999999974752427e-07	1.622538547962904e-09	0.010256589390337467	1.622538547962904e-09	0.20192481577396393	0.20192478597164154	1.622538547962904e-09	1.622538547962904e-09	0.16246561706066132	0.05873368680477142	1.622538547962904e-09	0.027633339166641235	0.20192477107048035	-1.3278622645884752e-08	1.622538547962904e-09	-1.3278622645884752e-08	0.20192469656467438	0.008206725120544434	9.999999974752427e-07	0.2740027904510498	1.622538547962904e-09	9.999999974752427e-07	1.622538547962904e-09	0.05703481286764145	1.622538547962904e-09	0.02641153335571289	0.03179077059030533	1.622538547962904e-09	9.999999974752427e-07	-1.3278622645884752e-08	0.009401541203260422	0.026411622762680054	0.009916093200445175	0.027633339166641235	4.2857209336943924e-07	1.622538547962904e-09	0.013445660471916199	0.008206725120544434	9.999999974752427e-07	0.013458997011184692	1.2857158253609668e-06	-1.3278622645884752e-08	-1.3278622645884752e-08	1.622538547962904e-09	9.999999974752427e-07	1.622538547962904e-09	0.1624656319618225	1.622538547962904e-09	0.05703481659293175	0.1057061031460762	0.2626262307167053	0.20192475616931915	0.017806872725486755	1.2857121873821598e-06	-1.3278622645884752e-08	9.999999974752427e-07	0.08882559835910797	0.009916089475154877	1.622538547962904e-09	0.20192472636699677	0.05404491350054741	0.027633339166641235	-1.3278622645884752e-08	0.009401543065905571	1.622538547962904e-09	0.1057060956954956	-1.3278622645884752e-08	0.017806880176067352	1.622538547962904e-09	1.622538547962904e-09	4.2857209336943924e-07	1.622538547962904e-09	-7.275957614183426e-12	1.622538547962904e-09	9.999999974752427e-07	1.622538547962904e-09	-1.3278622645884752e-08	9.999999974752427e-07	-1.3278622645884752e-08	0.007519088685512543	1.622538547962904e-09	1.622538547962904e-09	2.255546860396862e-10	0.5330701470375061	0.005072489380836487	5.000001692678779e-07	0.3791336417198181	0.015137091279029846	0.04571791738271713	9.999999974752427e-07	0.4731714725494385	1.622538547962904e-09	0.08930285274982452	0.4731714725494385	0.014180630445480347	0.010177051648497581	9.999999974752427e-07	0.283880352973938	-1.3278622645884752e-08	1.622538547962904e-09	0.009429076686501503	-1.3278622645884752e-08	0.007485575973987579	9.999999974752427e-07	0.26874327659606934	0.3461630940437317	0.011049933731555939	0.012431889772415161	0.21618445217609406	0.05989854037761688	-1.3278622645884752e-08	1.622538547962904e-09	0.2838803231716156	0.030927835032343864	0.044721610844135284	-1.3278622645884752e-08	0.3934500813484192	1.622538547962904e-09	-1.3278622645884752e-08	0.3934501111507416	0.011049933731555939	0.010177051648497581	-1.3278622645884752e-08	0.16346153616905212	0.04000958055257797	0.08930287510156631	-1.3278622645884752e-08	0.010416666977107525	-1.3278622645884752e-08	0.014316469430923462	0.03628883510828018	0.08930285274982452	1.622538547962904e-09	0.0478060245513916	5.000001692678779e-07	0.028037382289767265	1.622538547962904e-09	1.622538547962904e-09	-1.3278622645884752e-08	-1.3278622645884752e-08	1.5000005078036338e-06	1.622538547962904e-09	-1.3278622645884752e-08	9.999999974752427e-07	-1.3278622645884752e-08	1.622538547962904e-09	0.21618446707725525	0.015137091279029846	0.17146271467208862	0.21618443727493286	0.3934501111507416	0.3461630940437317	0.05255885422229767	0.005072489380836487	9.999999974752427e-07	0.02286946028470993	0.17146272957324982	1.622538547962904e-09	0.015137098729610443	0.3791336119174957	0.1495407670736313	0.06023794412612915	0.014316476881504059	0.02286946028470993	0.008695651777088642	0.1714627742767334	1.622538547962904e-09	0.010177051648497581	0.012431896291673183	1.622538547962904e-09	5.000001692678779e-07	9.999999974752427e-07	0.0066950321197509766	0.007796458899974823	-1.3278622645884752e-08	0.030927835032343864	-1.3278622645884752e-08	0.007485579699277878	-1.3278622645884752e-08	0.02777777798473835	-1.3278622645884752e-08	1.622538547962904e-09	0.008695651777088642	0.3669218420982361	0.04854368790984154	5.000001692678779e-07	0.19233906269073486	1.622538547962904e-09	0.021178677678108215	0.019078675657510757	0.26595744490623474	9.999999974752427e-07	0.0752153992652893	0.29844409227371216	0.01907867193222046	9.999999974752427e-07	0.010416666977107525	0.19233903288841248	0.010324249044060707	0.007624365389347076	1.622538547962904e-09	1.622538547962904e-09	1.622538547962904e-09	9.999999974752427e-07	0.19233903288841248	0.19233907759189606	1.622538547962904e-09	0.026356376707553864	0.1634756624698639	0.04025733470916748	1.622538547962904e-09	1.622538547962904e-09	0.19233903288841248	1.622538547962904e-09	0.015332028269767761	0.0117647061124444	0.24910280108451843	0.017785057425498962	-1.3278622645884752e-08	0.24910281598567963	1.622538547962904e-09	9.999999974752427e-07	1.622538547962904e-09	0.1170303225517273	0.015458554029464722	0.0752154290676117	-1.3278622645884752e-08	0.00909090880304575	-1.3278622645884752e-08	0.009573204442858696	0.02117866650223732	0.0752154216170311	0.018691588193178177	0.015458546578884125	5.000001692678779e-07	0.005539208650588989	1.622538547962904e-09	0.01778505928814411	9.999999974752427e-07	0.028220489621162415	1.5000005078036338e-06	1.622538547962904e-09	9.999999974752427e-07	9.999999974752427e-07	-1.3278622645884752e-08	9.999999974752427e-07	0.16347555816173553	1.622538547962904e-09	0.14051920175552368	0.16347554326057434	0.24910278618335724	0.19233904778957367	0.01107841357588768	0.010101010091602802	0.009573204442858696	0.009177442640066147	0.1405191868543625	0.008695651777088642	1.622538547962904e-09	0.2222222238779068	0.11703035235404968	0.04181492328643799	0.011904762126505375	0.009177440777420998	0.010869565419852734	0.14051923155784607	-1.3278622645884752e-08	0.005539208650588989	0.026356376707553864	1.622538547962904e-09	5.000001692678779e-07	0.009999999776482582	0.019078673794865608	1.622538547962904e-09	0.010324249044060707	9.999999974752427e-07	9.999999974752427e-07	1.622538547962904e-09	9.999999974752427e-07	9.999999974752427e-07	1.622538547962904e-09	1.622538547962904e-09	0.012001220136880875	0.43699362874031067	0.05826278030872345	9.999999974752427e-07	0.2679571509361267	9.999999974752427e-07	0.04900255799293518	1.622538547962904e-09	0.3783048987388611	0.009493403136730194	0.06596280634403229	0.3783048987388611	1.622538547962904e-09	9.999999974752427e-07	0.01123595517128706	0.2679571211338043	-2.4010660126805305e-10	1.622538547962904e-09	-1.3278622645884752e-08	1.622538547962904e-09	1.622538547962904e-09	6.666664376098197e-07	0.25453197956085205	0.2679571211338043	0.010989011265337467	1.3333333299669903e-06	0.2075660675764084	0.049002569168806076	1.622538547962904e-09	0.005720056593418121	0.2679571211338043	1.622538547962904e-09	0.01575428992509842	0.010256917215883732	0.3783048391342163	0.01601792871952057	-2.4010660126805305e-10	0.3783048093318939	0.019911104813218117	9.999999974752427e-07	1.622538547962904e-09	0.1568257212638855	0.013005435466766357	0.11561180651187897	0.01815195381641388	6.666664376098197e-07	0.01815195381641388	0.010526316240429878	0.04900252819061279	0.06741572916507721	0.03269492834806442	0.018725495785474777	0.00909090880304575	-2.4010660126805305e-10	1.622538547962904e-09	0.00917431153357029	0.009686263278126717	0.009686261415481567	0.025567827746272087	9.999999974752427e-07	0.043478261679410934	0.01575428806245327	-2.4010660126805305e-10	0.009493403136730194	0.207566037774086	9.999999974752427e-07	0.15682576596736908	0.2075660526752472	0.3783048093318939	0.26795709133148193	0.030948013067245483	0.025567827746272087	9.999999974752427e-07	9.999999974752427e-07	0.17497771978378296	0.009708737954497337	0.00909090880304575	0.3183199465274811	0.1568257361650467	0.04121395945549011	0.049727946519851685	0.010204081423580647	0.007700018584728241	0.19181180000305176	9.999999974752427e-07	0.011036908254027367	0.022488445043563843	0.016806723549962044	9.999999974752427e-07	0.009615384973585606	1.622538547962904e-09	1.622538547962904e-09	-2.4010660126805305e-10	1.622538547962904e-09	9.999999974752427e-07	1.622538547962904e-09	0.009803921915590763	1.622538547962904e-09	1.622538547962904e-09	1.622538547962904e-09	9.999999974752427e-07	0.3545213043689728	0.02059110254049301	0.010625112801790237	0.21123084425926208	0.02664199471473694	0.0061219222843647	9.999999974752427e-07	0.3018166422843933	0.006626579910516739	0.02059112675487995	0.3018166720867157	0.01864650845527649	-1.3278622645884752e-08	1.622538547962904e-09	0.1669045239686966	0.015181045979261398	9.999999974752427e-07	1.622538547962904e-09	1.622538547962904e-09	0.010238776914775372	1.622538547962904e-09	0.14026254415512085	0.2112308144569397	-1.3278622645884752e-08	1.622538547962904e-09	0.14026251435279846	0.024768419563770294	1.622538547962904e-09	1.622538547962904e-09	0.2112308144569397	-1.3278622645884752e-08	0.011363636702299118	6.912159733474255e-10	0.23242251574993134	-1.3278622645884752e-08	0.006100691854953766	0.29567739367485046	-1.3278622645884752e-08	-1.3278622645884752e-08	1.622538547962904e-09	0.09294700622558594	1.622538547962904e-09	0.06100180745124817	0.01366463303565979	1.622538547962904e-09	0.007563948631286621	0.011995955370366573	0.0061219483613967896	0.030612245202064514	0.00662657618522644	9.073119144886732e-09	-2.4010660126805305e-10	-1.3278622645884752e-08	-1.3278622645884752e-08	-1.3278622645884752e-08	9.999999974752427e-07	0.027936100959777832	0.010625114664435387	0.027522936463356018	0.007871739566326141	9.999999974752427e-07	1.622538547962904e-09	0.006626579910516739	0.14026251435279846	0.010101010091602802	0.09294699132442474	0.14026251435279846	0.29567742347717285	0.21123076975345612	-1.3278622645884752e-08	0.013964534737169743	0.011995954439043999	0.0061219483613967896	0.10661163181066513	1.622538547962904e-09	0.02664199471473694	0.2191026210784912	0.061001840978860855	1.622538547962904e-09	0.013319892808794975	0.0061219483613967896	1.622538547962904e-09	0.10661161690950394	9.999999974752427e-07	-1.3278622645884752e-08	1.622538547962904e-09	1.622538547962904e-09	-2.4010660126805305e-10	1.622538547962904e-09	9.999999974752427e-07	1.622538547962904e-09	0.015181045979261398	1.622538547962904e-09	6.912159733474255e-10	0.010238775983452797	0.007871739566326141	0.006139293313026428	1.622538547962904e-09	9.999999974752427e-07	1.622538547962904e-09	0.36081427335739136	0.07295437157154083	0.008505983278155327	0.2816368341445923	0.009365733712911606	0.02610158920288086	-1.3278622645884752e-08	0.30975285172462463	8.000001798791345e-07	0.07295437157154083	0.309752881526947	-1.3278622645884752e-08	2.255546860396862e-10	-5.828042048960924e-09	0.22092559933662415	0.024959862232208252	-1.3278622645884752e-08	1.622538547962904e-09	1.622538547962904e-09	-1.3278622645884752e-08	9.999999974752427e-07	0.21155987679958344	0.22092558443546295	2.255546860396862e-10	0.00917431153357029	0.1840570569038391	0.02610163390636444	1.622538547962904e-09	-5.828042048960924e-09	0.22092558443546295	1.622538547962904e-09	-1.3278622645884752e-08	0.008564602583646774	0.29866212606430054	1.622538547962904e-09	9.999999974752427e-07	0.29866209626197815	2.255546860396862e-10	2.255546860396862e-10	1.622538547962904e-09	0.12735037505626678	-5.828042048960924e-09	0.08163265138864517	0.01516491174697876	0.008196720853447914	9.999999974752427e-07	-2.4010660126805305e-10	0.026101604104042053	0.07547169923782349	1.3999997463542968e-06	0.015599853359162807	0.01042632944881916	0.009330730885267258	0.018172096461057663	1.622538547962904e-09	1.622538547962904e-09	0.024959862232208252	0.028257330879569054	9.999999974752427e-07	0.008460648357868195	-1.3278622645884752e-08	9.999999974752427e-07	8.000001798791345e-07	0.14251524209976196	0.009365737438201904	0.12735037505626678	0.14251528680324554	0.29866212606430054	0.2816368341445923	0.009330730885267258	0.05747126415371895	-2.4010660126805305e-10	9.999999974752427e-07	0.1425151824951172	6.000000212225132e-07	0.009365744888782501	0.29009753465652466	0.12735037505626678	0.04308461770415306	-2.4010660126805305e-10	0.009282218292355537	1.622538547962904e-09	0.14251525700092316	9.999999974752427e-07	2.255546860396862e-10	0.027484744787216187	0.017241379246115685	0.009325018152594566	-5.828042048960924e-09	-1.3278622645884752e-08	0.015599831938743591	0.02495986968278885	-2.4010660126805305e-10	9.999999974752427e-07	-1.3278622645884752e-08	0.008460644632577896	0.01109074242413044	1.622538547962904e-09	-1.3278622645884752e-08	0.016819382086396217
67	-15547.466796875	-1	9	57	76	75	26	89	10	62	48	0	26	84	41	29	91	66	5	0	11	24	14	68	37	85	21	0	0	50	22	3	66	33	67	21	43	7	69	12	0	65	50	77	73	24	43	79	5	42	1	78	57	69	21	34	56	0	70	42	76	31	43	49	25	4	73	63	36	3	21	1	46	80	82	49	14	33	40	77	33	47	9	66	48	69	78	85	57	13	11	50	56	7	32	19	59	7	0	67	47	0.5437127947807312	0.08644906431436539	0.010285336524248123	0.4145510792732239	0.012830331921577454	0.010498285293579102	0.010526316240429878	0.4251323938369751	9.999999974752427e-07	0.08644905686378479	0.44155386090278625	0.06554710865020752	9.999999974752427e-07	9.999999974752427e-07	0.4095746874809265	9.999999974752427e-07	0.005317971110343933	1.622538547962904e-09	1.622538547962904e-09	9.999999974752427e-07	0.02298850566148758	0.39674437046051025	0.4095746576786041	9.999999974752427e-07	0.03314200043678284	0.2897196114063263	0.07604538649320602	1.622538547962904e-09	9.999999974752427e-07	0.4095746576786041	0.0049764662981033325	1.622538547962904e-09	1.622538547962904e-09	0.4145510196685791	0.03333333507180214	-1.3278622645884752e-08	0.42513248324394226	9.999999974752427e-07	9.999999974752427e-07	1.622538547962904e-09	0.22580645978450775	0.012048192322254181	0.1361638456583023	-1.3278622645884752e-08	9.999999974752427e-07	-1.3278622645884752e-08	1.622538547962904e-09	0.010498279705643654	0.1361638605594635	0.030567780137062073	0.02411612868309021	1.622538547962904e-09	0.008196720853447914	0.010869565419852734	9.999999974752427e-07	0.010526316240429878	0.026113219559192657	0.019338728860020638	-2.4010660126805305e-10	-1.3278622645884752e-08	1.622538547962904e-09	-1.3278622645884752e-08	0.030567795038223267	0.2705919146537781	9.999999974752427e-07	0.26527389883995056	0.2705919146537781	0.4251324534416199	0.40957462787628174	0.030927833169698715	0.05588129162788391	1.622538547962904e-09	0.010498277842998505	0.2652738690376282	-1.3278622645884752e-08	0.012830331921577454	0.4145510792732239	0.22250455617904663	0.08634074777364731	1.622538547962904e-09	0.010498279705643654	1.622538547962904e-09	0.26527389883995056	0.036036036908626556	0.009900989942252636	0.062224678695201874	0.029082641005516052	0.009053405374288559	9.999999974752427e-07	0.012195121496915817	9.999999974752427e-07	0.008547008968889713	-1.3278622645884752e-08	1.622538547962904e-09	9.999999974752427e-07	-1.3278622645884752e-08	-1.3278622645884752e-08	1.622538547962904e-09	9.999999974752427e-07	1.622538547962904e-09	0.42310065031051636	0.04496558755636215	0.010405869223177433	0.2722354531288147	0.010044899769127369	0.021052632480859756	9.999999974752427e-07	0.31625205278396606	0.018691588193178177	0.05226296931505203	0.31625208258628845	0.01785714365541935	0.010989011265337467	1.622538547962904e-09	0.2722354531288147	9.999999974752427e-07	1.622538547962904e-09	0.019417475908994675	1.622538547962904e-09	9.999999974752427e-07	6.666664376098197e-07	0.2291666716337204	0.2722354531288147	9.999999974752427e-07	1.3333333299669903e-06	0.1819043606519699	0.09699184447526932	1.622538547962904e-09	0.0078512541949749	0.2722354531288147	1.622538547962904e-09	1.622538547962904e-09	0.010638297535479069	0.31625211238861084	9.999999974752427e-07	-7.275957614183426e-12	0.31625205278396606	0.010526316240429878	0.009009009227156639	1.622538547962904e-09	0.10256187617778778	1.622538547962904e-09	0.0606570690870285	0.008510754443705082	6.666664376098197e-07	-7.275957614183426e-12	9.999999974752427e-07	1.3999997463542968e-06	0.05226297304034233	0.034559715539216995	0.022432174533605576	2.255546860396862e-10	9.999999974752427e-07	9.999999974752427e-07	9.999999974752427e-07	0.008264463394880295	0.00985671579837799	0.010405868291854858	0.008394084870815277	1.622538547962904e-09	1.622538547962904e-09	0.008510754443705082	0.034559715539216995	0.18190431594848633	0.010044899769127369	0.11764705926179886	0.18190434575080872	0.31625205278396606	0.2722354531288147	0.042105261236429214	0.010405870154500008	9.999999974752427e-07	8.000001798791345e-07	0.18190434575080872	1.622538547962904e-09	0.010044898837804794	0.2722354531288147	0.10256189107894897	0.04190482199192047	9.999999974752427e-07	8.000001798791345e-07	0.00729738175868988	0.18190434575080872	1.622538547962904e-09	0.016949152573943138	0.01947261206805706	9.999999974752427e-07	2.255546860396862e-10	1.622538547962904e-09	0.011627906933426857	0.014580924063920975	9.999999974752427e-07	1.622538547962904e-09	9.999999974752427e-07	9.999999974752427e-07	1.622538547962904e-09	1.622538547962904e-09	1.622538547962904e-09	1.622538547962904e-09	6.000000212225132e-07	0.449466347694397	0.08000115305185318	9.999999974752427e-07	0.3330483138561249	-1.3278622645884752e-08	0.03483244776725769	9.999999974752427e-07	0.386263370513916	0.009220771491527557	0.08756303787231445	0.386263370513916	0.013322046026587486	-1.3278622645884752e-08	9.999999974752427e-07	0.2947915494441986	9.999999974752427e-07	0.029411764815449715	9.999999974752427e-07	-1.3278622645884752e-08	0.008118391036987305	0.010526316240429878	0.2947915494441986	0.2947915196418762	-1.3278622645884752e-08	0.01075268816202879	0.2947915196418762	0.04815457761287689	-1.3278622645884752e-08	0.02777777798473835	0.2947915494441986	0.019186578691005707	9.999999974752427e-07	0.008000478148460388	0.3862631618976593	-1.3278622645884752e-08	1.622538547962904e-09	0.38626334071159363	-1.3278622645884752e-08	-1.3278622645884752e-08	-1.3278622645884752e-08	0.1528805047273636	9.999999974752427e-07	0.08756301552057266	0.009048528037965298	9.999999974752427e-07	1.622538547962904e-09	0.009130999445915222	0.02860131859779358	0.08756303787231445	0.009220770560204983	0.04123711213469505	9.999999974752427e-07	-1.3278622645884752e-08	-1.3278622645884752e-08	-1.3278622645884752e-08	0.008003734052181244	0.015048310160636902	0.029999999329447746	1.622538547962904e-09	0.00909090880304575	9.999999974752427e-07	0.009048528969287872	0.009220771491527557	0.2947915196418762	-1.3278622645884752e-08	0.15288051962852478	0.2499999850988388	0.38626325130462646	0.31386175751686096	-1.3278622645884752e-08	0.032608695328235626	0.009130991995334625	9.999999974752427e-07	0.16192904114723206	-2.4010660126805305e-10	-1.3278622645884752e-08	0.36913174390792847	0.1528804898262024	0.06531748175621033	0.009130991995334625	0.028601333498954773	0.00756189227104187	0.16814157366752625	1.622538547962904e-09	-1.3278622645884752e-08	0.021052632480859756	0.009900989942252636	0.027272727340459824	9.999999974752427e-07	0.005203649401664734	0.008620689623057842	0.007044561207294464	-1.3278622645884752e-08	0.008000478148460388	0.008118391036987305	9.999999974752427e-07	-1.3278622645884752e-08	-1.3278622645884752e-08	-1.3278622645884752e-08	1.622538547962904e-09	0.4417252242565155	0.024390242993831635	9.999999974752427e-07	0.30527329444885254	0.010416666977107525	0.014637134969234467	9.999999974752427e-07	0.3760969042778015	9.999999974752427e-07	0.04878048598766327	0.3760969042778015	0.05099133402109146	9.999999974752427e-07	0.008882244117558002	0.30527329444885254	1.622538547962904e-09	1.622538547962904e-09	1.622538547962904e-09	1.622538547962904e-09	0.030414395034313202	0.012048192322254181	0.29318323731422424	0.3052733242511749	9.999999974752427e-07	0.017391303554177284	0.2670987844467163	0.06562843918800354	1.622538547962904e-09	0.010416666977107525	0.3052733242511749	1.622538547962904e-09	1.622538547962904e-09	1.622538547962904e-09	0.30527329444885254	1.622538547962904e-09	0.010526316240429878	0.3760969042778015	9.999999974752427e-07	9.999999974752427e-07	1.622538547962904e-09	0.14387741684913635	0.025641024112701416	0.07431011646986008	0.032608695328235626	9.999999974752427e-07	0.009615384973585606	1.622538547962904e-09	0.014637134969234467	0.07431010156869888	0.010309278033673763	0.04452749714255333	0.009433962404727936	9.999999974752427e-07	1.622538547962904e-09	1.622538547962904e-09	1.622538547962904e-09	1.622538547962904e-09	0.009569531306624413	1.622538547962904e-09	1.622538547962904e-09	1.622538547962904e-09	0.01123595517128706	9.999999974752427e-07	0.20471768081188202	9.999999974752427e-07	0.14387744665145874	0.2047176957130432	0.30527329444885254	0.3052733242511749	0.026084452867507935	0.009569531306624413	1.622538547962904e-09	0.010101010091602802	0.204717755317688	0.010204081423580647	0.010989011265337467	0.30527329444885254	0.14387741684913635	0.06956726312637329	1.622538547962904e-09	0.01463712751865387	9.999999974752427e-07	0.20471777021884918	0.009803921915590763	9.999999974752427e-07	0.02503982186317444	9.999999974752427e-07	9.999999974752427e-07	0.008882243186235428	0.020576931536197662	9.999999974752427e-07	1.622538547962904e-09	1.622538547962904e-09	1.622538547962904e-09	9.999999974752427e-07	1.622538547962904e-09	1.622538547962904e-09	1.622538547962904e-09	1.622538547962904e-09	1.622538547962904e-09	0.3537144660949707	0.026411600410938263	4.2857209336943924e-07	0.20192477107048035	1.622538547962904e-09	0.027027027681469917	-7.275957614183426e-12	0.2815217971801758	1.622538547962904e-09	0.026411622762680054	0.2815217971801758	0.010256588459014893	9.999999974752427e-07	1.622538547962904e-09	0.20192477107048035	9.999999974752427e-07	1.622538547962904e-09	9.999999974752427e-07	1.622538547962904e-09	0.010256589390337467	1.622538547962904e-09	0.20192474126815796	0.20192478597164154	1.622538547962904e-09	1.622538547962904e-09	0.16246558725833893	0.05873364210128784	1.622538547962904e-09	0.027633339166641235	0.20192477107048035	-1.3278622645884752e-08	1.622538547962904e-09	-1.3278622645884752e-08	0.20192483067512512	0.008206691592931747	9.999999974752427e-07	0.2740027606487274	1.622538547962904e-09	9.999999974752427e-07	1.622538547962904e-09	0.05703481286764145	1.622538547962904e-09	0.02641153335571289	0.03179077059030533	1.622538547962904e-09	9.999999974752427e-07	-1.3278622645884752e-08	0.009401541203260422	0.026411622762680054	0.009916093200445175	0.027633339166641235	4.2857209336943924e-07	1.622538547962904e-09	0.013445600867271423	0.008206691592931747	9.999999974752427e-07	0.01345895230770111	1.2857158253609668e-06	-1.3278622645884752e-08	-1.3278622645884752e-08	1.622538547962904e-09	9.999999974752427e-07	1.622538547962904e-09	0.16246557235717773	1.622538547962904e-09	0.05703481659293175	0.10570608824491501	0.2626262307167053	0.20192477107048035	0.01780684106051922	1.2857121873821598e-06	-1.3278622645884752e-08	9.999999974752427e-07	0.08882559835910797	0.009916089475154877	1.622538547962904e-09	0.20192478597164154	0.05404491350054741	0.027633339166641235	-1.3278622645884752e-08	0.009401543065905571	1.622538547962904e-09	0.1057060956954956	-1.3278622645884752e-08	0.017806850373744965	1.622538547962904e-09	1.622538547962904e-09	4.2857209336943924e-07	1.622538547962904e-09	-7.275957614183426e-12	1.622538547962904e-09	9.999999974752427e-07	1.622538547962904e-09	-1.3278622645884752e-08	9.999999974752427e-07	-1.3278622645884752e-08	0.007519066333770752	1.622538547962904e-09	9.999999974752427e-07	2.255546860396862e-10	0.5330701470375061	0.005072489380836487	5.000001692678779e-07	0.3791336119174957	0.015137098729610443	0.04571791738271713	9.999999974752427e-07	0.47317150235176086	1.622538547962904e-09	0.08930285274982452	0.47317150235176086	0.014180615544319153	0.010177051648497581	9.999999974752427e-07	0.283880352973938	-1.3278622645884752e-08	1.622538547962904e-09	0.009429072961211205	-1.3278622645884752e-08	0.007485575973987579	9.999999974752427e-07	0.2687433063983917	0.3461630940437317	0.011049933731555939	0.012431889772415161	0.21618443727493286	0.059898510575294495	-1.3278622645884752e-08	1.622538547962904e-09	0.2838802933692932	0.030927835032343864	0.04472166299819946	-1.3278622645884752e-08	0.39345020055770874	1.622538547962904e-09	-1.3278622645884752e-08	0.39345014095306396	0.011049933731555939	0.010177051648497581	-1.3278622645884752e-08	0.16346153616905212	0.04000958055257797	0.08930287510156631	-1.3278622645884752e-08	0.010416666977107525	-1.3278622645884752e-08	0.014316469430923462	0.03628883510828018	0.08930285274982452	1.622538547962904e-09	0.0478060245513916	5.000001692678779e-07	0.028037382289767265	1.622538547962904e-09	1.622538547962904e-09	-1.3278622645884752e-08	-1.3278622645884752e-08	1.5000005078036338e-06	1.622538547962904e-09	-1.3278622645884752e-08	9.999999974752427e-07	-1.3278622645884752e-08	1.622538547962904e-09	0.21618443727493286	0.015137098729610443	0.171462744474411	0.21618443727493286	0.39345014095306396	0.3461630940437317	0.05255882441997528	0.005072489380836487	9.999999974752427e-07	0.02286946028470993	0.1714627593755722	1.622538547962904e-09	0.01513710618019104	0.3791336119174957	0.1495407670736313	0.06023794412612915	0.014316461980342865	0.02286946028470993	0.008695651777088642	0.1714627593755722	1.622538547962904e-09	0.010177051648497581	0.012431896291673183	1.622538547962904e-09	5.000001692678779e-07	9.999999974752427e-07	0.0066950321197509766	0.007796458899974823	-1.3278622645884752e-08	0.030927835032343864	-1.3278622645884752e-08	0.007485579699277878	-1.3278622645884752e-08	0.02777777798473835	-1.3278622645884752e-08	1.622538547962904e-09	0.008695651777088642	0.3669218420982361	0.04854368790984154	5.000001692678779e-07	0.19233903288841248	1.622538547962904e-09	0.021178677678108215	0.01907866820693016	0.26595741510391235	9.999999974752427e-07	0.0752153992652893	0.2984440326690674	0.01907867193222046	9.999999974752427e-07	0.010416666977107525	0.19233903288841248	0.010324249044060707	0.007624365389347076	1.622538547962904e-09	1.622538547962904e-09	1.622538547962904e-09	9.999999974752427e-07	0.19233901798725128	0.19233904778957367	1.622538547962904e-09	0.026356376707553864	0.16347560286521912	0.04025731980800629	1.622538547962904e-09	1.622538547962904e-09	0.19233901798725128	1.622538547962904e-09	0.015332028269767761	0.0117647061124444	0.24910277128219604	0.01778506115078926	-1.3278622645884752e-08	0.24910280108451843	1.622538547962904e-09	9.999999974752427e-07	1.622538547962904e-09	0.1170303225517273	0.015458554029464722	0.0752154290676117	-1.3278622645884752e-08	0.00909090880304575	-1.3278622645884752e-08	0.009573204442858696	0.02117867022752762	0.0752154216170311	0.018691588193178177	0.015458546578884125	5.000001692678779e-07	0.005539216101169586	1.622538547962904e-09	0.01778506115078926	9.999999974752427e-07	0.02822047472000122	1.5000005078036338e-06	1.622538547962904e-09	9.999999974752427e-07	9.999999974752427e-07	-1.3278622645884752e-08	9.999999974752427e-07	0.16347560286521912	1.622538547962904e-09	0.14051920175552368	0.16347560286521912	0.24910278618335724	0.19233901798725128	0.011078406125307083	0.010101010091602802	0.009573204442858696	0.009177442640066147	0.14051921665668488	0.008695651777088642	1.622538547962904e-09	0.2222222089767456	0.11703035235404968	0.04181492328643799	0.011904762126505375	0.009177440777420998	0.010869565419852734	0.14051920175552368	-1.3278622645884752e-08	0.005539216101169586	0.026356376707553864	1.622538547962904e-09	5.000001692678779e-07	0.009999999776482582	0.01907867006957531	1.622538547962904e-09	0.010324249044060707	9.999999974752427e-07	9.999999974752427e-07	1.622538547962904e-09	9.999999974752427e-07	9.999999974752427e-07	1.622538547962904e-09	1.622538547962904e-09	0.012001216411590576	0.43699371814727783	0.05826278030872345	9.999999974752427e-07	0.2679571807384491	9.999999974752427e-07	0.04900258779525757	1.622538547962904e-09	0.37830495834350586	0.009493403136730194	0.06596280634403229	0.37830492854118347	1.622538547962904e-09	9.999999974752427e-07	0.01123595517128706	0.2679571509361267	-2.4010660126805305e-10	1.622538547962904e-09	-1.3278622645884752e-08	1.622538547962904e-09	1.622538547962904e-09	6.666664376098197e-07	0.2545320391654968	0.2679571509361267	0.010989011265337467	1.3333333299669903e-06	0.20756608247756958	0.04900254309177399	1.622538547962904e-09	0.005720056593418121	0.2679571509361267	1.622538547962904e-09	0.01575428992509842	0.010256917215883732	0.3783048689365387	0.01601792871952057	-2.4010660126805305e-10	0.3783048689365387	0.019911106675863266	9.999999974752427e-07	1.622538547962904e-09	0.1568257212638855	0.013005435466766357	0.11561180651187897	0.01815195381641388	6.666664376098197e-07	0.01815195381641388	0.010526316240429878	0.04900252819061279	0.06741572916507721	0.03269492834806442	0.018725495785474777	0.00909090880304575	-2.4010660126805305e-10	1.622538547962904e-09	0.00917431153357029	0.00968627817928791	0.009686276316642761	0.025567827746272087	9.999999974752427e-07	0.043478261679410934	0.01575428992509842	-2.4010660126805305e-10	0.009493403136730194	0.20756609737873077	9.999999974752427e-07	0.15682576596736908	0.20756609737873077	0.3783048689365387	0.2679571211338043	0.030948013067245483	0.025567827746272087	9.999999974752427e-07	9.999999974752427e-07	0.17497771978378296	0.009708737954497337	0.00909090880304575	0.31831997632980347	0.1568257361650467	0.04121395945549011	0.049727946519851685	0.010204081423580647	0.007700018584728241	0.19181180000305176	9.999999974752427e-07	0.011036910116672516	0.022488445043563843	0.016806723549962044	9.999999974752427e-07	0.009615384973585606	1.622538547962904e-09	1.622538547962904e-09	-2.4010660126805305e-10	1.622538547962904e-09	9.999999974752427e-07	1.622538547962904e-09	0.009803921915590763	1.622538547962904e-09	1.622538547962904e-09	1.622538547962904e-09	9.999999974752427e-07	0.3545212745666504	0.02059110254049301	0.010625112801790237	0.21123084425926208	0.02664199471473694	0.006121933460235596	9.999999974752427e-07	0.3018167018890381	0.006626579910516739	0.02059112675487995	0.3018167018890381	0.018646501004695892	-1.3278622645884752e-08	1.622538547962904e-09	0.1669045239686966	0.015181045979261398	9.999999974752427e-07	1.622538547962904e-09	1.622538547962904e-09	0.010238776914775372	1.622538547962904e-09	0.14026254415512085	0.2112308144569397	-1.3278622645884752e-08	1.622538547962904e-09	0.14026251435279846	0.02476842701435089	1.622538547962904e-09	1.622538547962904e-09	0.2112308144569397	-1.3278622645884752e-08	0.011363636702299118	6.912159733474255e-10	0.23242251574993134	-1.3278622645884752e-08	0.006100691854953766	0.29567742347717285	-1.3278622645884752e-08	-1.3278622645884752e-08	1.622538547962904e-09	0.09294700622558594	1.622538547962904e-09	0.06100180745124817	0.01366463303565979	1.622538547962904e-09	0.007563948631286621	0.011995955370366573	0.0061219483613967896	0.030612245202064514	0.00662657618522644	9.073119144886732e-09	-2.4010660126805305e-10	-1.3278622645884752e-08	-1.3278622645884752e-08	-1.3278622645884752e-08	9.999999974752427e-07	0.027936100959777832	0.010625114664435387	0.027522936463356018	0.007871739566326141	9.999999974752427e-07	1.622538547962904e-09	0.006626579910516739	0.14026251435279846	0.010101010091602802	0.09294699132442474	0.14026251435279846	0.29567742347717285	0.21123076975345612	-1.3278622645884752e-08	0.013964534737169743	0.011995954439043999	0.0061219483613967896	0.10661163181066513	1.622538547962904e-09	0.02664199471473694	0.2191026210784912	0.061001840978860855	1.622538547962904e-09	0.013319892808794975	0.006121940910816193	1.622538547962904e-09	0.10661161690950394	9.999999974752427e-07	-1.3278622645884752e-08	1.622538547962904e-09	1.622538547962904e-09	-2.4010660126805305e-10	1.622538547962904e-09	9.999999974752427e-07	1.622538547962904e-09	0.015181045979261398	1.622538547962904e-09	6.912159733474255e-10	0.010238775983452797	0.007871739566326141	0.006139293313026428	1.622538547962904e-09	9.999999974752427e-07	1.622538547962904e-09	0.36081433296203613	0.07295437157154083	0.008505983278155327	0.2816368341445923	0.009365733712911606	0.026101574301719666	-1.3278622645884752e-08	0.309752881526947	8.000001798791345e-07	0.07295437157154083	0.309752881526947	-1.3278622645884752e-08	2.255546860396862e-10	-5.828042048960924e-09	0.22092559933662415	0.024959847331047058	-1.3278622645884752e-08	1.622538547962904e-09	1.622538547962904e-09	-1.3278622645884752e-08	9.999999974752427e-07	0.21155986189842224	0.22092559933662415	2.255546860396862e-10	0.00917431153357029	0.1840570569038391	0.02610158920288086	1.622538547962904e-09	-5.828042048960924e-09	0.22092559933662415	1.622538547962904e-09	-1.3278622645884752e-08	0.008564602583646774	0.29866209626197815	1.622538547962904e-09	9.999999974752427e-07	0.29866212606430054	2.255546860396862e-10	2.255546860396862e-10	1.622538547962904e-09	0.1273503601551056	-5.828042048960924e-09	0.08163265138864517	0.01516491174697876	0.008196720853447914	9.999999974752427e-07	-2.4010660126805305e-10	0.026101581752300262	0.07547169923782349	1.3999997463542968e-06	0.015599853359162807	0.01042632944881916	0.009330726228654385	0.018172089010477066	1.622538547962904e-09	1.622538547962904e-09	0.024959832429885864	0.028257330879569054	9.999999974752427e-07	0.008460655808448792	-1.3278622645884752e-08	9.999999974752427e-07	8.000001798791345e-07	0.14251525700092316	0.009365729987621307	0.1273503601551056	0.14251527190208435	0.29866212606430054	0.2816368341445923	0.00933072715997696	0.05747126415371895	-2.4010660126805305e-10	9.999999974752427e-07	0.14251521229743958	6.000000212225132e-07	0.009365737438201904	0.2900974750518799	0.1273503601551056	0.04308461770415306	-2.4010660126805305e-10	0.009282208979129791	1.622538547962904e-09	0.14251525700092316	9.999999974752427e-07	2.255546860396862e-10	0.027484744787216187	0.017241379246115685	0.009325018152594566	-5.828042048960924e-09	-1.3278622645884752e-08	0.015599831938743591	0.02495983988046646	-2.4010660126805305e-10	9.999999974752427e-07	-1.3278622645884752e-08	0.008460652083158493	0.011090729385614395	1.622538547962904e-09	-2.4010660126805305e-10	0.01681937277317047
68	-15547.466796875	-1	9	57	76	75	26	89	10	62	48	0	26	84	41	29	91	66	5	0	11	24	14	68	37	85	21	0	0	50	22	3	66	33	67	21	43	7	69	12	0	65	50	77	73	24	43	79	5	42	1	78	57	69	21	34	56	0	70	42	76	31	43	49	25	4	73	63	36	3	21	1	46	80	82	49	14	33	40	77	33	47	9	66	48	69	78	85	57	13	11	50	56	7	32	19	59	7	0	68	47	0.5437126159667969	0.08644906431436539	0.010285336524248123	0.41455110907554626	0.012830309569835663	0.010498300194740295	0.010526316240429878	0.4251324534416199	9.999999974752427e-07	0.08644905686378479	0.44155406951904297	0.06554719805717468	9.999999974752427e-07	9.999999974752427e-07	0.40957462787628174	9.999999974752427e-07	0.005317971110343933	1.622538547962904e-09	1.622538547962904e-09	9.999999974752427e-07	0.02298850566148758	0.3967443108558655	0.40957462787628174	9.999999974752427e-07	0.03314200043678284	0.2897196114063263	0.07604550570249557	1.622538547962904e-09	9.999999974752427e-07	0.40957462787628174	0.004976421594619751	1.622538547962904e-09	1.622538547962904e-09	0.4145509898662567	0.03333333507180214	-1.3278622645884752e-08	0.4251324236392975	9.999999974752427e-07	9.999999974752427e-07	1.622538547962904e-09	0.22580645978450775	0.012048192322254181	0.1361638456583023	-1.3278622645884752e-08	9.999999974752427e-07	-1.3278622645884752e-08	1.622538547962904e-09	0.010498298332095146	0.1361638605594635	0.030567780137062073	0.02411612868309021	1.622538547962904e-09	0.008196720853447914	0.010869565419852734	9.999999974752427e-07	0.010526316240429878	0.026113413274288177	0.019338728860020638	-2.4010660126805305e-10	-1.3278622645884752e-08	1.622538547962904e-09	-1.3278622645884752e-08	0.030567795038223267	0.2705919146537781	9.999999974752427e-07	0.26527389883995056	0.2705919146537781	0.4251323938369751	0.4095746576786041	0.030927833169698715	0.05588129162788391	1.622538547962904e-09	0.010498300194740295	0.2652738690376282	-1.3278622645884752e-08	0.012830309569835663	0.41455110907554626	0.22250455617904663	0.08634074777364731	1.622538547962904e-09	0.010498298332095146	1.622538547962904e-09	0.26527389883995056	0.036036036908626556	0.009900989942252636	0.062224678695201874	0.029082641005516052	0.009053405374288559	9.999999974752427e-07	0.012195121496915817	9.999999974752427e-07	0.008547008968889713	-1.3278622645884752e-08	1.622538547962904e-09	9.999999974752427e-07	-1.3278622645884752e-08	-1.3278622645884752e-08	1.622538547962904e-09	1.622538547962904e-09	1.622538547962904e-09	0.4231007397174835	0.04496558755636215	0.010405869223177433	0.2722355127334595	0.010044899769127369	0.021052632480859756	9.999999974752427e-07	0.31625208258628845	0.018691588193178177	0.05226296931505203	0.31625211238861084	0.01785714365541935	0.010989011265337467	1.622538547962904e-09	0.2722354531288147	9.999999974752427e-07	1.622538547962904e-09	0.019417475908994675	1.622538547962904e-09	9.999999974752427e-07	6.666664376098197e-07	0.2291666716337204	0.2722354531288147	9.999999974752427e-07	1.3333333299669903e-06	0.1819043606519699	0.09699182957410812	1.622538547962904e-09	0.0078512541949749	0.2722354531288147	1.622538547962904e-09	1.622538547962904e-09	0.010638297535479069	0.31625205278396606	9.999999974752427e-07	-7.275957614183426e-12	0.31625205278396606	0.010526316240429878	0.009009009227156639	1.622538547962904e-09	0.10256187617778778	1.622538547962904e-09	0.0606570690870285	0.008510754443705082	6.666664376098197e-07	-7.275957614183426e-12	9.999999974752427e-07	1.3999997463542968e-06	0.05226297304034233	0.034559715539216995	0.022432174533605576	2.255546860396862e-10	9.999999974752427e-07	9.999999974752427e-07	9.999999974752427e-07	0.008264463394880295	0.009856700897216797	0.010405868291854858	0.008394084870815277	1.622538547962904e-09	1.622538547962904e-09	0.008510754443705082	0.034559715539216995	0.18190431594848633	0.010044899769127369	0.11764705926179886	0.18190434575080872	0.31625205278396606	0.2722354531288147	0.042105261236429214	0.010405870154500008	9.999999974752427e-07	8.000001798791345e-07	0.18190434575080872	1.622538547962904e-09	0.010044898837804794	0.2722355127334595	0.10256189107894897	0.04190482199192047	9.999999974752427e-07	8.000001798791345e-07	0.00729738175868988	0.18190434575080872	1.622538547962904e-09	0.016949152573943138	0.01947261206805706	9.999999974752427e-07	2.255546860396862e-10	1.622538547962904e-09	0.011627906933426857	0.014580924063920975	9.999999974752427e-07	1.622538547962904e-09	9.999999974752427e-07	9.999999974752427e-07	1.622538547962904e-09	1.622538547962904e-09	1.622538547962904e-09	-1.3278622645884752e-08	6.000000212225132e-07	0.4494662880897522	0.08000115305185318	9.999999974752427e-07	0.3330483138561249	-1.3278622645884752e-08	0.03483249247074127	9.999999974752427e-07	0.386263370513916	0.009220771491527557	0.08756303787231445	0.38626334071159363	0.013322077691555023	-1.3278622645884752e-08	9.999999974752427e-07	0.2947915494441986	9.999999974752427e-07	0.029411764815449715	9.999999974752427e-07	-1.3278622645884752e-08	0.008118398487567902	0.010526316240429878	0.2947915494441986	0.2947915196418762	-1.3278622645884752e-08	0.01075268816202879	0.2947915196418762	0.04815460741519928	-1.3278622645884752e-08	0.02777777798473835	0.2947915494441986	0.019186578691005707	9.999999974752427e-07	0.008000463247299194	0.38626325130462646	-1.3278622645884752e-08	1.622538547962904e-09	0.38626331090927124	-1.3278622645884752e-08	-1.3278622645884752e-08	-1.3278622645884752e-08	0.1528805047273636	9.999999974752427e-07	0.08756301552057266	0.009048528037965298	9.999999974752427e-07	1.622538547962904e-09	0.009130984544754028	0.02860131859779358	0.08756303787231445	0.009220770560204983	0.04123711213469505	9.999999974752427e-07	-1.3278622645884752e-08	-1.3278622645884752e-08	-1.3278622645884752e-08	0.008003763854503632	0.015048369765281677	0.029999999329447746	1.622538547962904e-09	0.00909090880304575	9.999999974752427e-07	0.009048528969287872	0.009220771491527557	0.2947915196418762	-1.3278622645884752e-08	0.15288051962852478	0.2499999850988388	0.38626334071159363	0.31386175751686096	-1.3278622645884752e-08	0.032608695328235626	0.009130991995334625	9.999999974752427e-07	0.16192904114723206	-2.4010660126805305e-10	-1.3278622645884752e-08	0.36913180351257324	0.1528804898262024	0.06531748175621033	0.009130977094173431	0.028601333498954773	0.00756189227104187	0.16814157366752625	1.622538547962904e-09	-1.3278622645884752e-08	0.021052632480859756	0.009900989942252636	0.027272727340459824	9.999999974752427e-07	0.005203664302825928	0.008620689623057842	0.007044591009616852	-1.3278622645884752e-08	0.008000463247299194	0.008118398487567902	9.999999974752427e-07	-1.3278622645884752e-08	-1.3278622645884752e-08	9.999999974752427e-07	1.622538547962904e-09	0.4417252242565155	0.024390242993831635	9.999999974752427e-07	0.30527329444885254	0.010416666977107525	0.014637134969234467	9.999999974752427e-07	0.3760969042778015	9.999999974752427e-07	0.04878048598766327	0.3760969042778015	0.05099133402109146	9.999999974752427e-07	0.008882244117558002	0.30527329444885254	1.622538547962904e-09	1.622538547962904e-09	1.622538547962904e-09	1.622538547962904e-09	0.030414395034313202	0.012048192322254181	0.29318323731422424	0.30527329444885254	9.999999974752427e-07	0.017391303554177284	0.2670987844467163	0.06562843918800354	1.622538547962904e-09	0.010416666977107525	0.30527329444885254	1.622538547962904e-09	1.622538547962904e-09	1.622538547962904e-09	0.30527329444885254	1.622538547962904e-09	0.010526316240429878	0.3760969042778015	9.999999974752427e-07	9.999999974752427e-07	1.622538547962904e-09	0.14387741684913635	0.025641024112701416	0.07431011646986008	0.032608695328235626	9.999999974752427e-07	0.009615384973585606	1.622538547962904e-09	0.014637134969234467	0.07431010156869888	0.010309278033673763	0.04452749714255333	0.009433962404727936	9.999999974752427e-07	1.622538547962904e-09	1.622538547962904e-09	1.622538547962904e-09	1.622538547962904e-09	0.009569531306624413	1.622538547962904e-09	1.622538547962904e-09	1.622538547962904e-09	0.01123595517128706	9.999999974752427e-07	0.20471768081188202	9.999999974752427e-07	0.14387744665145874	0.2047176957130432	0.3052733242511749	0.30527329444885254	0.026084452867507935	0.009569531306624413	1.622538547962904e-09	0.010101010091602802	0.204717755317688	0.010204081423580647	0.010989011265337467	0.30527329444885254	0.14387741684913635	0.06956726312637329	1.622538547962904e-09	0.01463712751865387	9.999999974752427e-07	0.20471777021884918	0.009803921915590763	9.999999974752427e-07	0.02503982186317444	9.999999974752427e-07	9.999999974752427e-07	0.008882243186235428	0.020576931536197662	9.999999974752427e-07	1.622538547962904e-09	1.622538547962904e-09	1.622538547962904e-09	9.999999974752427e-07	1.622538547962904e-09	1.622538547962904e-09	1.622538547962904e-09	1.622538547962904e-09	1.622538547962904e-09	0.3537144064903259	0.026411600410938263	4.2857209336943924e-07	0.20192477107048035	1.622538547962904e-09	0.027027027681469917	-7.275957614183426e-12	0.28152182698249817	1.622538547962904e-09	0.026411622762680054	0.2815217971801758	0.010256588459014893	9.999999974752427e-07	1.622538547962904e-09	0.20192477107048035	9.999999974752427e-07	1.622538547962904e-09	9.999999974752427e-07	1.622538547962904e-09	0.010256589390337467	1.622538547962904e-09	0.20192477107048035	0.20192477107048035	1.622538547962904e-09	1.622538547962904e-09	0.16246558725833893	0.05873370170593262	1.622538547962904e-09	0.027633339166641235	0.20192474126815796	-1.3278622645884752e-08	1.622538547962904e-09	-1.3278622645884752e-08	0.20192474126815796	0.008206713944673538	9.999999974752427e-07	0.2740027606487274	1.622538547962904e-09	9.999999974752427e-07	1.622538547962904e-09	0.05703481286764145	1.622538547962904e-09	0.02641153335571289	0.03179077059030533	1.622538547962904e-09	9.999999974752427e-07	-1.3278622645884752e-08	0.009401541203260422	0.026411622762680054	0.009916093200445175	0.027633339166641235	4.2857209336943924e-07	1.622538547962904e-09	0.013445653021335602	0.008206713944673538	9.999999974752427e-07	0.013459011912345886	1.2857158253609668e-06	-1.3278622645884752e-08	-1.3278622645884752e-08	1.622538547962904e-09	9.999999974752427e-07	1.622538547962904e-09	0.16246560215950012	1.622538547962904e-09	0.05703481659293175	0.10570608824491501	0.2626262307167053	0.20192480087280273	0.01780686341226101	1.2857121873821598e-06	-1.3278622645884752e-08	9.999999974752427e-07	0.08882559835910797	0.009916089475154877	1.622538547962904e-09	0.20192477107048035	0.05404491350054741	0.027633339166641235	-1.3278622645884752e-08	0.009401543065905571	1.622538547962904e-09	0.1057060956954956	-1.3278622645884752e-08	0.017806880176067352	1.622538547962904e-09	1.622538547962904e-09	4.2857209336943924e-07	1.622538547962904e-09	-7.275957614183426e-12	1.622538547962904e-09	9.999999974752427e-07	1.622538547962904e-09	-1.3278622645884752e-08	9.999999974752427e-07	-1.3278622645884752e-08	0.007519073784351349	1.622538547962904e-09	-1.3278622645884752e-08	2.255546860396862e-10	0.5330701470375061	0.005072489380836487	5.000001692678779e-07	0.3791336119174957	0.015137098729610443	0.04571789503097534	9.999999974752427e-07	0.47317150235176086	1.622538547962904e-09	0.08930285274982452	0.47317150235176086	0.014180606231093407	0.010177051648497581	9.999999974752427e-07	0.283880352973938	-1.3278622645884752e-08	1.622538547962904e-09	0.009429067373275757	-1.3278622645884752e-08	0.007485583424568176	9.999999974752427e-07	0.2687433063983917	0.3461630940437317	0.011049933731555939	0.012431889772415161	0.21618443727493286	0.059898555278778076	-1.3278622645884752e-08	1.622538547962904e-09	0.2838802933692932	0.030927835032343864	0.04472166299819946	-1.3278622645884752e-08	0.39345017075538635	1.622538547962904e-09	-1.3278622645884752e-08	0.39345014095306396	0.011049933731555939	0.010177051648497581	-1.3278622645884752e-08	0.16346153616905212	0.04000958055257797	0.08930287510156631	-1.3278622645884752e-08	0.010416666977107525	-1.3278622645884752e-08	0.014316469430923462	0.036288827657699585	0.08930285274982452	1.622538547962904e-09	0.0478060245513916	5.000001692678779e-07	0.028037382289767265	1.622538547962904e-09	1.622538547962904e-09	-1.3278622645884752e-08	-1.3278622645884752e-08	1.5000005078036338e-06	1.622538547962904e-09	-1.3278622645884752e-08	9.999999974752427e-07	-1.3278622645884752e-08	1.622538547962904e-09	0.21618443727493286	0.015137098729610443	0.171462744474411	0.21618443727493286	0.39345014095306396	0.3461630642414093	0.05255882441997528	0.005072489380836487	9.999999974752427e-07	0.02286946028470993	0.1714627593755722	1.622538547962904e-09	0.01513710618019104	0.37913358211517334	0.1495407670736313	0.06023794412612915	0.014316461980342865	0.02286946028470993	0.008695651777088642	0.1714627593755722	1.622538547962904e-09	0.010177051648497581	0.012431896291673183	1.622538547962904e-09	5.000001692678779e-07	9.999999974752427e-07	0.0066950395703315735	0.007796458899974823	-1.3278622645884752e-08	0.030927835032343864	-1.3278622645884752e-08	0.007485583424568176	-1.3278622645884752e-08	0.02777777798473835	-1.3278622645884752e-08	1.622538547962904e-09	0.008695651777088642	0.36692190170288086	0.04854368790984154	5.000001692678779e-07	0.19233903288841248	1.622538547962904e-09	0.02117866277694702	0.01907867193222046	0.26595744490623474	9.999999974752427e-07	0.0752153992652893	0.29844406247138977	0.01907867193222046	9.999999974752427e-07	0.010416666977107525	0.19233906269073486	0.010324249044060707	0.007624335587024689	1.622538547962904e-09	1.622538547962904e-09	1.622538547962904e-09	9.999999974752427e-07	0.19233906269073486	0.19233903288841248	1.622538547962904e-09	0.026356376707553864	0.1634756177663803	0.04025731980800629	1.622538547962904e-09	1.622538547962904e-09	0.19233907759189606	1.622538547962904e-09	0.015331998467445374	0.0117647061124444	0.24910280108451843	0.017785049974918365	-1.3278622645884752e-08	0.24910278618335724	1.622538547962904e-09	9.999999974752427e-07	1.622538547962904e-09	0.1170303225517273	0.015458554029464722	0.0752154290676117	-1.3278622645884752e-08	0.00909090880304575	-1.3278622645884752e-08	0.009573204442858696	0.02117867022752762	0.0752154216170311	0.018691588193178177	0.015458546578884125	5.000001692678779e-07	0.005539201200008392	1.622538547962904e-09	0.017785048112273216	9.999999974752427e-07	0.028220482170581818	1.5000005078036338e-06	1.622538547962904e-09	9.999999974752427e-07	9.999999974752427e-07	-1.3278622645884752e-08	9.999999974752427e-07	0.16347557306289673	1.622538547962904e-09	0.14051920175552368	0.16347560286521912	0.24910280108451843	0.19233904778957367	0.011078394949436188	0.010101010091602802	0.009573204442858696	0.009177442640066147	0.1405191868543625	0.008695651777088642	1.622538547962904e-09	0.2222222238779068	0.11703035235404968	0.04181492328643799	0.011904762126505375	0.009177442640066147	0.010869565419852734	0.14051920175552368	-1.3278622645884752e-08	0.005539201200008392	0.026356376707553864	1.622538547962904e-09	5.000001692678779e-07	0.009999999776482582	0.01907867006957531	1.622538547962904e-09	0.010324249044060707	9.999999974752427e-07	9.999999974752427e-07	1.622538547962904e-09	9.999999974752427e-07	9.999999974752427e-07	1.622538547962904e-09	-1.3278622645884752e-08	0.012001220136880875	0.43699371814727783	0.05826278030872345	9.999999974752427e-07	0.2679571509361267	9.999999974752427e-07	0.04900254309177399	1.622538547962904e-09	0.3783048689365387	0.009493403136730194	0.06596280634403229	0.3783048391342163	1.622538547962904e-09	9.999999974752427e-07	0.01123595517128706	0.2679571509361267	-2.4010660126805305e-10	1.622538547962904e-09	-1.3278622645884752e-08	1.622538547962904e-09	1.622538547962904e-09	6.666664376098197e-07	0.2545320391654968	0.2679571509361267	0.010989011265337467	1.3333333299669903e-06	0.20756608247756958	0.04900255426764488	1.622538547962904e-09	0.005720056593418121	0.2679571509361267	1.622538547962904e-09	0.01575428992509842	0.010256931185722351	0.3783048391342163	0.01601792871952057	-2.4010660126805305e-10	0.3783048689365387	0.019911106675863266	9.999999974752427e-07	1.622538547962904e-09	0.1568257212638855	0.013005435466766357	0.11561180651187897	0.01815195381641388	6.666664376098197e-07	0.01815195381641388	0.010526316240429878	0.04900252819061279	0.06741572916507721	0.03269492834806442	0.018725495785474777	0.00909090880304575	-2.4010660126805305e-10	1.622538547962904e-09	0.00917431153357029	0.009686267003417015	0.009686268866062164	0.025567827746272087	9.999999974752427e-07	0.043478261679410934	0.01575428992509842	-2.4010660126805305e-10	0.009493403136730194	0.20756609737873077	9.999999974752427e-07	0.15682576596736908	0.20756609737873077	0.3783048689365387	0.26795709133148193	0.030948013067245483	0.025567827746272087	9.999999974752427e-07	9.999999974752427e-07	0.17497771978378296	0.009708737954497337	0.00909090880304575	0.31832000613212585	0.1568257361650467	0.04121395945549011	0.04972795397043228	0.010204081423580647	0.007700018584728241	0.19181180000305176	9.999999974752427e-07	0.011036910116672516	0.022488445043563843	0.016806723549962044	9.999999974752427e-07	0.009615384973585606	1.622538547962904e-09	1.622538547962904e-09	-2.4010660126805305e-10	1.622538547962904e-09	9.999999974752427e-07	1.622538547962904e-09	0.009803921915590763	1.622538547962904e-09	1.622538547962904e-09	-1.3278622645884752e-08	9.999999974752427e-07	0.3545212149620056	0.02059110254049301	0.010625112801790237	0.21123085916042328	0.02664199471473694	0.006121926009654999	9.999999974752427e-07	0.3018166422843933	0.006626579910516739	0.02059112675487995	0.3018166720867157	0.0186464861035347	-1.3278622645884752e-08	1.622538547962904e-09	0.1669045239686966	0.015181045979261398	9.999999974752427e-07	1.622538547962904e-09	1.622538547962904e-09	0.010238776914775372	1.622538547962904e-09	0.14026254415512085	0.2112308144569397	-1.3278622645884752e-08	1.622538547962904e-09	0.14026251435279846	0.024768419563770294	1.622538547962904e-09	1.622538547962904e-09	0.2112308144569397	-1.3278622645884752e-08	0.011363636702299118	6.912159733474255e-10	0.23242248594760895	-1.3278622645884752e-08	0.006100691854953766	0.29567739367485046	-1.3278622645884752e-08	-1.3278622645884752e-08	1.622538547962904e-09	0.09294700622558594	1.622538547962904e-09	0.06100180745124817	0.01366463303565979	1.622538547962904e-09	0.007563948631286621	0.011995955370366573	0.0061219483613967896	0.030612245202064514	0.00662657618522644	9.073119144886732e-09	-2.4010660126805305e-10	-1.3278622645884752e-08	-1.3278622645884752e-08	-1.3278622645884752e-08	9.999999974752427e-07	0.027936086058616638	0.010625114664435387	0.027522936463356018	0.007871776819229126	9.999999974752427e-07	1.622538547962904e-09	0.006626579910516739	0.14026251435279846	0.010101010091602802	0.09294699132442474	0.14026251435279846	0.29567742347717285	0.21123084425926208	-1.3278622645884752e-08	0.013964534737169743	0.011995954439043999	0.006121940910816193	0.10661163181066513	1.622538547962904e-09	0.02664199471473694	0.21910256147384644	0.061001840978860855	1.622538547962904e-09	0.013319907709956169	0.006121940910816193	1.622538547962904e-09	0.10661161690950394	9.999999974752427e-07	-1.3278622645884752e-08	1.622538547962904e-09	1.622538547962904e-09	-2.4010660126805305e-10	1.622538547962904e-09	9.999999974752427e-07	1.622538547962904e-09	0.015181045979261398	1.622538547962904e-09	6.912159733474255e-10	0.010238775983452797	0.007871776819229126	0.006139293313026428	1.622538547962904e-09	-1.3278622645884752e-08	1.622538547962904e-09	0.3608144521713257	0.07295437157154083	0.008505983278155327	0.2816368341445923	0.009365733712911606	0.026101574301719666	-1.3278622645884752e-08	0.309752881526947	8.000001798791345e-07	0.07295437157154083	0.30975285172462463	-1.3278622645884752e-08	2.255546860396862e-10	-5.828042048960924e-09	0.22092559933662415	0.024959832429885864	-1.3278622645884752e-08	1.622538547962904e-09	1.622538547962904e-09	-1.3278622645884752e-08	9.999999974752427e-07	0.21155986189842224	0.22092559933662415	2.255546860396862e-10	0.00917431153357029	0.1840570569038391	0.02610158920288086	1.622538547962904e-09	-5.828042048960924e-09	0.22092559933662415	1.622538547962904e-09	-1.3278622645884752e-08	0.008564604446291924	0.29866212606430054	1.622538547962904e-09	9.999999974752427e-07	0.2986621558666229	2.255546860396862e-10	2.255546860396862e-10	1.622538547962904e-09	0.1273503601551056	-5.828042048960924e-09	0.08163265138864517	0.01516491174697876	0.008196720853447914	9.999999974752427e-07	-2.4010660126805305e-10	0.026101574301719666	0.07547169923782349	1.3999997463542968e-06	0.015599853359162807	0.01042632944881916	0.009330726228654385	0.018172089010477066	1.622538547962904e-09	1.622538547962904e-09	0.02495981752872467	0.028257330879569054	9.999999974752427e-07	0.008460648357868195	-1.3278622645884752e-08	9.999999974752427e-07	8.000001798791345e-07	0.14251525700092316	0.009365729987621307	0.1273503601551056	0.14251527190208435	0.29866212606430054	0.2816368341445923	0.00933072715997696	0.05747126415371895	-2.4010660126805305e-10	9.999999974752427e-07	0.14251521229743958	6.000000212225132e-07	0.009365737438201904	0.29009753465652466	0.1273503601551056	0.04308461770415306	-2.4010660126805305e-10	0.009282207116484642	1.622538547962904e-09	0.14251525700092316	9.999999974752427e-07	2.255546860396862e-10	0.027484744787216187	0.017241379246115685	0.009325018152594566	-5.828042048960924e-09	-1.3278622645884752e-08	0.015599831938743591	0.02495983988046646	-2.4010660126805305e-10	9.999999974752427e-07	-1.3278622645884752e-08	0.008460644632577896	0.011090705171227455	1.622538547962904e-09	9.999999974752427e-07	0.016819370910525322
69	-15547.466796875	-1	9	57	76	75	26	89	10	62	48	0	26	84	41	29	91	66	5	0	11	24	14	68	37	85	21	0	0	50	22	3	66	33	67	21	43	7	69	12	0	65	50	77	73	24	43	79	5	42	1	78	57	69	21	34	56	0	70	42	76	31	43	49	25	4	73	63	36	3	21	1	46	80	82	49	14	33	40	77	33	47	9	66	48	69	78	85	57	13	11	50	56	7	32	19	59	7	0	69	47	0.5437127947807312	0.08644906431436539	0.010285336524248123	0.4145510792732239	0.012830331921577454	0.010498285293579102	0.010526316240429878	0.4251323938369751	9.999999974752427e-07	0.08644905686378479	0.44155386090278625	0.06554710865020752	9.999999974752427e-07	9.999999974752427e-07	0.4095746874809265	9.999999974752427e-07	0.005317971110343933	1.622538547962904e-09	1.622538547962904e-09	9.999999974752427e-07	0.02298850566148758	0.39674437046051025	0.4095746576786041	9.999999974752427e-07	0.03314200043678284	0.2897196114063263	0.07604538649320602	1.622538547962904e-09	9.999999974752427e-07	0.4095746576786041	0.0049764662981033325	1.622538547962904e-09	1.622538547962904e-09	0.4145510196685791	0.03333333507180214	-1.3278622645884752e-08	0.42513248324394226	9.999999974752427e-07	9.999999974752427e-07	1.622538547962904e-09	0.22580645978450775	0.012048192322254181	0.1361638456583023	-1.3278622645884752e-08	9.999999974752427e-07	-1.3278622645884752e-08	1.622538547962904e-09	0.010498279705643654	0.1361638605594635	0.030567780137062073	0.02411612868309021	1.622538547962904e-09	0.008196720853447914	0.010869565419852734	9.999999974752427e-07	0.010526316240429878	0.026113219559192657	0.019338728860020638	-2.4010660126805305e-10	-1.3278622645884752e-08	1.622538547962904e-09	-1.3278622645884752e-08	0.030567795038223267	0.2705919146537781	9.999999974752427e-07	0.26527389883995056	0.2705919146537781	0.4251324534416199	0.40957462787628174	0.030927835032343864	0.05588129162788391	1.622538547962904e-09	0.010498277842998505	0.2652738690376282	-1.3278622645884752e-08	0.012830331921577454	0.4145510792732239	0.22250455617904663	0.08634074777364731	1.622538547962904e-09	0.010498279705643654	1.622538547962904e-09	0.26527389883995056	0.036036036908626556	0.009900989942252636	0.062224678695201874	0.029082641005516052	0.009053405374288559	9.999999974752427e-07	0.012195121496915817	9.999999974752427e-07	0.008547008968889713	-1.3278622645884752e-08	1.622538547962904e-09	9.999999974752427e-07	-1.3278622645884752e-08	-1.3278622645884752e-08	1.622538547962904e-09	9.999999974752427e-07	1.622538547962904e-09	0.42310065031051636	0.04496558755636215	0.010405869223177433	0.2722354531288147	0.010044899769127369	0.021052632480859756	9.999999974752427e-07	0.31625205278396606	0.018691588193178177	0.05226296931505203	0.31625211238861084	0.01785714365541935	0.010989011265337467	1.622538547962904e-09	0.2722354531288147	9.999999974752427e-07	1.622538547962904e-09	0.019417475908994675	1.622538547962904e-09	9.999999974752427e-07	6.666664376098197e-07	0.2291666567325592	0.2722354531288147	9.999999974752427e-07	1.3333333299669903e-06	0.1819043606519699	0.09699184447526932	1.622538547962904e-09	0.0078512541949749	0.2722354531288147	1.622538547962904e-09	1.622538547962904e-09	0.010638297535479069	0.31625205278396606	9.999999974752427e-07	-7.275957614183426e-12	0.31625205278396606	0.010526316240429878	0.009009009227156639	1.622538547962904e-09	0.10256187617778778	1.622538547962904e-09	0.0606570690870285	0.008510754443705082	6.666664376098197e-07	-7.275957614183426e-12	9.999999974752427e-07	1.3999997463542968e-06	0.05226297304034233	0.034559715539216995	0.022432174533605576	2.255546860396862e-10	9.999999974752427e-07	9.999999974752427e-07	9.999999974752427e-07	0.008264463394880295	0.00985671579837799	0.010405868291854858	0.008394084870815277	1.622538547962904e-09	1.622538547962904e-09	0.008510754443705082	0.034559715539216995	0.18190431594848633	0.010044899769127369	0.11764705926179886	0.18190434575080872	0.31625205278396606	0.2722354531288147	0.04210526496171951	0.010405870154500008	9.999999974752427e-07	8.000001798791345e-07	0.18190434575080872	1.622538547962904e-09	0.010044898837804794	0.2722354829311371	0.10256189107894897	0.04190482199192047	9.999999974752427e-07	8.000001798791345e-07	0.00729738175868988	0.18190434575080872	1.622538547962904e-09	0.016949152573943138	0.01947261206805706	9.999999974752427e-07	2.255546860396862e-10	1.622538547962904e-09	0.011627906933426857	0.014580924063920975	9.999999974752427e-07	1.622538547962904e-09	9.999999974752427e-07	9.999999974752427e-07	1.622538547962904e-09	1.622538547962904e-09	1.622538547962904e-09	9.999999974752427e-07	6.000000212225132e-07	0.449466347694397	0.08000115305185318	9.999999974752427e-07	0.33304834365844727	-1.3278622645884752e-08	0.03483249247074127	9.999999974752427e-07	0.3862634003162384	0.009220771491527557	0.08756303787231445	0.386263370513916	0.013322077691555023	-1.3278622645884752e-08	9.999999974752427e-07	0.2947916090488434	9.999999974752427e-07	0.029411764815449715	9.999999974752427e-07	-1.3278622645884752e-08	0.008118398487567902	0.010526316240429878	0.2947916090488434	0.2947916090488434	-1.3278622645884752e-08	0.01075268816202879	0.2947915196418762	0.04815460741519928	-1.3278622645884752e-08	0.02777777798473835	0.2947916090488434	0.019186578691005707	9.999999974752427e-07	0.008000463247299194	0.38626328110694885	-1.3278622645884752e-08	1.622538547962904e-09	0.38626334071159363	-1.3278622645884752e-08	-1.3278622645884752e-08	-1.3278622645884752e-08	0.1528805047273636	9.999999974752427e-07	0.08756301552057266	0.009048528037965298	9.999999974752427e-07	1.622538547962904e-09	0.009130984544754028	0.02860131859779358	0.08756303787231445	0.009220770560204983	0.04123711213469505	9.999999974752427e-07	-1.3278622645884752e-08	-1.3278622645884752e-08	-1.3278622645884752e-08	0.008003763854503632	0.015048369765281677	0.029999999329447746	1.622538547962904e-09	0.00909090880304575	9.999999974752427e-07	0.009048528969287872	0.009220771491527557	0.2947915196418762	-1.3278622645884752e-08	0.15288051962852478	0.2499999850988388	0.386263370513916	0.31386178731918335	1.652369974181056e-08	0.032608695328235626	0.009130991995334625	9.999999974752427e-07	0.16192904114723206	-2.4010660126805305e-10	-1.3278622645884752e-08	0.36913183331489563	0.1528804898262024	0.06531748175621033	0.009130977094173431	0.028601333498954773	0.00756189227104187	0.16814157366752625	1.622538547962904e-09	-1.3278622645884752e-08	0.021052632480859756	0.009900989942252636	0.027272727340459824	9.999999974752427e-07	0.005203664302825928	0.008620689623057842	0.007044591009616852	-1.3278622645884752e-08	0.008000463247299194	0.008118398487567902	9.999999974752427e-07	-1.3278622645884752e-08	-1.3278622645884752e-08	-1.3278622645884752e-08	1.622538547962904e-09	0.4417252242565155	0.024390242993831635	9.999999974752427e-07	0.30527326464653015	0.010416666977107525	0.014637134969234467	9.999999974752427e-07	0.3760969042778015	9.999999974752427e-07	0.04878048598766327	0.3760969042778015	0.05099133402109146	9.999999974752427e-07	0.008882244117558002	0.30527329444885254	1.622538547962904e-09	1.622538547962904e-09	1.622538547962904e-09	1.622538547962904e-09	0.030414395034313202	0.012048192322254181	0.29318323731422424	0.30527329444885254	9.999999974752427e-07	0.017391303554177284	0.2670987844467163	0.06562843918800354	1.622538547962904e-09	0.010416666977107525	0.30527329444885254	1.622538547962904e-09	1.622538547962904e-09	1.622538547962904e-09	0.30527329444885254	1.622538547962904e-09	0.010526316240429878	0.3760969042778015	9.999999974752427e-07	9.999999974752427e-07	1.622538547962904e-09	0.14387741684913635	0.025641024112701416	0.07431011646986008	0.032608695328235626	9.999999974752427e-07	0.009615384973585606	1.622538547962904e-09	0.014637134969234467	0.07431010156869888	0.010309278033673763	0.04452749714255333	0.009433962404727936	9.999999974752427e-07	1.622538547962904e-09	1.622538547962904e-09	1.622538547962904e-09	1.622538547962904e-09	0.009569531306624413	1.622538547962904e-09	1.622538547962904e-09	1.622538547962904e-09	0.01123595517128706	9.999999974752427e-07	0.20471768081188202	9.999999974752427e-07	0.14387744665145874	0.2047176957130432	0.3052733242511749	0.30527329444885254	0.026084452867507935	0.009569531306624413	1.622538547962904e-09	0.010101010091602802	0.204717755317688	0.010204081423580647	0.010989011265337467	0.30527329444885254	0.14387741684913635	0.06956726312637329	1.622538547962904e-09	0.01463712751865387	9.999999974752427e-07	0.20471777021884918	0.009803921915590763	9.999999974752427e-07	0.02503982186317444	9.999999974752427e-07	9.999999974752427e-07	0.008882243186235428	0.020576931536197662	9.999999974752427e-07	1.622538547962904e-09	1.622538547962904e-09	1.622538547962904e-09	9.999999974752427e-07	1.622538547962904e-09	1.622538547962904e-09	1.622538547962904e-09	9.999999974752427e-07	1.622538547962904e-09	0.3537144362926483	0.026411600410938263	4.2857209336943924e-07	0.20192483067512512	1.622538547962904e-09	0.027027027681469917	-7.275957614183426e-12	0.28152185678482056	1.622538547962904e-09	0.026411622762680054	0.2815217971801758	0.010256588459014893	9.999999974752427e-07	1.622538547962904e-09	0.20192477107048035	9.999999974752427e-07	1.622538547962904e-09	9.999999974752427e-07	1.622538547962904e-09	0.010256589390337467	1.622538547962904e-09	0.20192474126815796	0.20192477107048035	1.622538547962904e-09	1.622538547962904e-09	0.16246555745601654	0.05873368680477142	1.622538547962904e-09	0.027633339166641235	0.20192474126815796	-1.3278622645884752e-08	1.622538547962904e-09	-1.3278622645884752e-08	0.20192484557628632	0.008206646889448166	9.999999974752427e-07	0.2740027904510498	1.622538547962904e-09	9.999999974752427e-07	1.622538547962904e-09	0.05703481286764145	1.622538547962904e-09	0.02641153335571289	0.03179077059030533	1.622538547962904e-09	9.999999974752427e-07	-1.3278622645884752e-08	0.009401541203260422	0.026411622762680054	0.009916093200445175	0.027633339166641235	4.2857209336943924e-07	1.622538547962904e-09	0.013445504009723663	0.008206646889448166	9.999999974752427e-07	0.013458997011184692	1.2857158253609668e-06	-1.3278622645884752e-08	-1.3278622645884752e-08	1.622538547962904e-09	9.999999974752427e-07	1.622538547962904e-09	0.16246551275253296	1.622538547962904e-09	0.05703481659293175	0.10570608824491501	0.2626262605190277	0.20192475616931915	0.017806796357035637	1.2857121873821598e-06	-1.3278622645884752e-08	9.999999974752427e-07	0.08882559835910797	0.009916089475154877	1.622538547962904e-09	0.20192480087280273	0.05404491350054741	0.027633339166641235	-1.3278622645884752e-08	0.009401543065905571	1.622538547962904e-09	0.1057060956954956	-1.3278622645884752e-08	0.017806805670261383	1.622538547962904e-09	1.622538547962904e-09	4.2857209336943924e-07	1.622538547962904e-09	-7.275957614183426e-12	1.622538547962904e-09	9.999999974752427e-07	1.622538547962904e-09	-1.3278622645884752e-08	9.999999974752427e-07	-1.3278622645884752e-08	0.007519073784351349	1.622538547962904e-09	1.622538547962904e-09	2.255546860396862e-10	0.5330700874328613	0.005072489380836487	5.000001692678779e-07	0.3791336715221405	0.015137098729610443	0.045717887580394745	9.999999974752427e-07	0.4731714725494385	1.622538547962904e-09	0.08930285274982452	0.4731714725494385	0.014180600643157959	0.010177051648497581	9.999999974752427e-07	0.2838802933692932	-1.3278622645884752e-08	1.622538547962904e-09	0.009429069235920906	-1.3278622645884752e-08	0.007485583424568176	9.999999974752427e-07	0.26874324679374695	0.3461630940437317	0.011049933731555939	0.012431889772415161	0.21618443727493286	0.05989852547645569	-1.3278622645884752e-08	1.622538547962904e-09	0.283880352973938	0.030927835032343864	0.04472167789936066	-1.3278622645884752e-08	0.39345014095306396	1.622538547962904e-09	-1.3278622645884752e-08	0.3934501111507416	0.011049933731555939	0.010177051648497581	-1.3278622645884752e-08	0.16346153616905212	0.04000958055257797	0.08930287510156631	-1.3278622645884752e-08	0.010416666977107525	-1.3278622645884752e-08	0.014316514134407043	0.036288827657699585	0.08930285274982452	1.622538547962904e-09	0.0478060245513916	5.000001692678779e-07	0.028037382289767265	1.622538547962904e-09	1.622538547962904e-09	-1.3278622645884752e-08	-1.3278622645884752e-08	1.5000005078036338e-06	1.622538547962904e-09	-1.3278622645884752e-08	9.999999974752427e-07	-1.3278622645884752e-08	1.622538547962904e-09	0.21618442237377167	0.015137098729610443	0.171462744474411	0.21618446707725525	0.3934501111507416	0.3461630940437317	0.05255885422229767	0.005072489380836487	9.999999974752427e-07	0.02286946028470993	0.1714627593755722	1.622538547962904e-09	0.015137098729610443	0.3791336119174957	0.1495407670736313	0.06023794412612915	0.014316506683826447	0.02286946028470993	0.008695651777088642	0.1714627742767334	1.622538547962904e-09	0.010177051648497581	0.012431896291673183	1.622538547962904e-09	5.000001692678779e-07	9.999999974752427e-07	0.0066950321197509766	0.007796458899974823	-1.3278622645884752e-08	0.030927835032343864	-1.3278622645884752e-08	0.007485579699277878	-1.3278622645884752e-08	0.02777777798473835	-1.3278622645884752e-08	9.999999974752427e-07	0.008695651777088642	0.3669217824935913	0.04854368790984154	5.000001692678779e-07	0.19233909249305725	1.622538547962904e-09	0.021178677678108215	0.01907869055867195	0.26595744490623474	9.999999974752427e-07	0.0752153992652893	0.29844412207603455	0.019078686833381653	9.999999974752427e-07	0.010416666977107525	0.19233903288841248	0.010324249044060707	0.007624335587024689	1.622538547962904e-09	1.622538547962904e-09	1.622538547962904e-09	9.999999974752427e-07	0.19233903288841248	0.19233904778957367	1.622538547962904e-09	0.026356376707553864	0.1634756326675415	0.04025733470916748	1.622538547962904e-09	1.622538547962904e-09	0.19233901798725128	1.622538547962904e-09	0.015331998467445374	0.0117647061124444	0.24910278618335724	0.01778506487607956	-1.3278622645884752e-08	0.24910281598567963	1.622538547962904e-09	9.999999974752427e-07	1.622538547962904e-09	0.1170303225517273	0.015458554029464722	0.0752154290676117	-1.3278622645884752e-08	0.00909090880304575	-1.3278622645884752e-08	0.009573204442858696	0.021178681403398514	0.0752154216170311	0.018691588193178177	0.015458546578884125	5.000001692678779e-07	0.005539223551750183	1.622538547962904e-09	0.01778506673872471	9.999999974752427e-07	0.02822054922580719	1.5000005078036338e-06	1.622538547962904e-09	9.999999974752427e-07	9.999999974752427e-07	-1.3278622645884752e-08	9.999999974752427e-07	0.16347557306289673	1.622538547962904e-09	0.14051920175552368	0.16347560286521912	0.24910280108451843	0.19233904778957367	0.011078421026468277	0.010101010091602802	0.009573204442858696	0.009177450090646744	0.1405191868543625	0.008695651777088642	1.622538547962904e-09	0.2222222238779068	0.11703035235404968	0.04181492328643799	0.011904762126505375	0.009177450090646744	0.010869565419852734	0.14051920175552368	-1.3278622645884752e-08	0.005539223551750183	0.026356376707553864	1.622538547962904e-09	5.000001692678779e-07	0.009999999776482582	0.019078688696026802	1.622538547962904e-09	0.010324249044060707	9.999999974752427e-07	9.999999974752427e-07	1.622538547962904e-09	9.999999974752427e-07	9.999999974752427e-07	1.622538547962904e-09	1.622538547962904e-09	0.012001235038042068	0.43699365854263306	0.05826278030872345	9.999999974752427e-07	0.2679571509361267	9.999999974752427e-07	0.04900254309177399	1.622538547962904e-09	0.3783048987388611	0.009493403136730194	0.06596280634403229	0.3783048987388611	1.622538547962904e-09	9.999999974752427e-07	0.01123595517128706	0.2679571211338043	-2.4010660126805305e-10	1.622538547962904e-09	-1.3278622645884752e-08	1.622538547962904e-09	1.622538547962904e-09	6.666664376098197e-07	0.25453197956085205	0.2679571211338043	0.010989011265337467	1.3333333299669903e-06	0.20756608247756958	0.04900253564119339	1.622538547962904e-09	0.005720056593418121	0.2679571211338043	1.622538547962904e-09	0.015754282474517822	0.010256902314722538	0.37830477952957153	0.01601792871952057	-2.4010660126805305e-10	0.37830477952957153	0.019911104813218117	9.999999974752427e-07	1.622538547962904e-09	0.1568257212638855	0.013005435466766357	0.11561180651187897	0.01815195381641388	6.666664376098197e-07	0.01815195381641388	0.010526316240429878	0.04900252819061279	0.06741572916507721	0.03269492834806442	0.018725495785474777	0.00909090880304575	-2.4010660126805305e-10	1.622538547962904e-09	0.00917431153357029	0.009686248376965523	0.009686246514320374	0.025567827746272087	9.999999974752427e-07	0.043478261679410934	0.015754278749227524	-2.4010660126805305e-10	0.009493403136730194	0.2075660675764084	9.999999974752427e-07	0.15682576596736908	0.20756608247756958	0.37830477952957153	0.26795709133148193	0.030948013067245483	0.025567827746272087	9.999999974752427e-07	9.999999974752427e-07	0.17497771978378296	0.009708737954497337	0.00909090880304575	0.3183199465274811	0.1568257361650467	0.04121395945549011	0.04972793161869049	0.010204081423580647	0.007700018584728241	0.19181178510189056	9.999999974752427e-07	0.011036908254027367	0.022488445043563843	0.016806723549962044	9.999999974752427e-07	0.009615384973585606	1.622538547962904e-09	1.622538547962904e-09	-2.4010660126805305e-10	1.622538547962904e-09	9.999999974752427e-07	1.622538547962904e-09	0.009803921915590763	1.622538547962904e-09	1.622538547962904e-09	-2.4010660126805305e-10	9.999999974752427e-07	0.3545212149620056	0.02059110254049301	0.010625112801790237	0.2112308144569397	0.02664199471473694	0.006121933460235596	9.999999974752427e-07	0.3018167018890381	0.006626579910516739	0.02059112675487995	0.3018167018890381	0.018646501004695892	-1.3278622645884752e-08	1.622538547962904e-09	0.16690455377101898	0.015181045979261398	9.999999974752427e-07	1.622538547962904e-09	1.622538547962904e-09	0.010238776914775372	1.622538547962904e-09	0.14026257395744324	0.21123090386390686	-1.3278622645884752e-08	1.622538547962904e-09	0.14026251435279846	0.024768441915512085	1.622538547962904e-09	1.622538547962904e-09	0.21123090386390686	-1.3278622645884752e-08	0.011363636702299118	6.912159733474255e-10	0.23242247104644775	-1.3278622645884752e-08	0.006100691854953766	0.29567739367485046	-1.3278622645884752e-08	-1.3278622645884752e-08	1.622538547962904e-09	0.09294700622558594	1.622538547962904e-09	0.06100180745124817	0.01366463303565979	1.622538547962904e-09	0.007563948631286621	0.011995955370366573	0.0061219483613967896	0.030612245202064514	0.00662657618522644	9.073119144886732e-09	-2.4010660126805305e-10	-1.3278622645884752e-08	-1.3278622645884752e-08	-1.3278622645884752e-08	9.999999974752427e-07	0.027936115860939026	0.010625114664435387	0.027522936463356018	0.007871799170970917	9.999999974752427e-07	1.622538547962904e-09	0.006626579910516739	0.14026251435279846	0.010101010091602802	0.09294699132442474	0.14026251435279846	0.29567742347717285	0.2112308144569397	4.632602212950587e-08	0.013964534737169743	0.011995954439043999	0.006121940910816193	0.10661163181066513	1.622538547962904e-09	0.02664199471473694	0.21910259127616882	0.061001840978860855	1.622538547962904e-09	0.013319943100214005	0.006121940910816193	1.622538547962904e-09	0.10661161690950394	9.999999974752427e-07	-1.3278622645884752e-08	1.622538547962904e-09	1.622538547962904e-09	-2.4010660126805305e-10	1.622538547962904e-09	9.999999974752427e-07	1.622538547962904e-09	0.015181045979261398	1.622538547962904e-09	6.912159733474255e-10	0.010238775983452797	0.007871799170970917	0.006139278411865234	1.622538547962904e-09	-1.3278622645884752e-08	1.622538547962904e-09	0.3608143627643585	0.07295437157154083	0.008505983278155327	0.2816368341445923	0.0093657486140728	0.02610158920288086	-1.3278622645884752e-08	0.309752881526947	8.000001798791345e-07	0.07295437157154083	0.309752881526947	-1.3278622645884752e-08	2.255546860396862e-10	-5.828042048960924e-09	0.22092558443546295	0.024959832429885864	-1.3278622645884752e-08	1.622538547962904e-09	1.622538547962904e-09	-1.3278622645884752e-08	9.999999974752427e-07	0.21155989170074463	0.22092558443546295	2.255546860396862e-10	0.00917431153357029	0.1840570569038391	0.026101574301719666	1.622538547962904e-09	-5.828042048960924e-09	0.22092561423778534	1.622538547962904e-09	-1.3278622645884752e-08	0.008564619347453117	0.29866212606430054	1.622538547962904e-09	9.999999974752427e-07	0.2986621558666229	2.255546860396862e-10	2.255546860396862e-10	1.622538547962904e-09	0.1273503601551056	-5.828042048960924e-09	0.08163265138864517	0.01516491174697876	0.008196720853447914	9.999999974752427e-07	-2.4010660126805305e-10	0.026101604104042053	0.07547169923782349	1.3999997463542968e-06	0.015599853359162807	0.01042632944881916	0.009330733679234982	0.01817210391163826	1.622538547962904e-09	1.622538547962904e-09	0.024959832429885864	0.028257330879569054	9.999999974752427e-07	0.008460655808448792	-1.3278622645884752e-08	9.999999974752427e-07	8.000001798791345e-07	0.14251525700092316	0.009365744888782501	0.1273503601551056	0.14251527190208435	0.29866212606430054	0.2816368341445923	0.009330734610557556	0.05747126415371895	-2.4010660126805305e-10	9.999999974752427e-07	0.14251521229743958	6.000000212225132e-07	0.009365737438201904	0.29009753465652466	0.1273503601551056	0.04308461770415306	-2.4010660126805305e-10	0.009282218292355537	1.622538547962904e-09	0.14251525700092316	9.999999974752427e-07	2.255546860396862e-10	0.027484744787216187	0.017241379246115685	0.009325018152594566	-5.828042048960924e-09	-1.3278622645884752e-08	0.015599831938743591	0.02495983988046646	-2.4010660126805305e-10	9.999999974752427e-07	-1.3278622645884752e-08	0.008460652083158493	0.011090733110904694	1.622538547962904e-09	2.255546860396862e-10	0.016819382086396217
70	-15547.466796875	-1	9	57	76	75	26	89	10	62	48	0	26	84	41	29	91	66	5	0	11	24	14	68	37	85	21	0	0	50	22	3	66	33	67	21	43	7	69	12	0	65	50	77	73	24	43	79	5	42	1	78	57	69	21	34	56	0	70	42	76	31	43	49	25	4	73	63	36	3	21	1	46	80	82	49	14	33	40	77	33	47	9	66	48	69	78	85	57	13	11	50	56	7	32	19	59	7	0	70	47	0.5437127947807312	0.08644906431436539	0.010285336524248123	0.4145510792732239	0.012830331921577454	0.010498285293579102	0.010526316240429878	0.4251323938369751	9.999999974752427e-07	0.08644905686378479	0.44155386090278625	0.06554710865020752	9.999999974752427e-07	9.999999974752427e-07	0.4095746874809265	9.999999974752427e-07	0.005317971110343933	1.622538547962904e-09	1.622538547962904e-09	9.999999974752427e-07	0.02298850566148758	0.39674437046051025	0.4095746576786041	9.999999974752427e-07	0.03314200043678284	0.2897196114063263	0.07604538649320602	1.622538547962904e-09	9.999999974752427e-07	0.4095746576786041	0.0049764662981033325	1.622538547962904e-09	1.622538547962904e-09	0.4145510196685791	0.03333333507180214	-1.3278622645884752e-08	0.42513248324394226	9.999999974752427e-07	9.999999974752427e-07	1.622538547962904e-09	0.22580645978450775	0.012048192322254181	0.1361638456583023	-1.3278622645884752e-08	9.999999974752427e-07	-1.3278622645884752e-08	1.622538547962904e-09	0.010498279705643654	0.1361638605594635	0.030567780137062073	0.02411612868309021	1.622538547962904e-09	0.008196720853447914	0.010869565419852734	9.999999974752427e-07	0.010526316240429878	0.026113219559192657	0.019338728860020638	-2.4010660126805305e-10	-1.3278622645884752e-08	1.622538547962904e-09	-1.3278622645884752e-08	0.030567795038223267	0.2705919146537781	9.999999974752427e-07	0.26527389883995056	0.2705919146537781	0.4251324534416199	0.40957462787628174	0.030927833169698715	0.05588129162788391	1.622538547962904e-09	0.010498277842998505	0.2652738690376282	-1.3278622645884752e-08	0.012830331921577454	0.4145510792732239	0.22250455617904663	0.08634074777364731	1.622538547962904e-09	0.010498279705643654	1.622538547962904e-09	0.26527389883995056	0.036036036908626556	0.009900989942252636	0.062224678695201874	0.029082641005516052	0.009053405374288559	9.999999974752427e-07	0.012195121496915817	9.999999974752427e-07	0.008547008968889713	-1.3278622645884752e-08	1.622538547962904e-09	9.999999974752427e-07	-1.3278622645884752e-08	-1.3278622645884752e-08	1.622538547962904e-09	9.999999974752427e-07	1.622538547962904e-09	0.42310068011283875	0.044965583831071854	0.010405872017145157	0.2722354233264923	0.010044899769127369	0.021052632480859756	9.999999974752427e-07	0.31625205278396606	0.018691588193178177	0.05226296931505203	0.31625208258628845	0.01785714365541935	0.010989011265337467	1.622538547962904e-09	0.2722354829311371	9.999999974752427e-07	1.622538547962904e-09	0.019417475908994675	1.622538547962904e-09	9.999999974752427e-07	6.666664376098197e-07	0.2291666716337204	0.2722355127334595	9.999999974752427e-07	1.3333333299669903e-06	0.18190434575080872	0.09699182957410812	1.622538547962904e-09	0.0078512541949749	0.2722354829311371	1.622538547962904e-09	1.622538547962904e-09	0.010638297535479069	0.31625205278396606	9.999999974752427e-07	-7.275957614183426e-12	0.31625205278396606	0.010526316240429878	0.009009009227156639	1.622538547962904e-09	0.10256186127662659	1.622538547962904e-09	0.0606570690870285	0.008510754443705082	6.666664376098197e-07	-7.275957614183426e-12	9.999999974752427e-07	1.3999997463542968e-06	0.05226296931505203	0.034559715539216995	0.022432178258895874	2.255546860396862e-10	9.999999974752427e-07	9.999999974752427e-07	9.999999974752427e-07	0.008264463394880295	0.009856697171926498	0.010405872017145157	0.008394088596105576	1.622538547962904e-09	1.622538547962904e-09	0.008510754443705082	0.034559719264507294	0.18190431594848633	0.010044899769127369	0.11764705926179886	0.18190433084964752	0.31625205278396606	0.2722354531288147	0.042105261236429214	0.010405872017145157	9.999999974752427e-07	8.000001798791345e-07	0.18190434575080872	1.622538547962904e-09	0.010044898837804794	0.2722353935241699	0.10256189107894897	0.04190482199192047	9.999999974752427e-07	8.000001798791345e-07	0.007297396659851074	0.18190433084964752	1.622538547962904e-09	0.016949152573943138	0.01947261206805706	9.999999974752427e-07	2.255546860396862e-10	1.622538547962904e-09	0.011627906933426857	0.014580924063920975	9.999999974752427e-07	1.622538547962904e-09	9.999999974752427e-07	9.999999974752427e-07	1.622538547962904e-09	1.622538547962904e-09	1.622538547962904e-09	2.255546860396862e-10	6.000000212225132e-07	0.4494662880897522	0.08000115305185318	9.999999974752427e-07	0.3330483138561249	-1.3278622645884752e-08	0.03483249247074127	9.999999974752427e-07	0.386263370513916	0.009220771491527557	0.08756303787231445	0.38626334071159363	0.013322077691555023	-1.3278622645884752e-08	9.999999974752427e-07	0.2947915494441986	9.999999974752427e-07	0.029411764815449715	9.999999974752427e-07	-1.3278622645884752e-08	0.008118398487567902	0.010526316240429878	0.2947915494441986	0.2947915196418762	-1.3278622645884752e-08	0.01075268816202879	0.2947915196418762	0.04815460741519928	-1.3278622645884752e-08	0.02777777798473835	0.2947915494441986	0.019186578691005707	9.999999974752427e-07	0.008000463247299194	0.38626325130462646	-1.3278622645884752e-08	1.622538547962904e-09	0.38626331090927124	-1.3278622645884752e-08	-1.3278622645884752e-08	-1.3278622645884752e-08	0.1528805047273636	9.999999974752427e-07	0.08756301552057266	0.009048528037965298	9.999999974752427e-07	1.622538547962904e-09	0.009130984544754028	0.02860131859779358	0.08756303787231445	0.009220770560204983	0.04123711213469505	9.999999974752427e-07	-1.3278622645884752e-08	-1.3278622645884752e-08	-1.3278622645884752e-08	0.008003763854503632	0.015048369765281677	0.029999999329447746	1.622538547962904e-09	0.00909090880304575	9.999999974752427e-07	0.009048528969287872	0.009220771491527557	0.2947915196418762	-1.3278622645884752e-08	0.15288051962852478	0.2499999850988388	0.38626334071159363	0.31386175751686096	-1.3278622645884752e-08	0.032608695328235626	0.009130991995334625	9.999999974752427e-07	0.16192904114723206	-2.4010660126805305e-10	-1.3278622645884752e-08	0.36913180351257324	0.1528804898262024	0.06531748175621033	0.009130977094173431	0.028601333498954773	0.00756189227104187	0.16814157366752625	1.622538547962904e-09	-1.3278622645884752e-08	0.021052632480859756	0.009900989942252636	0.027272727340459824	9.999999974752427e-07	0.005203664302825928	0.008620689623057842	0.007044591009616852	-1.3278622645884752e-08	0.008000463247299194	0.008118398487567902	9.999999974752427e-07	-1.3278622645884752e-08	-1.3278622645884752e-08	9.999999974752427e-07	1.622538547962904e-09	0.4417252242565155	0.024390242993831635	9.999999974752427e-07	0.30527326464653015	0.010416666977107525	0.014637134969234467	9.999999974752427e-07	0.3760969042778015	9.999999974752427e-07	0.04878048598766327	0.3760969042778015	0.05099133402109146	9.999999974752427e-07	0.008882244117558002	0.30527329444885254	1.622538547962904e-09	1.622538547962904e-09	1.622538547962904e-09	1.622538547962904e-09	0.030414395034313202	0.012048192322254181	0.29318323731422424	0.30527329444885254	9.999999974752427e-07	0.017391303554177284	0.2670987844467163	0.06562843918800354	1.622538547962904e-09	0.010416666977107525	0.30527329444885254	1.622538547962904e-09	1.622538547962904e-09	1.622538547962904e-09	0.30527329444885254	1.622538547962904e-09	0.010526316240429878	0.3760969042778015	9.999999974752427e-07	9.999999974752427e-07	1.622538547962904e-09	0.14387741684913635	0.025641024112701416	0.07431011646986008	0.032608695328235626	9.999999974752427e-07	0.009615384973585606	1.622538547962904e-09	0.014637134969234467	0.07431010156869888	0.010309278033673763	0.04452749714255333	0.009433962404727936	9.999999974752427e-07	1.622538547962904e-09	1.622538547962904e-09	1.622538547962904e-09	1.622538547962904e-09	0.009569531306624413	1.622538547962904e-09	1.622538547962904e-09	1.622538547962904e-09	0.01123595517128706	9.999999974752427e-07	0.20471768081188202	9.999999974752427e-07	0.14387744665145874	0.2047176957130432	0.3052733242511749	0.30527329444885254	0.026084452867507935	0.009569530375301838	1.622538547962904e-09	0.010101010091602802	0.204717755317688	0.010204081423580647	0.010989011265337467	0.30527329444885254	0.14387741684913635	0.06956726312637329	1.622538547962904e-09	0.01463712751865387	9.999999974752427e-07	0.20471777021884918	0.009803921915590763	9.999999974752427e-07	0.02503982186317444	9.999999974752427e-07	9.999999974752427e-07	0.008882243186235428	0.020576931536197662	9.999999974752427e-07	1.622538547962904e-09	1.622538547962904e-09	1.622538547962904e-09	9.999999974752427e-07	1.622538547962904e-09	1.622538547962904e-09	1.622538547962904e-09	-7.275957614183426e-12	1.622538547962904e-09	0.3537144362926483	0.026411600410938263	3.636359906522557e-07	0.20192477107048035	1.622538547962904e-09	0.027027027681469917	-7.275957614183426e-12	0.28152182698249817	1.622538547962904e-09	0.026411622762680054	0.2815217971801758	0.010256588459014893	9.999999974752427e-07	1.622538547962904e-09	0.20192477107048035	9.999999974752427e-07	1.622538547962904e-09	9.999999974752427e-07	1.622538547962904e-09	0.010256589390337467	1.622538547962904e-09	0.20192474126815796	0.20192478597164154	1.622538547962904e-09	1.622538547962904e-09	0.16246558725833893	0.05873368680477142	1.622538547962904e-09	0.027633339166641235	0.20192477107048035	-1.3278622645884752e-08	1.622538547962904e-09	-1.3278622645884752e-08	0.20192483067512512	0.008206691592931747	9.999999974752427e-07	0.2740027904510498	1.622538547962904e-09	9.999999974752427e-07	1.622538547962904e-09	0.05703481286764145	1.622538547962904e-09	0.02641153335571289	0.03179077059030533	1.622538547962904e-09	9.999999974752427e-07	-1.3278622645884752e-08	0.009401541203260422	0.026411622762680054	0.009916093200445175	0.027633339166641235	3.636359906522557e-07	1.622538547962904e-09	0.013445600867271423	0.008206691592931747	9.999999974752427e-07	0.013458997011184692	1.090907630896254e-06	-1.3278622645884752e-08	-1.3278622645884752e-08	1.622538547962904e-09	9.999999974752427e-07	1.622538547962904e-09	0.16246557235717773	1.622538547962904e-09	0.05703481659293175	0.10570608824491501	0.2626262605190277	0.20192477107048035	0.01780684106051922	1.5454570529982448e-06	-1.3278622645884752e-08	9.999999974752427e-07	0.08882559835910797	0.009916089475154877	1.622538547962904e-09	0.20192478597164154	0.05404491350054741	0.027633339166641235	-1.3278622645884752e-08	0.009401543065905571	1.622538547962904e-09	0.1057060956954956	-1.3278622645884752e-08	0.017806850373744965	1.622538547962904e-09	1.622538547962904e-09	3.636359906522557e-07	1.622538547962904e-09	-7.275957614183426e-12	1.622538547962904e-09	9.999999974752427e-07	1.622538547962904e-09	-1.3278622645884752e-08	9.999999974752427e-07	-1.3278622645884752e-08	0.007519088685512543	1.622538547962904e-09	4.54543624073267e-07	2.255546860396862e-10	0.5330701470375061	0.005072489380836487	5.000001692678779e-07	0.3791336119174957	0.015137098729610443	0.04571789503097534	9.999999974752427e-07	0.47317150235176086	1.622538547962904e-09	0.08930285274982452	0.47317150235176086	0.014180606231093407	0.010177051648497581	9.999999974752427e-07	0.283880352973938	-1.3278622645884752e-08	1.622538547962904e-09	0.009429067373275757	-1.3278622645884752e-08	0.007485583424568176	9.999999974752427e-07	0.2687433063983917	0.3461630940437317	0.011049933731555939	0.012431889772415161	0.21618443727493286	0.059898555278778076	-1.3278622645884752e-08	1.622538547962904e-09	0.2838802933692932	0.030927835032343864	0.04472166299819946	-1.3278622645884752e-08	0.39345017075538635	1.622538547962904e-09	-1.3278622645884752e-08	0.39345014095306396	0.011049933731555939	0.010177051648497581	-1.3278622645884752e-08	0.16346153616905212	0.04000958055257797	0.08930287510156631	-1.3278622645884752e-08	0.010416666977107525	-1.3278622645884752e-08	0.014316469430923462	0.036288827657699585	0.08930285274982452	1.622538547962904e-09	0.0478060245513916	5.000001692678779e-07	0.028037382289767265	1.622538547962904e-09	1.622538547962904e-09	-1.3278622645884752e-08	-1.3278622645884752e-08	1.5000005078036338e-06	1.622538547962904e-09	-1.3278622645884752e-08	9.999999974752427e-07	-1.3278622645884752e-08	1.622538547962904e-09	0.21618443727493286	0.015137098729610443	0.171462744474411	0.21618443727493286	0.39345014095306396	0.3461630940437317	0.05255882441997528	0.005072489380836487	9.999999974752427e-07	0.02286946028470993	0.1714627593755722	1.622538547962904e-09	0.01513710618019104	0.37913358211517334	0.1495407670736313	0.06023794412612915	0.014316461980342865	0.02286946028470993	0.008695651777088642	0.1714627593755722	1.622538547962904e-09	0.010177051648497581	0.012431896291673183	1.622538547962904e-09	5.000001692678779e-07	9.999999974752427e-07	0.0066950395703315735	0.007796458899974823	-1.3278622645884752e-08	0.030927835032343864	-1.3278622645884752e-08	0.007485583424568176	-1.3278622645884752e-08	0.02777777798473835	-1.3278622645884752e-08	9.999999974752427e-07	0.008695651777088642	0.3669218420982361	0.04854368790984154	5.000001692678779e-07	0.19233903288841248	1.622538547962904e-09	0.021178677678108215	0.01907866820693016	0.26595741510391235	9.999999974752427e-07	0.0752153992652893	0.2984440326690674	0.01907867193222046	9.999999974752427e-07	0.010416666977107525	0.19233903288841248	0.010324249044060707	0.007624365389347076	1.622538547962904e-09	1.622538547962904e-09	1.622538547962904e-09	9.999999974752427e-07	0.19233901798725128	0.19233904778957367	1.622538547962904e-09	0.026356376707553864	0.16347560286521912	0.04025731980800629	1.622538547962904e-09	1.622538547962904e-09	0.19233901798725128	1.622538547962904e-09	0.015332028269767761	0.0117647061124444	0.24910278618335724	0.01778506115078926	-1.3278622645884752e-08	0.24910277128219604	1.622538547962904e-09	9.999999974752427e-07	1.622538547962904e-09	0.1170303225517273	0.015458554029464722	0.0752154290676117	-1.3278622645884752e-08	0.00909090880304575	-1.3278622645884752e-08	0.009573204442858696	0.02117867022752762	0.0752154216170311	0.018691588193178177	0.015458546578884125	5.000001692678779e-07	0.005539216101169586	1.622538547962904e-09	0.01778506115078926	9.999999974752427e-07	0.02822047472000122	1.5000005078036338e-06	1.622538547962904e-09	9.999999974752427e-07	9.999999974752427e-07	-1.3278622645884752e-08	9.999999974752427e-07	0.16347560286521912	1.622538547962904e-09	0.14051920175552368	0.16347560286521912	0.24910280108451843	0.19233901798725128	0.011078406125307083	0.010101010091602802	0.009573204442858696	0.009177442640066147	0.14051921665668488	0.008695651777088642	1.622538547962904e-09	0.2222222089767456	0.11703035235404968	0.04181492328643799	0.011904762126505375	0.009177440777420998	0.010869565419852734	0.14051920175552368	-1.3278622645884752e-08	0.005539216101169586	0.026356376707553864	1.622538547962904e-09	5.000001692678779e-07	0.009999999776482582	0.01907867006957531	1.622538547962904e-09	0.010324249044060707	9.999999974752427e-07	9.999999974752427e-07	1.622538547962904e-09	9.999999974752427e-07	9.999999974752427e-07	1.622538547962904e-09	9.999999974752427e-07	0.012001216411590576	0.43699362874031067	0.05826277285814285	9.999999974752427e-07	0.2679571211338043	9.999999974752427e-07	0.04900258779525757	1.622538547962904e-09	0.3783048391342163	0.009493403136730194	0.0659627914428711	0.3783048391342163	1.622538547962904e-09	9.999999974752427e-07	0.01123595517128706	0.26795709133148193	-2.4010660126805305e-10	1.622538547962904e-09	-1.3278622645884752e-08	1.622538547962904e-09	1.622538547962904e-09	6.666664376098197e-07	0.25453197956085205	0.26795709133148193	0.010989011265337467	1.3333333299669903e-06	0.2075660526752472	0.049002520740032196	1.622538547962904e-09	0.005720064043998718	0.26795709133148193	1.622538547962904e-09	0.015754304826259613	0.010256924666464329	0.3783048391342163	0.016017943620681763	-2.4010660126805305e-10	0.3783048391342163	0.019911110401153564	9.999999974752427e-07	1.622538547962904e-09	0.1568257212638855	0.013005442917346954	0.11561182141304016	0.01815195381641388	6.666664376098197e-07	0.018151957541704178	0.010526316240429878	0.04900252819061279	0.06741572916507721	0.03269495069980621	0.018725519999861717	0.00909090880304575	-2.4010660126805305e-10	1.622538547962904e-09	0.00917431153357029	0.009686263278126717	0.009686261415481567	0.025567835196852684	9.999999974752427e-07	0.043478261679410934	0.015754304826259613	-2.4010660126805305e-10	0.009493403136730194	0.2075660675764084	9.999999974752427e-07	0.15682575106620789	0.2075660526752472	0.3783048391342163	0.26795709133148193	0.03094802051782608	0.02556784264743328	9.999999974752427e-07	9.999999974752427e-07	0.17497770488262177	0.009708737954497337	0.00909090880304575	0.3183199465274811	0.15682575106620789	0.04121394455432892	0.04972795397043228	0.010204081423580647	0.007700033485889435	0.19181180000305176	9.999999974752427e-07	0.011036913841962814	0.02248847484588623	0.016806723549962044	9.999999974752427e-07	0.009615384973585606	1.622538547962904e-09	1.622538547962904e-09	-2.4010660126805305e-10	1.622538547962904e-09	9.999999974752427e-07	1.622538547962904e-09	0.009803921915590763	1.622538547962904e-09	1.622538547962904e-09	1.622538547962904e-09	9.999999974752427e-07	0.3545213043689728	0.020591087639331818	0.010625112801790237	0.21123084425926208	0.02664199471473694	0.0061219222843647	9.999999974752427e-07	0.3018166422843933	0.006626591086387634	0.020591139793395996	0.3018166720867157	0.01864650845527649	-1.3278622645884752e-08	1.622538547962904e-09	0.1669045239686966	0.015181045979261398	9.999999974752427e-07	1.622538547962904e-09	1.622538547962904e-09	0.010238776914775372	1.622538547962904e-09	0.14026254415512085	0.2112308144569397	-1.3278622645884752e-08	1.622538547962904e-09	0.14026251435279846	0.024768419563770294	1.622538547962904e-09	1.622538547962904e-09	0.2112308144569397	-1.3278622645884752e-08	0.011363636702299118	6.912159733474255e-10	0.23242251574993134	-1.3278622645884752e-08	0.006100691854953766	0.29567739367485046	-1.3278622645884752e-08	-1.3278622645884752e-08	1.622538547962904e-09	0.09294700622558594	1.622538547962904e-09	0.06100180745124817	0.01366463303565979	1.622538547962904e-09	0.007563948631286621	0.011995955370366573	0.0061219483613967896	0.030612245202064514	0.00662657618522644	9.073119144886732e-09	-2.4010660126805305e-10	-1.3278622645884752e-08	-1.3278622645884752e-08	-1.3278622645884752e-08	9.999999974752427e-07	0.027936100959777832	0.010625114664435387	0.027522936463356018	0.007871739566326141	9.999999974752427e-07	1.622538547962904e-09	0.006626587361097336	0.14026251435279846	0.010101010091602802	0.09294699132442474	0.14026251435279846	0.29567742347717285	0.21123076975345612	-1.3278622645884752e-08	0.013964549638330936	0.011995954439043999	0.0061219483613967896	0.10661163181066513	1.622538547962904e-09	0.02664199471473694	0.2191026210784912	0.061001840978860855	1.622538547962904e-09	0.013319892808794975	0.0061219483613967896	1.622538547962904e-09	0.10661161690950394	9.999999974752427e-07	-1.3278622645884752e-08	1.622538547962904e-09	1.622538547962904e-09	-2.4010660126805305e-10	1.622538547962904e-09	9.999999974752427e-07	1.622538547962904e-09	0.015181045979261398	1.622538547962904e-09	6.912159733474255e-10	0.010238775983452797	0.007871739566326141	0.006139293313026428	1.622538547962904e-09	9.999999974752427e-07	1.622538547962904e-09	0.36081427335739136	0.07295433431863785	0.008505983278155327	0.2816368341445923	0.009365733712911606	0.026101619005203247	-1.3278622645884752e-08	0.3097529113292694	8.000001798791345e-07	0.07295436412096024	0.3097529113292694	-1.3278622645884752e-08	2.255546860396862e-10	-5.828042048960924e-09	0.22092558443546295	0.024959877133369446	-1.3278622645884752e-08	1.622538547962904e-09	1.622538547962904e-09	-1.3278622645884752e-08	9.999999974752427e-07	0.21155986189842224	0.22092558443546295	2.255546860396862e-10	0.00917431153357029	0.1840570718050003	0.02610160782933235	1.622538547962904e-09	-5.828042048960924e-09	0.22092558443546295	1.622538547962904e-09	-1.3278622645884752e-08	0.00856461375951767	0.2986621558666229	1.622538547962904e-09	9.999999974752427e-07	0.2986621856689453	2.255546860396862e-10	2.255546860396862e-10	1.622538547962904e-09	0.1273503601551056	-5.828042048960924e-09	0.08163264393806458	0.015164852142333984	0.008196720853447914	9.999999974752427e-07	-2.4010660126805305e-10	0.026101626455783844	0.07547169178724289	1.3999997463542968e-06	0.015599853359162807	0.01042632944881916	0.009330736473202705	0.01817210391163826	1.622538547962904e-09	1.622538547962904e-09	0.024959862232208252	0.028257330879569054	9.999999974752427e-07	0.008460663259029388	-1.3278622645884752e-08	9.999999974752427e-07	8.000001798791345e-07	0.14251527190208435	0.009365729987621307	0.1273503601551056	0.14251528680324554	0.29866212606430054	0.2816368341445923	0.009330738335847855	0.05747126042842865	-2.4010660126805305e-10	9.999999974752427e-07	0.14251522719860077	6.000000212225132e-07	0.009365737438201904	0.29009753465652466	0.1273503601551056	0.04308461770415306	-2.4010660126805305e-10	0.009282233193516731	1.622538547962904e-09	0.14251522719860077	9.999999974752427e-07	2.255546860396862e-10	0.027484744787216187	0.017241379246115685	0.009325018152594566	-5.828042048960924e-09	-1.3278622645884752e-08	0.015599831938743591	0.024959884583950043	-2.4010660126805305e-10	9.999999974752427e-07	-1.3278622645884752e-08	0.00846065953373909	0.01109074242413044	1.622538547962904e-09	9.999999974752427e-07	0.016819393262267113
71	-15547.466796875	-1	9	57	76	75	26	89	10	62	48	0	26	84	41	29	91	66	5	0	11	24	14	68	37	85	21	0	0	50	22	3	66	33	67	21	43	7	69	12	0	65	50	77	73	24	43	79	5	42	1	78	57	69	21	34	56	0	70	42	76	31	43	49	25	4	73	63	36	3	21	1	46	80	82	49	14	33	40	77	33	47	9	66	48	69	78	85	57	13	11	50	56	7	32	19	59	7	0	71	47	0.5437126159667969	0.08644906431436539	0.010285336524248123	0.4145510792732239	0.012830324470996857	0.010498300194740295	0.010526316240429878	0.4251324534416199	9.999999974752427e-07	0.08644905686378479	0.4415540099143982	0.06554719805717468	9.999999974752427e-07	9.999999974752427e-07	0.40957462787628174	9.999999974752427e-07	0.005317971110343933	1.622538547962904e-09	1.622538547962904e-09	9.999999974752427e-07	0.02298850566148758	0.3967443108558655	0.40957462787628174	9.999999974752427e-07	0.03314200043678284	0.2897196114063263	0.07604550570249557	1.622538547962904e-09	9.999999974752427e-07	0.40957462787628174	0.004976481199264526	1.622538547962904e-09	1.622538547962904e-09	0.4145510494709015	0.03333333507180214	-1.3278622645884752e-08	0.4251324236392975	9.999999974752427e-07	9.999999974752427e-07	1.622538547962904e-09	0.22580645978450775	0.012048192322254181	0.1361638456583023	-1.3278622645884752e-08	9.999999974752427e-07	-1.3278622645884752e-08	1.622538547962904e-09	0.010498298332095146	0.1361638605594635	0.030567780137062073	0.02411612868309021	1.622538547962904e-09	0.008196720853447914	0.010869565419852734	9.999999974752427e-07	0.010526316240429878	0.026113413274288177	0.019338728860020638	-2.4010660126805305e-10	-1.3278622645884752e-08	1.622538547962904e-09	-1.3278622645884752e-08	0.030567795038223267	0.2705919146537781	9.999999974752427e-07	0.26527389883995056	0.2705919146537781	0.4251323938369751	0.40957462787628174	0.030927833169698715	0.05588129162788391	1.622538547962904e-09	0.010498300194740295	0.2652738690376282	-1.3278622645884752e-08	0.012830320745706558	0.4145510792732239	0.22250455617904663	0.08634074777364731	1.622538547962904e-09	0.010498298332095146	1.622538547962904e-09	0.26527389883995056	0.036036036908626556	0.009900989942252636	0.062224678695201874	0.029082641005516052	0.009053405374288559	9.999999974752427e-07	0.012195121496915817	9.999999974752427e-07	0.008547008968889713	-1.3278622645884752e-08	1.622538547962904e-09	9.999999974752427e-07	-1.3278622645884752e-08	-1.3278622645884752e-08	1.622538547962904e-09	1.622538547962904e-09	1.622538547962904e-09	0.4231007397174835	0.04496558755636215	0.010405869223177433	0.2722354531288147	0.010044899769127369	0.021052632480859756	9.999999974752427e-07	0.31625208258628845	0.018691588193178177	0.05226296931505203	0.31625211238861084	0.01785714365541935	0.010989011265337467	1.622538547962904e-09	0.2722354531288147	9.999999974752427e-07	1.622538547962904e-09	0.019417475908994675	1.622538547962904e-09	9.999999974752427e-07	6.666664376098197e-07	0.2291666716337204	0.2722354531288147	9.999999974752427e-07	1.3333333299669903e-06	0.1819043606519699	0.09699182957410812	1.622538547962904e-09	0.0078512541949749	0.2722354531288147	1.622538547962904e-09	1.622538547962904e-09	0.010638297535479069	0.31625205278396606	9.999999974752427e-07	-7.275957614183426e-12	0.31625205278396606	0.010526316240429878	0.009009009227156639	1.622538547962904e-09	0.10256187617778778	1.622538547962904e-09	0.0606570690870285	0.008510754443705082	6.666664376098197e-07	-7.275957614183426e-12	9.999999974752427e-07	1.3999997463542968e-06	0.05226297304034233	0.034559715539216995	0.022432174533605576	2.255546860396862e-10	9.999999974752427e-07	9.999999974752427e-07	9.999999974752427e-07	0.008264463394880295	0.009856700897216797	0.010405868291854858	0.008394084870815277	1.622538547962904e-09	1.622538547962904e-09	0.008510754443705082	0.034559715539216995	0.18190431594848633	0.010044899769127369	0.11764705926179886	0.18190434575080872	0.31625205278396606	0.2722354531288147	0.042105261236429214	0.010405870154500008	9.999999974752427e-07	8.000001798791345e-07	0.18190434575080872	1.622538547962904e-09	0.010044898837804794	0.2722354531288147	0.10256189107894897	0.04190482199192047	9.999999974752427e-07	8.000001798791345e-07	0.00729738175868988	0.18190434575080872	1.622538547962904e-09	0.016949152573943138	0.01947261206805706	9.999999974752427e-07	2.255546860396862e-10	1.622538547962904e-09	0.011627906933426857	0.014580924063920975	9.999999974752427e-07	1.622538547962904e-09	9.999999974752427e-07	9.999999974752427e-07	1.622538547962904e-09	1.622538547962904e-09	1.622538547962904e-09	9.999999974752427e-07	6.000000212225132e-07	0.4494662880897522	0.08000115305185318	9.999999974752427e-07	0.3330483138561249	-1.3278622645884752e-08	0.03483249247074127	9.999999974752427e-07	0.386263370513916	0.009220771491527557	0.08756303787231445	0.38626334071159363	0.013322077691555023	-1.3278622645884752e-08	9.999999974752427e-07	0.2947915494441986	9.999999974752427e-07	0.029411764815449715	9.999999974752427e-07	-1.3278622645884752e-08	0.008118398487567902	0.010526316240429878	0.2947915494441986	0.2947915196418762	-1.3278622645884752e-08	0.01075268816202879	0.2947915196418762	0.04815460741519928	-1.3278622645884752e-08	0.02777777798473835	0.2947915494441986	0.019186578691005707	9.999999974752427e-07	0.008000463247299194	0.38626325130462646	-1.3278622645884752e-08	1.622538547962904e-09	0.38626331090927124	-1.3278622645884752e-08	-1.3278622645884752e-08	-1.3278622645884752e-08	0.1528805047273636	9.999999974752427e-07	0.08756301552057266	0.009048528037965298	9.999999974752427e-07	1.622538547962904e-09	0.009130984544754028	0.02860131859779358	0.08756303787231445	0.009220770560204983	0.04123711213469505	9.999999974752427e-07	-1.3278622645884752e-08	-1.3278622645884752e-08	-1.3278622645884752e-08	0.008003763854503632	0.015048369765281677	0.029999999329447746	1.622538547962904e-09	0.00909090880304575	9.999999974752427e-07	0.009048528969287872	0.009220771491527557	0.2947915196418762	-1.3278622645884752e-08	0.15288051962852478	0.2499999850988388	0.38626334071159363	0.31386175751686096	-1.3278622645884752e-08	0.032608695328235626	0.009130991995334625	9.999999974752427e-07	0.16192904114723206	-2.4010660126805305e-10	-1.3278622645884752e-08	0.36913180351257324	0.1528804898262024	0.06531748175621033	0.009130977094173431	0.028601333498954773	0.00756189227104187	0.16814157366752625	1.622538547962904e-09	-1.3278622645884752e-08	0.021052632480859756	0.009900989942252636	0.027272727340459824	9.999999974752427e-07	0.005203664302825928	0.008620689623057842	0.007044591009616852	-1.3278622645884752e-08	0.008000463247299194	0.008118398487567902	9.999999974752427e-07	-1.3278622645884752e-08	-1.3278622645884752e-08	9.999999974752427e-07	1.622538547962904e-09	0.4417252242565155	0.024390242993831635	9.999999974752427e-07	0.30527326464653015	0.010416666977107525	0.014637134969234467	9.999999974752427e-07	0.3760969042778015	9.999999974752427e-07	0.04878048598766327	0.3760969042778015	0.05099133402109146	9.999999974752427e-07	0.008882244117558002	0.30527329444885254	1.622538547962904e-09	1.622538547962904e-09	1.622538547962904e-09	1.622538547962904e-09	0.030414395034313202	0.012048192322254181	0.29318323731422424	0.3052733242511749	9.999999974752427e-07	0.017391303554177284	0.2670987844467163	0.06562843918800354	1.622538547962904e-09	0.010416666977107525	0.3052733242511749	1.622538547962904e-09	1.622538547962904e-09	1.622538547962904e-09	0.30527329444885254	1.622538547962904e-09	0.010526316240429878	0.3760969042778015	9.999999974752427e-07	9.999999974752427e-07	1.622538547962904e-09	0.14387741684913635	0.025641024112701416	0.07431011646986008	0.032608695328235626	9.999999974752427e-07	0.009615384973585606	1.622538547962904e-09	0.014637134969234467	0.07431010156869888	0.010309278033673763	0.04452749714255333	0.009433962404727936	9.999999974752427e-07	1.622538547962904e-09	1.622538547962904e-09	1.622538547962904e-09	1.622538547962904e-09	0.009569531306624413	1.622538547962904e-09	1.622538547962904e-09	1.622538547962904e-09	0.01123595517128706	9.999999974752427e-07	0.20471768081188202	9.999999974752427e-07	0.14387744665145874	0.2047176957130432	0.3052733242511749	0.30527329444885254	0.026084452867507935	0.009569531306624413	1.622538547962904e-09	0.010101010091602802	0.204717755317688	0.010204081423580647	0.010989011265337467	0.30527329444885254	0.14387741684913635	0.06956726312637329	1.622538547962904e-09	0.01463712751865387	9.999999974752427e-07	0.20471777021884918	0.009803921915590763	9.999999974752427e-07	0.02503982186317444	9.999999974752427e-07	9.999999974752427e-07	0.008882243186235428	0.020576931536197662	9.999999974752427e-07	1.622538547962904e-09	1.622538547962904e-09	1.622538547962904e-09	9.999999974752427e-07	1.622538547962904e-09	1.622538547962904e-09	1.622538547962904e-09	1.622538547962904e-09	1.622538547962904e-09	0.3537144362926483	0.026411600410938263	4.2857209336943924e-07	0.20192480087280273	1.622538547962904e-09	0.027027027681469917	-7.275957614183426e-12	0.28152185678482056	1.622538547962904e-09	0.026411622762680054	0.28152185678482056	0.010256588459014893	9.999999974752427e-07	1.622538547962904e-09	0.20192481577396393	9.999999974752427e-07	1.622538547962904e-09	9.999999974752427e-07	1.622538547962904e-09	0.010256589390337467	1.622538547962904e-09	0.20192480087280273	0.20192480087280273	1.622538547962904e-09	1.622538547962904e-09	0.16246557235717773	0.05873368680477142	1.622538547962904e-09	0.027633339166641235	0.20192480087280273	-1.3278622645884752e-08	1.622538547962904e-09	-1.3278622645884752e-08	0.20192469656467438	0.00820671021938324	9.999999974752427e-07	0.2740027904510498	1.622538547962904e-09	9.999999974752427e-07	1.622538547962904e-09	0.05703481286764145	1.622538547962904e-09	0.02641153335571289	0.03179077059030533	1.622538547962904e-09	9.999999974752427e-07	-1.3278622645884752e-08	0.009401541203260422	0.026411622762680054	0.009916093200445175	0.027633339166641235	4.2857209336943924e-07	1.622538547962904e-09	0.013445630669593811	0.00820671021938324	9.999999974752427e-07	0.013458997011184692	1.2857158253609668e-06	-1.3278622645884752e-08	-1.3278622645884752e-08	1.622538547962904e-09	9.999999974752427e-07	1.622538547962904e-09	0.16246557235717773	1.622538547962904e-09	0.05703481659293175	0.10570608824491501	0.2626262903213501	0.20192481577396393	0.017806855961680412	1.2857121873821598e-06	-1.3278622645884752e-08	9.999999974752427e-07	0.08882559835910797	0.009916089475154877	1.622538547962904e-09	0.20192478597164154	0.05404491350054741	0.027633339166641235	-1.3278622645884752e-08	0.009401543065905571	1.622538547962904e-09	0.1057060956954956	-1.3278622645884752e-08	0.01780686527490616	1.622538547962904e-09	1.622538547962904e-09	4.2857209336943924e-07	1.622538547962904e-09	-7.275957614183426e-12	1.622538547962904e-09	9.999999974752427e-07	1.622538547962904e-09	-1.3278622645884752e-08	9.999999974752427e-07	-1.3278622645884752e-08	0.007519088685512543	1.622538547962904e-09	-1.3278622645884752e-08	2.255546860396862e-10	0.5330701470375061	0.005072489380836487	5.000001692678779e-07	0.3791336119174957	0.015137098729610443	0.04571789503097534	9.999999974752427e-07	0.47317150235176086	1.622538547962904e-09	0.08930285274982452	0.47317150235176086	0.014180606231093407	0.010177051648497581	9.999999974752427e-07	0.283880352973938	-1.3278622645884752e-08	1.622538547962904e-09	0.009429067373275757	-1.3278622645884752e-08	0.007485583424568176	9.999999974752427e-07	0.2687433063983917	0.3461630940437317	0.011049933731555939	0.012431889772415161	0.21618443727493286	0.059898555278778076	-1.3278622645884752e-08	1.622538547962904e-09	0.2838802933692932	0.030927835032343864	0.04472166299819946	-1.3278622645884752e-08	0.39345017075538635	1.622538547962904e-09	-1.3278622645884752e-08	0.39345014095306396	0.011049933731555939	0.010177051648497581	-1.3278622645884752e-08	0.16346153616905212	0.04000958055257797	0.08930287510156631	-1.3278622645884752e-08	0.010416666977107525	-1.3278622645884752e-08	0.014316469430923462	0.036288827657699585	0.08930285274982452	1.622538547962904e-09	0.0478060245513916	5.000001692678779e-07	0.028037382289767265	1.622538547962904e-09	1.622538547962904e-09	-1.3278622645884752e-08	-1.3278622645884752e-08	1.5000005078036338e-06	1.622538547962904e-09	-1.3278622645884752e-08	9.999999974752427e-07	-1.3278622645884752e-08	1.622538547962904e-09	0.21618443727493286	0.015137098729610443	0.171462744474411	0.21618443727493286	0.39345014095306396	0.3461630940437317	0.05255882441997528	0.005072489380836487	9.999999974752427e-07	0.02286946028470993	0.1714627593755722	1.622538547962904e-09	0.01513710618019104	0.37913358211517334	0.1495407670736313	0.06023794412612915	0.014316461980342865	0.02286946028470993	0.008695651777088642	0.1714627593755722	1.622538547962904e-09	0.010177051648497581	0.012431896291673183	1.622538547962904e-09	5.000001692678779e-07	9.999999974752427e-07	0.0066950395703315735	0.007796458899974823	-1.3278622645884752e-08	0.030927835032343864	-1.3278622645884752e-08	0.007485583424568176	-1.3278622645884752e-08	0.02777777798473835	-1.3278622645884752e-08	9.999999974752427e-07	0.008695651777088642	0.3669218420982361	0.04854368790984154	5.000001692678779e-07	0.19233903288841248	1.622538547962904e-09	0.021178677678108215	0.01907866820693016	0.26595741510391235	9.999999974752427e-07	0.0752153992652893	0.2984440326690674	0.01907867193222046	9.999999974752427e-07	0.010416666977107525	0.19233903288841248	0.010324249044060707	0.007624365389347076	1.622538547962904e-09	1.622538547962904e-09	1.622538547962904e-09	9.999999974752427e-07	0.19233901798725128	0.19233904778957367	1.622538547962904e-09	0.026356376707553864	0.16347560286521912	0.04025731980800629	1.622538547962904e-09	1.622538547962904e-09	0.19233901798725128	1.622538547962904e-09	0.015332028269767761	0.0117647061124444	0.24910278618335724	0.01778506115078926	-1.3278622645884752e-08	0.24910277128219604	1.622538547962904e-09	9.999999974752427e-07	1.622538547962904e-09	0.1170303225517273	0.015458554029464722	0.0752154290676117	-1.3278622645884752e-08	0.00909090880304575	-1.3278622645884752e-08	0.009573204442858696	0.02117867022752762	0.0752154216170311	0.018691588193178177	0.015458546578884125	5.000001692678779e-07	0.005539216101169586	1.622538547962904e-09	0.01778506115078926	9.999999974752427e-07	0.02822047472000122	1.5000005078036338e-06	1.622538547962904e-09	9.999999974752427e-07	9.999999974752427e-07	-1.3278622645884752e-08	9.999999974752427e-07	0.16347560286521912	1.622538547962904e-09	0.14051920175552368	0.16347560286521912	0.24910280108451843	0.19233901798725128	0.011078406125307083	0.010101010091602802	0.009573204442858696	0.009177442640066147	0.14051921665668488	0.008695651777088642	1.622538547962904e-09	0.2222222089767456	0.11703035235404968	0.04181492328643799	0.011904762126505375	0.009177440777420998	0.010869565419852734	0.14051920175552368	-1.3278622645884752e-08	0.005539216101169586	0.026356376707553864	1.622538547962904e-09	5.000001692678779e-07	0.009999999776482582	0.01907867006957531	1.622538547962904e-09	0.010324249044060707	9.999999974752427e-07	9.999999974752427e-07	1.622538547962904e-09	9.999999974752427e-07	9.999999974752427e-07	1.622538547962904e-09	9.999999974752427e-07	0.012001216411590576	0.43699371814727783	0.05826278030872345	9.999999974752427e-07	0.2679571807384491	9.999999974752427e-07	0.04900254309177399	1.622538547962904e-09	0.3783048689365387	0.009493403136730194	0.06596280634403229	0.3783048391342163	1.622538547962904e-09	9.999999974752427e-07	0.01123595517128706	0.2679571509361267	-2.4010660126805305e-10	1.622538547962904e-09	-1.3278622645884752e-08	1.622538547962904e-09	1.622538547962904e-09	6.666664376098197e-07	0.2545320391654968	0.2679571509361267	0.010989011265337467	1.3333333299669903e-06	0.20756608247756958	0.04900255426764488	1.622538547962904e-09	0.005720056593418121	0.2679571509361267	1.622538547962904e-09	0.01575428992509842	0.010256931185722351	0.3783048391342163	0.01601792871952057	-2.4010660126805305e-10	0.3783048689365387	0.019911106675863266	9.999999974752427e-07	1.622538547962904e-09	0.1568257212638855	0.013005435466766357	0.11561180651187897	0.01815195381641388	6.666664376098197e-07	0.01815195381641388	0.010526316240429878	0.04900252819061279	0.06741572916507721	0.03269492834806442	0.018725495785474777	0.00909090880304575	-2.4010660126805305e-10	1.622538547962904e-09	0.00917431153357029	0.009686267003417015	0.009686268866062164	0.025567827746272087	9.999999974752427e-07	0.043478261679410934	0.01575428992509842	-2.4010660126805305e-10	0.009493403136730194	0.20756609737873077	9.999999974752427e-07	0.15682576596736908	0.20756609737873077	0.3783048689365387	0.2679571211338043	0.030948013067245483	0.025567827746272087	9.999999974752427e-07	9.999999974752427e-07	0.17497771978378296	0.009708737954497337	0.00909090880304575	0.31832000613212585	0.1568257361650467	0.04121395945549011	0.04972795397043228	0.010204081423580647	0.007700018584728241	0.19181180000305176	9.999999974752427e-07	0.011036910116672516	0.022488445043563843	0.016806723549962044	9.999999974752427e-07	0.009615384973585606	1.622538547962904e-09	1.622538547962904e-09	-2.4010660126805305e-10	1.622538547962904e-09	9.999999974752427e-07	1.622538547962904e-09	0.009803921915590763	1.622538547962904e-09	1.622538547962904e-09	9.999999974752427e-07	9.999999974752427e-07	0.3545213043689728	0.02059110254049301	0.010625112801790237	0.21123084425926208	0.02664199471473694	0.0061219222843647	9.999999974752427e-07	0.3018166422843933	0.006626579910516739	0.02059112675487995	0.3018166720867157	0.01864650845527649	-1.3278622645884752e-08	1.622538547962904e-09	0.1669045239686966	0.015181045979261398	9.999999974752427e-07	1.622538547962904e-09	1.622538547962904e-09	0.010238776914775372	1.622538547962904e-09	0.14026254415512085	0.2112308144569397	-1.3278622645884752e-08	1.622538547962904e-09	0.14026251435279846	0.024768419563770294	1.622538547962904e-09	1.622538547962904e-09	0.2112308144569397	-1.3278622645884752e-08	0.011363636702299118	6.912159733474255e-10	0.23242251574993134	-1.3278622645884752e-08	0.006100691854953766	0.29567739367485046	-1.3278622645884752e-08	-1.3278622645884752e-08	1.622538547962904e-09	0.09294700622558594	1.622538547962904e-09	0.06100180745124817	0.01366463303565979	1.622538547962904e-09	0.007563948631286621	0.011995955370366573	0.0061219483613967896	0.030612245202064514	0.00662657618522644	9.073119144886732e-09	-2.4010660126805305e-10	-1.3278622645884752e-08	-1.3278622645884752e-08	-1.3278622645884752e-08	9.999999974752427e-07	0.027936100959777832	0.010625114664435387	0.027522936463356018	0.007871739566326141	9.999999974752427e-07	1.622538547962904e-09	0.006626579910516739	0.14026251435279846	0.010101010091602802	0.09294699132442474	0.14026251435279846	0.29567742347717285	0.21123076975345612	-1.3278622645884752e-08	0.013964534737169743	0.011995954439043999	0.0061219483613967896	0.10661163181066513	1.622538547962904e-09	0.02664199471473694	0.2191026210784912	0.061001840978860855	1.622538547962904e-09	0.013319892808794975	0.0061219483613967896	1.622538547962904e-09	0.10661161690950394	9.999999974752427e-07	-1.3278622645884752e-08	1.622538547962904e-09	1.622538547962904e-09	-2.4010660126805305e-10	1.622538547962904e-09	9.999999974752427e-07	1.622538547962904e-09	0.015181045979261398	1.622538547962904e-09	6.912159733474255e-10	0.010238775983452797	0.007871739566326141	0.006139293313026428	1.622538547962904e-09	9.999999974752427e-07	1.622538547962904e-09	0.36081433296203613	0.07295437157154083	0.008505983278155327	0.2816368341445923	0.009365733712911606	0.026101619005203247	-1.3278622645884752e-08	0.3097529113292694	8.000001798791345e-07	0.07295437157154083	0.309752881526947	-1.3278622645884752e-08	2.255546860396862e-10	-5.828042048960924e-09	0.22092559933662415	0.024959877133369446	-1.3278622645884752e-08	1.622538547962904e-09	1.622538547962904e-09	-1.3278622645884752e-08	9.999999974752427e-07	0.21155986189842224	0.22092559933662415	2.255546860396862e-10	0.00917431153357029	0.1840570569038391	0.02610158920288086	1.622538547962904e-09	-5.828042048960924e-09	0.22092559933662415	1.622538547962904e-09	-1.3278622645884752e-08	0.008564630523324013	0.2986621558666229	1.622538547962904e-09	9.999999974752427e-07	0.2986621558666229	2.255546860396862e-10	2.255546860396862e-10	1.622538547962904e-09	0.1273503601551056	-5.828042048960924e-09	0.08163265138864517	0.01516491174697876	0.008196720853447914	9.999999974752427e-07	-2.4010660126805305e-10	0.026101622730493546	0.07547169923782349	1.3999997463542968e-06	0.015599853359162807	0.01042632944881916	0.009330726228654385	0.018172089010477066	1.622538547962904e-09	1.622538547962904e-09	0.024959862232208252	0.028257330879569054	9.999999974752427e-07	0.008460655808448792	-1.3278622645884752e-08	9.999999974752427e-07	8.000001798791345e-07	0.14251525700092316	0.009365729987621307	0.1273503601551056	0.14251527190208435	0.2986621558666229	0.2816368341445923	0.00933072715997696	0.05747126415371895	-2.4010660126805305e-10	9.999999974752427e-07	0.14251521229743958	6.000000212225132e-07	0.009365737438201904	0.29009753465652466	0.1273503601551056	0.04308461770415306	-2.4010660126805305e-10	0.009282223880290985	1.622538547962904e-09	0.14251525700092316	9.999999974752427e-07	2.255546860396862e-10	0.027484744787216187	0.017241379246115685	0.009325018152594566	-5.828042048960924e-09	-1.3278622645884752e-08	0.015599831938743591	0.02495986968278885	-2.4010660126805305e-10	9.999999974752427e-07	-1.3278622645884752e-08	0.008460652083158493	0.01109076663851738	1.622538547962904e-09	-2.4010660126805305e-10	0.016819391399621964
72	-15547.466796875	-1	9	57	76	75	26	89	10	62	48	0	26	84	41	29	91	66	5	0	11	24	14	68	37	85	21	0	0	50	22	3	66	33	67	21	43	7	69	12	0	65	50	77	73	24	43	79	5	42	1	78	57	69	21	34	56	0	70	42	76	31	43	49	25	4	73	63	36	3	21	1	46	80	82	49	14	33	40	77	33	47	9	66	48	69	78	85	57	13	11	50	56	7	32	19	59	7	0	72	47	0.5437127947807312	0.08644906431436539	0.010285336524248123	0.4145510792732239	0.012830331921577454	0.010498285293579102	0.010526316240429878	0.4251323938369751	9.999999974752427e-07	0.08644905686378479	0.44155386090278625	0.06554710865020752	9.999999974752427e-07	9.999999974752427e-07	0.4095746874809265	9.999999974752427e-07	0.005317971110343933	1.622538547962904e-09	1.622538547962904e-09	9.999999974752427e-07	0.02298850566148758	0.39674437046051025	0.4095746576786041	9.999999974752427e-07	0.03314200043678284	0.2897196114063263	0.07604538649320602	1.622538547962904e-09	9.999999974752427e-07	0.4095746576786041	0.0049764662981033325	1.622538547962904e-09	1.622538547962904e-09	0.4145510196685791	0.03333333507180214	-1.3278622645884752e-08	0.42513248324394226	9.999999974752427e-07	9.999999974752427e-07	1.622538547962904e-09	0.22580645978450775	0.012048192322254181	0.1361638456583023	-1.3278622645884752e-08	9.999999974752427e-07	-1.3278622645884752e-08	1.622538547962904e-09	0.010498279705643654	0.1361638605594635	0.030567780137062073	0.02411612868309021	1.622538547962904e-09	0.008196720853447914	0.010869565419852734	9.999999974752427e-07	0.010526316240429878	0.026113219559192657	0.019338728860020638	-2.4010660126805305e-10	-1.3278622645884752e-08	1.622538547962904e-09	-1.3278622645884752e-08	0.030567795038223267	0.2705919146537781	9.999999974752427e-07	0.26527389883995056	0.2705919146537781	0.4251324534416199	0.40957462787628174	0.030927833169698715	0.05588129162788391	1.622538547962904e-09	0.010498277842998505	0.2652738690376282	-1.3278622645884752e-08	0.012830331921577454	0.4145510792732239	0.22250455617904663	0.08634074777364731	1.622538547962904e-09	0.010498279705643654	1.622538547962904e-09	0.26527389883995056	0.036036036908626556	0.009900989942252636	0.062224678695201874	0.029082641005516052	0.009053405374288559	9.999999974752427e-07	0.012195121496915817	9.999999974752427e-07	0.008547008968889713	-1.3278622645884752e-08	1.622538547962904e-09	9.999999974752427e-07	-1.3278622645884752e-08	-1.3278622645884752e-08	1.622538547962904e-09	9.999999974752427e-07	1.622538547962904e-09	0.4231007397174835	0.04496558755636215	0.010405869223177433	0.2722354531288147	0.010044899769127369	0.021052632480859756	9.999999974752427e-07	0.31625208258628845	0.018691588193178177	0.05226296931505203	0.31625211238861084	0.01785714365541935	0.010989011265337467	1.622538547962904e-09	0.2722354531288147	9.999999974752427e-07	1.622538547962904e-09	0.019417475908994675	1.622538547962904e-09	9.999999974752427e-07	6.666664376098197e-07	0.2291666716337204	0.2722354531288147	9.999999974752427e-07	1.3333333299669903e-06	0.1819043606519699	0.09699182957410812	1.622538547962904e-09	0.0078512541949749	0.2722354531288147	1.622538547962904e-09	1.622538547962904e-09	0.010638297535479069	0.31625205278396606	9.999999974752427e-07	-7.275957614183426e-12	0.31625205278396606	0.010526316240429878	0.009009009227156639	1.622538547962904e-09	0.10256187617778778	1.622538547962904e-09	0.0606570690870285	0.008510754443705082	6.666664376098197e-07	-7.275957614183426e-12	9.999999974752427e-07	1.4285710676631425e-06	0.05226297304034233	0.034559715539216995	0.022432174533605576	2.255546860396862e-10	9.999999974752427e-07	9.999999974752427e-07	9.999999974752427e-07	0.008264463394880295	0.009856700897216797	0.010405868291854858	0.008394084870815277	1.622538547962904e-09	1.622538547962904e-09	0.008510754443705082	0.034559715539216995	0.18190431594848633	0.010044899769127369	0.11764705926179886	0.18190434575080872	0.31625205278396606	0.2722354531288147	0.042105261236429214	0.010405870154500008	9.999999974752427e-07	8.571430498705013e-07	0.18190434575080872	1.622538547962904e-09	0.010044898837804794	0.2722354531288147	0.10256189107894897	0.04190482199192047	9.999999974752427e-07	8.571428224968258e-07	0.00729738175868988	0.18190434575080872	1.622538547962904e-09	0.016949152573943138	0.01947261206805706	9.999999974752427e-07	2.255546860396862e-10	1.622538547962904e-09	0.011627906933426857	0.014580924063920975	9.999999974752427e-07	1.622538547962904e-09	9.999999974752427e-07	9.999999974752427e-07	1.622538547962904e-09	1.622538547962904e-09	1.622538547962904e-09	8.571430498705013e-07	5.714291546610184e-07	0.4494662880897522	0.08000115305185318	9.999999974752427e-07	0.3330483138561249	-1.3278622645884752e-08	0.03483249247074127	9.999999974752427e-07	0.386263370513916	0.009220771491527557	0.08756303787231445	0.38626334071159363	0.013322077691555023	-1.3278622645884752e-08	9.999999974752427e-07	0.2947915494441986	9.999999974752427e-07	0.029411764815449715	9.999999974752427e-07	-1.3278622645884752e-08	0.008118398487567902	0.010526316240429878	0.2947915494441986	0.2947915196418762	-1.3278622645884752e-08	0.01075268816202879	0.2947915196418762	0.04815460741519928	-1.3278622645884752e-08	0.02777777798473835	0.2947915494441986	0.019186578691005707	9.999999974752427e-07	0.008000463247299194	0.38626325130462646	-1.3278622645884752e-08	1.622538547962904e-09	0.38626331090927124	-1.3278622645884752e-08	-1.3278622645884752e-08	-1.3278622645884752e-08	0.1528805047273636	9.999999974752427e-07	0.08756301552057266	0.009048528037965298	9.999999974752427e-07	1.622538547962904e-09	0.009130984544754028	0.02860131859779358	0.08756303787231445	0.009220770560204983	0.04123711213469505	9.999999974752427e-07	-1.3278622645884752e-08	-1.3278622645884752e-08	-1.3278622645884752e-08	0.008003763854503632	0.015048369765281677	0.029999999329447746	1.622538547962904e-09	0.00909090880304575	9.999999974752427e-07	0.009048528969287872	0.009220771491527557	0.2947915196418762	-1.3278622645884752e-08	0.15288051962852478	0.2499999850988388	0.38626334071159363	0.31386175751686096	-1.3278622645884752e-08	0.032608695328235626	0.009130991995334625	9.999999974752427e-07	0.16192904114723206	-2.4010660126805305e-10	-1.3278622645884752e-08	0.36913180351257324	0.1528804898262024	0.06531748175621033	0.009130977094173431	0.028601333498954773	0.00756189227104187	0.16814157366752625	1.622538547962904e-09	-1.3278622645884752e-08	0.021052632480859756	0.009900989942252636	0.027272727340459824	9.999999974752427e-07	0.005203664302825928	0.008620689623057842	0.007044591009616852	-1.3278622645884752e-08	0.008000463247299194	0.008118398487567902	9.999999974752427e-07	-1.3278622645884752e-08	-1.3278622645884752e-08	9.999999974752427e-07	1.622538547962904e-09	0.4417252242565155	0.024390242993831635	9.999999974752427e-07	0.30527326464653015	0.010416666977107525	0.014637134969234467	9.999999974752427e-07	0.3760969042778015	9.999999974752427e-07	0.04878048598766327	0.3760969042778015	0.05099133402109146	9.999999974752427e-07	0.008882244117558002	0.30527329444885254	1.622538547962904e-09	1.622538547962904e-09	1.622538547962904e-09	1.622538547962904e-09	0.030414395034313202	0.012048192322254181	0.29318323731422424	0.30527329444885254	9.999999974752427e-07	0.017391303554177284	0.2670987844467163	0.06562843918800354	1.622538547962904e-09	0.010416666977107525	0.30527329444885254	1.622538547962904e-09	1.622538547962904e-09	1.622538547962904e-09	0.30527329444885254	1.622538547962904e-09	0.010526316240429878	0.3760969042778015	9.999999974752427e-07	9.999999974752427e-07	1.622538547962904e-09	0.14387741684913635	0.025641024112701416	0.07431011646986008	0.032608695328235626	9.999999974752427e-07	0.009615384973585606	1.622538547962904e-09	0.014637134969234467	0.07431010156869888	0.010309278033673763	0.04452749714255333	0.009433962404727936	9.999999974752427e-07	1.622538547962904e-09	1.622538547962904e-09	1.622538547962904e-09	1.622538547962904e-09	0.009569531306624413	1.622538547962904e-09	1.622538547962904e-09	1.622538547962904e-09	0.01123595517128706	9.999999974752427e-07	0.20471768081188202	9.999999974752427e-07	0.14387744665145874	0.2047176957130432	0.3052733242511749	0.30527329444885254	0.026084452867507935	0.009569531306624413	1.622538547962904e-09	0.010101010091602802	0.204717755317688	0.010204081423580647	0.010989011265337467	0.30527329444885254	0.14387741684913635	0.06956726312637329	1.622538547962904e-09	0.01463712751865387	9.999999974752427e-07	0.20471777021884918	0.009803921915590763	9.999999974752427e-07	0.02503982186317444	9.999999974752427e-07	9.999999974752427e-07	0.008882243186235428	0.020576931536197662	9.999999974752427e-07	1.622538547962904e-09	1.622538547962904e-09	1.622538547962904e-09	9.999999974752427e-07	1.622538547962904e-09	1.622538547962904e-09	1.622538547962904e-09	9.999999974752427e-07	1.622538547962904e-09	0.3537144362926483	0.026411600410938263	4.2857209336943924e-07	0.20192477107048035	1.622538547962904e-09	0.027027027681469917	-7.275957614183426e-12	0.28152182698249817	1.622538547962904e-09	0.026411622762680054	0.2815217971801758	0.010256588459014893	9.999999974752427e-07	1.622538547962904e-09	0.20192477107048035	9.999999974752427e-07	1.622538547962904e-09	9.999999974752427e-07	1.622538547962904e-09	0.010256589390337467	1.622538547962904e-09	0.20192474126815796	0.20192478597164154	1.622538547962904e-09	1.622538547962904e-09	0.16246558725833893	0.05873368680477142	1.622538547962904e-09	0.027633339166641235	0.20192477107048035	-1.3278622645884752e-08	1.622538547962904e-09	-1.3278622645884752e-08	0.20192483067512512	0.008206691592931747	9.999999974752427e-07	0.2740027904510498	1.622538547962904e-09	9.999999974752427e-07	1.622538547962904e-09	0.05703481286764145	1.622538547962904e-09	0.02641153335571289	0.03179077059030533	1.622538547962904e-09	9.999999974752427e-07	-1.3278622645884752e-08	0.009401541203260422	0.026411622762680054	0.009916093200445175	0.027633339166641235	4.2857209336943924e-07	1.622538547962904e-09	0.013445600867271423	0.008206691592931747	9.999999974752427e-07	0.013458997011184692	1.2857158253609668e-06	-1.3278622645884752e-08	-1.3278622645884752e-08	1.622538547962904e-09	9.999999974752427e-07	1.622538547962904e-09	0.16246557235717773	1.622538547962904e-09	0.05703481659293175	0.10570608824491501	0.2626262605190277	0.20192477107048035	0.01780684106051922	1.2857121873821598e-06	-1.3278622645884752e-08	9.999999974752427e-07	0.08882559835910797	0.009916089475154877	1.622538547962904e-09	0.20192478597164154	0.05404491350054741	0.027633339166641235	-1.3278622645884752e-08	0.009401543065905571	1.622538547962904e-09	0.1057060956954956	-1.3278622645884752e-08	0.017806850373744965	1.622538547962904e-09	1.622538547962904e-09	4.2857209336943924e-07	1.622538547962904e-09	-7.275957614183426e-12	1.622538547962904e-09	9.999999974752427e-07	1.622538547962904e-09	-1.3278622645884752e-08	9.999999974752427e-07	-1.3278622645884752e-08	0.007519088685512543	1.622538547962904e-09	9.999999974752427e-07	2.255546860396862e-10	0.5330701470375061	0.005072489380836487	5.000001692678779e-07	0.3791336119174957	0.015137098729610443	0.04571789503097534	9.999999974752427e-07	0.47317150235176086	1.622538547962904e-09	0.08930285274982452	0.47317150235176086	0.014180606231093407	0.010177051648497581	9.999999974752427e-07	0.283880352973938	-1.3278622645884752e-08	1.622538547962904e-09	0.009429067373275757	-1.3278622645884752e-08	0.007485583424568176	9.999999974752427e-07	0.2687433063983917	0.3461630940437317	0.011049933731555939	0.012431889772415161	0.21618443727493286	0.059898555278778076	-1.3278622645884752e-08	1.622538547962904e-09	0.2838802933692932	0.030927835032343864	0.04472166299819946	-1.3278622645884752e-08	0.39345017075538635	1.622538547962904e-09	-1.3278622645884752e-08	0.39345014095306396	0.011049933731555939	0.010177051648497581	-1.3278622645884752e-08	0.16346153616905212	0.04000958055257797	0.08930287510156631	-1.3278622645884752e-08	0.010416666977107525	-1.3278622645884752e-08	0.014316469430923462	0.036288827657699585	0.08930285274982452	1.622538547962904e-09	0.0478060245513916	5.000001692678779e-07	0.028037382289767265	1.622538547962904e-09	1.622538547962904e-09	-1.3278622645884752e-08	-1.3278622645884752e-08	1.5000005078036338e-06	1.622538547962904e-09	-1.3278622645884752e-08	9.999999974752427e-07	-1.3278622645884752e-08	1.622538547962904e-09	0.21618443727493286	0.015137098729610443	0.171462744474411	0.21618443727493286	0.39345014095306396	0.3461630940437317	0.05255882441997528	0.005072489380836487	9.999999974752427e-07	0.02286946028470993	0.1714627593755722	1.622538547962904e-09	0.01513710618019104	0.37913358211517334	0.1495407670736313	0.06023794412612915	0.014316461980342865	0.02286946028470993	0.008695651777088642	0.1714627593755722	1.622538547962904e-09	0.010177051648497581	0.012431896291673183	1.622538547962904e-09	5.000001692678779e-07	9.999999974752427e-07	0.0066950395703315735	0.007796458899974823	-1.3278622645884752e-08	0.030927835032343864	-1.3278622645884752e-08	0.007485583424568176	-1.3278622645884752e-08	0.02777777798473835	-1.3278622645884752e-08	9.999999974752427e-07	0.008695651777088642	0.3669218420982361	0.04854368790984154	5.000001692678779e-07	0.19233903288841248	1.622538547962904e-09	0.021178677678108215	0.01907866820693016	0.26595741510391235	9.999999974752427e-07	0.0752153992652893	0.2984440326690674	0.01907867193222046	9.999999974752427e-07	0.010416666977107525	0.19233903288841248	0.010324249044060707	0.007624365389347076	1.622538547962904e-09	1.622538547962904e-09	1.622538547962904e-09	9.999999974752427e-07	0.19233901798725128	0.19233904778957367	1.622538547962904e-09	0.026356376707553864	0.16347560286521912	0.04025731980800629	1.622538547962904e-09	1.622538547962904e-09	0.19233901798725128	1.622538547962904e-09	0.015332028269767761	0.0117647061124444	0.24910278618335724	0.01778506115078926	-1.3278622645884752e-08	0.24910277128219604	1.622538547962904e-09	9.999999974752427e-07	1.622538547962904e-09	0.1170303225517273	0.015458554029464722	0.0752154290676117	-1.3278622645884752e-08	0.00909090880304575	-1.3278622645884752e-08	0.009573204442858696	0.02117867022752762	0.0752154216170311	0.018691588193178177	0.015458546578884125	5.000001692678779e-07	0.005539216101169586	1.622538547962904e-09	0.01778506115078926	9.999999974752427e-07	0.02822047472000122	1.5000005078036338e-06	1.622538547962904e-09	9.999999974752427e-07	9.999999974752427e-07	-1.3278622645884752e-08	9.999999974752427e-07	0.16347560286521912	1.622538547962904e-09	0.14051920175552368	0.16347560286521912	0.24910280108451843	0.19233901798725128	0.011078406125307083	0.010101010091602802	0.009573204442858696	0.009177442640066147	0.14051921665668488	0.008695651777088642	1.622538547962904e-09	0.2222222089767456	0.11703035235404968	0.04181492328643799	0.011904762126505375	0.009177440777420998	0.010869565419852734	0.14051920175552368	-1.3278622645884752e-08	0.005539216101169586	0.026356376707553864	1.622538547962904e-09	5.000001692678779e-07	0.009999999776482582	0.01907867006957531	1.622538547962904e-09	0.010324249044060707	9.999999974752427e-07	9.999999974752427e-07	1.622538547962904e-09	9.999999974752427e-07	9.999999974752427e-07	1.622538547962904e-09	9.999999974752427e-07	0.012001216411590576	0.43699371814727783	0.05826278030872345	9.999999974752427e-07	0.2679571807384491	9.999999974752427e-07	0.04900254309177399	1.622538547962904e-09	0.3783048689365387	0.009493403136730194	0.06596280634403229	0.3783048391342163	1.622538547962904e-09	9.999999974752427e-07	0.01123595517128706	0.2679571509361267	-2.4010660126805305e-10	1.622538547962904e-09	-1.3278622645884752e-08	1.622538547962904e-09	1.622538547962904e-09	6.666664376098197e-07	0.2545320391654968	0.2679571509361267	0.010989011265337467	1.3333333299669903e-06	0.20756608247756958	0.04900255426764488	1.622538547962904e-09	0.005720056593418121	0.2679571509361267	1.622538547962904e-09	0.01575428992509842	0.010256931185722351	0.3783048391342163	0.01601792871952057	-2.4010660126805305e-10	0.3783048689365387	0.019911106675863266	9.999999974752427e-07	1.622538547962904e-09	0.1568257212638855	0.013005435466766357	0.11561180651187897	0.01815195381641388	6.666664376098197e-07	0.01815195381641388	0.010526316240429878	0.04900252819061279	0.06741572916507721	0.03269492834806442	0.018725495785474777	0.00909090880304575	-2.4010660126805305e-10	1.622538547962904e-09	0.00917431153357029	0.009686267003417015	0.009686268866062164	0.025567827746272087	9.999999974752427e-07	0.043478261679410934	0.01575428992509842	-2.4010660126805305e-10	0.009493403136730194	0.20756609737873077	9.999999974752427e-07	0.15682576596736908	0.20756609737873077	0.3783048689365387	0.2679571211338043	0.030948013067245483	0.025567827746272087	9.999999974752427e-07	9.999999974752427e-07	0.17497771978378296	0.009708737954497337	0.00909090880304575	0.31832000613212585	0.1568257361650467	0.04121395945549011	0.04972795397043228	0.010204081423580647	0.007700018584728241	0.19181180000305176	9.999999974752427e-07	0.011036910116672516	0.022488445043563843	0.016806723549962044	9.999999974752427e-07	0.009615384973585606	1.622538547962904e-09	1.622538547962904e-09	-2.4010660126805305e-10	1.622538547962904e-09	9.999999974752427e-07	1.622538547962904e-09	0.009803921915590763	1.622538547962904e-09	1.622538547962904e-09	9.999999974752427e-07	9.999999974752427e-07	0.3545213043689728	0.02059110254049301	0.010625112801790237	0.21123084425926208	0.02664199471473694	0.0061219222843647	9.999999974752427e-07	0.3018166422843933	0.006626579910516739	0.02059112675487995	0.3018166720867157	0.01864650845527649	-1.3278622645884752e-08	1.622538547962904e-09	0.1669045239686966	0.015181045979261398	9.999999974752427e-07	1.622538547962904e-09	1.622538547962904e-09	0.010238776914775372	1.622538547962904e-09	0.14026254415512085	0.2112308144569397	-1.3278622645884752e-08	1.622538547962904e-09	0.14026251435279846	0.024768419563770294	1.622538547962904e-09	1.622538547962904e-09	0.2112308144569397	-1.3278622645884752e-08	0.011363636702299118	6.912159733474255e-10	0.23242251574993134	-1.3278622645884752e-08	0.006100691854953766	0.29567739367485046	-1.3278622645884752e-08	-1.3278622645884752e-08	1.622538547962904e-09	0.09294700622558594	1.622538547962904e-09	0.06100180745124817	0.01366463303565979	1.622538547962904e-09	0.007563948631286621	0.011995955370366573	0.0061219483613967896	0.030612245202064514	0.00662657618522644	9.073119144886732e-09	-2.4010660126805305e-10	-1.3278622645884752e-08	-1.3278622645884752e-08	-1.3278622645884752e-08	9.999999974752427e-07	0.027936100959777832	0.010625114664435387	0.027522936463356018	0.007871739566326141	9.999999974752427e-07	1.622538547962904e-09	0.006626579910516739	0.14026251435279846	0.010101010091602802	0.09294699132442474	0.14026251435279846	0.29567742347717285	0.21123076975345612	-1.3278622645884752e-08	0.013964534737169743	0.011995954439043999	0.0061219483613967896	0.10661163181066513	1.622538547962904e-09	0.02664199471473694	0.2191026210784912	0.061001840978860855	1.622538547962904e-09	0.013319892808794975	0.0061219483613967896	1.622538547962904e-09	0.10661161690950394	9.999999974752427e-07	-1.3278622645884752e-08	1.622538547962904e-09	1.622538547962904e-09	-2.4010660126805305e-10	1.622538547962904e-09	9.999999974752427e-07	1.622538547962904e-09	0.015181045979261398	1.622538547962904e-09	6.912159733474255e-10	0.010238775983452797	0.007871739566326141	0.006139293313026428	1.622538547962904e-09	9.999999974752427e-07	1.622538547962904e-09	0.36081427335739136	0.07295437157154083	0.008505983278155327	0.2816368341445923	0.009365733712911606	0.026101619005203247	-1.3278622645884752e-08	0.3097529113292694	8.000001798791345e-07	0.07295437157154083	0.3097529113292694	-1.3278622645884752e-08	2.255546860396862e-10	-5.828042048960924e-09	0.22092559933662415	0.024959877133369446	-1.3278622645884752e-08	1.622538547962904e-09	1.622538547962904e-09	-1.3278622645884752e-08	9.999999974752427e-07	0.21155986189842224	0.22092559933662415	2.255546860396862e-10	0.00917431153357029	0.1840570569038391	0.026101604104042053	1.622538547962904e-09	-5.828042048960924e-09	0.22092559933662415	1.622538547962904e-09	-1.3278622645884752e-08	0.008564604446291924	0.2986621558666229	1.622538547962904e-09	9.999999974752427e-07	0.2986621558666229	2.255546860396862e-10	2.255546860396862e-10	1.622538547962904e-09	0.1273503601551056	-5.828042048960924e-09	0.08163265138864517	0.01516491174697876	0.008196720853447914	9.999999974752427e-07	-2.4010660126805305e-10	0.026101619005203247	0.07547169923782349	1.3999997463542968e-06	0.015599853359162807	0.01042632944881916	0.009330726228654385	0.018172089010477066	1.622538547962904e-09	1.622538547962904e-09	0.024959877133369446	0.028257330879569054	9.999999974752427e-07	0.008460652083158493	-1.3278622645884752e-08	9.999999974752427e-07	8.000001798791345e-07	0.14251525700092316	0.009365729987621307	0.1273503601551056	0.14251527190208435	0.2986621558666229	0.2816368341445923	0.00933072715997696	0.05747126415371895	-2.4010660126805305e-10	9.999999974752427e-07	0.14251521229743958	6.000000212225132e-07	0.009365737438201904	0.29009753465652466	0.1273503601551056	0.04308461770415306	-2.4010660126805305e-10	0.009282229468226433	1.622538547962904e-09	0.14251525700092316	9.999999974752427e-07	2.255546860396862e-10	0.027484744787216187	0.017241379246115685	0.009325018152594566	-5.828042048960924e-09	-1.3278622645884752e-08	0.015599831938743591	0.02495986968278885	-2.4010660126805305e-10	9.999999974752427e-07	-1.3278622645884752e-08	0.008460652083158493	0.011090751737356186	1.622538547962904e-09	9.999999974752427e-07	0.016819393262267113
73	-15547.466796875	-1	9	57	76	75	26	89	10	62	48	0	26	84	41	29	91	66	5	0	11	24	14	68	37	85	21	0	0	50	22	3	66	33	67	21	43	7	69	12	0	65	50	77	73	24	43	79	5	42	1	78	57	69	21	34	56	0	70	42	76	31	43	49	25	4	73	63	36	3	21	1	46	80	82	49	14	33	40	77	33	47	9	66	48	69	78	85	57	13	11	50	56	7	32	19	59	7	0	73	47	0.5437127947807312	0.08644906431436539	0.010285336524248123	0.4145510792732239	0.012830309569835663	0.010498285293579102	0.010526316240429878	0.42513251304626465	9.999999974752427e-07	0.08644905686378479	0.44155386090278625	0.06554710865020752	9.999999974752427e-07	9.999999974752427e-07	0.40957462787628174	9.999999974752427e-07	0.005317971110343933	1.622538547962904e-09	1.622538547962904e-09	9.999999974752427e-07	0.02298850566148758	0.3967443108558655	0.4095746576786041	9.999999974752427e-07	0.03314200043678284	0.2897196412086487	0.07604537159204483	1.622538547962904e-09	9.999999974752427e-07	0.4095746576786041	0.004976421594619751	1.622538547962904e-09	1.622538547962904e-09	0.4145510792732239	0.03333333507180214	-1.3278622645884752e-08	0.4251324534416199	9.999999974752427e-07	9.999999974752427e-07	1.622538547962904e-09	0.22580645978450775	0.012048192322254181	0.1361638456583023	-1.3278622645884752e-08	9.999999974752427e-07	-1.3278622645884752e-08	1.622538547962904e-09	0.010498275980353355	0.1361638605594635	0.030567780137062073	0.02411612868309021	1.622538547962904e-09	0.008196720853447914	0.010869565419852734	9.999999974752427e-07	0.010526316240429878	0.026113219559192657	0.019338728860020638	-2.4010660126805305e-10	-1.3278622645884752e-08	1.622538547962904e-09	-1.3278622645884752e-08	0.030567795038223267	0.27059194445610046	9.999999974752427e-07	0.26527392864227295	0.2705919146537781	0.4251324534416199	0.4095746576786041	0.030927833169698715	0.05588129162788391	1.622538547962904e-09	0.010498281568288803	0.26527389883995056	-1.3278622645884752e-08	0.012830305844545364	0.4145510792732239	0.22250455617904663	0.08634074777364731	1.622538547962904e-09	0.010498279705643654	1.622538547962904e-09	0.26527392864227295	0.036036036908626556	0.009900989942252636	0.062224678695201874	0.029082641005516052	0.009053405374288559	9.999999974752427e-07	0.012195121496915817	9.999999974752427e-07	0.008547008968889713	-1.3278622645884752e-08	1.622538547962904e-09	9.999999974752427e-07	-1.3278622645884752e-08	-1.3278622645884752e-08	1.622538547962904e-09	-1.3278622645884752e-08	1.622538547962904e-09	0.42310065031051636	0.04496558755636215	0.010405869223177433	0.2722354531288147	0.010044899769127369	0.021052632480859756	9.999999974752427e-07	0.31625205278396606	0.018691588193178177	0.05226296931505203	0.31625205278396606	0.01785714365541935	0.010989011265337467	1.622538547962904e-09	0.2722354531288147	9.999999974752427e-07	1.622538547962904e-09	0.019417475908994675	1.622538547962904e-09	9.999999974752427e-07	6.666664376098197e-07	0.2291666716337204	0.2722354531288147	9.999999974752427e-07	1.3333333299669903e-06	0.1819043904542923	0.09699181467294693	1.622538547962904e-09	0.0078512541949749	0.2722354531288147	1.622538547962904e-09	1.622538547962904e-09	0.010638297535479069	0.31625205278396606	9.999999974752427e-07	-7.275957614183426e-12	0.31625205278396606	0.010526316240429878	0.009009009227156639	1.622538547962904e-09	0.10256187617778778	1.622538547962904e-09	0.0606570690870285	0.008510754443705082	6.666664376098197e-07	-7.275957614183426e-12	9.999999974752427e-07	1.3999997463542968e-06	0.05226297304034233	0.034559715539216995	0.022432174533605576	2.255546860396862e-10	9.999999974752427e-07	9.999999974752427e-07	9.999999974752427e-07	0.008264463394880295	0.009856685996055603	0.010405868291854858	0.008394084870815277	1.622538547962904e-09	1.622538547962904e-09	0.008510754443705082	0.034559715539216995	0.18190431594848633	0.010044899769127369	0.11764705926179886	0.18190433084964752	0.31625205278396606	0.2722354531288147	0.042105261236429214	0.010405870154500008	9.999999974752427e-07	8.000001798791345e-07	0.18190431594848633	1.622538547962904e-09	0.010044898837804794	0.2722354531288147	0.10256189107894897	0.04190482199192047	9.999999974752427e-07	8.000001798791345e-07	0.00729738175868988	0.18190434575080872	1.622538547962904e-09	0.016949152573943138	0.01947261206805706	9.999999974752427e-07	2.255546860396862e-10	1.622538547962904e-09	0.011627906933426857	0.014580924063920975	9.999999974752427e-07	1.622538547962904e-09	9.999999974752427e-07	9.999999974752427e-07	1.622538547962904e-09	1.622538547962904e-09	1.622538547962904e-09	9.999999974752427e-07	6.000000212225132e-07	0.449466347694397	0.08000115305185318	9.999999974752427e-07	0.33304834365844727	-1.3278622645884752e-08	0.03483247756958008	9.999999974752427e-07	0.3862634301185608	0.009220771491527557	0.08756303787231445	0.3862634003162384	0.01332206092774868	-1.3278622645884752e-08	9.999999974752427e-07	0.294791579246521	9.999999974752427e-07	0.029411764815449715	9.999999974752427e-07	-1.3278622645884752e-08	0.008118398487567902	0.010526316240429878	0.294791579246521	0.294791579246521	-1.3278622645884752e-08	0.01075268816202879	0.294791579246521	0.048154622316360474	-1.3278622645884752e-08	0.02777777798473835	0.294791579246521	0.019186578691005707	9.999999974752427e-07	0.008000478148460388	0.38626328110694885	-1.3278622645884752e-08	1.622538547962904e-09	0.386263370513916	-1.3278622645884752e-08	-1.3278622645884752e-08	-1.3278622645884752e-08	0.15288053452968597	9.999999974752427e-07	0.08756301552057266	0.009048539213836193	9.999999974752427e-07	1.622538547962904e-09	0.009130984544754028	0.02860131859779358	0.08756303787231445	0.009220770560204983	0.04123711213469505	9.999999974752427e-07	-1.3278622645884752e-08	-1.3278622645884752e-08	-1.3278622645884752e-08	0.008003778755664825	0.01504833996295929	0.029999999329447746	1.622538547962904e-09	0.00909090880304575	9.999999974752427e-07	0.009048540145158768	0.009220771491527557	0.294791579246521	-1.3278622645884752e-08	0.1528805047273636	0.25	0.386263370513916	0.31386175751686096	-1.3278622645884752e-08	0.032608695328235626	0.009130991995334625	9.999999974752427e-07	0.16192904114723206	-2.4010660126805305e-10	-1.3278622645884752e-08	0.36913183331489563	0.15288051962852478	0.06531749665737152	0.009131006896495819	0.028601333498954773	0.00756189227104187	0.16814158856868744	1.622538547962904e-09	-1.3278622645884752e-08	0.021052632480859756	0.009900989942252636	0.027272727340459824	9.999999974752427e-07	0.005203664302825928	0.008620689623057842	0.007044605910778046	-1.3278622645884752e-08	0.008000478148460388	0.008118398487567902	9.999999974752427e-07	-1.3278622645884752e-08	-1.3278622645884752e-08	1.622538547962904e-09	1.622538547962904e-09	0.4417251944541931	0.024390242993831635	9.999999974752427e-07	0.30527326464653015	0.010416666977107525	0.014637134969234467	9.999999974752427e-07	0.3760969340801239	9.999999974752427e-07	0.04878048598766327	0.3760969042778015	0.050991326570510864	9.999999974752427e-07	0.008882244117558002	0.30527329444885254	1.622538547962904e-09	1.622538547962904e-09	1.622538547962904e-09	1.622538547962904e-09	0.0304144024848938	0.012048192322254181	0.29318323731422424	0.30527329444885254	9.999999974752427e-07	0.017391303554177284	0.2670987844467163	0.06562849879264832	1.622538547962904e-09	0.010416666977107525	0.30527329444885254	1.622538547962904e-09	1.622538547962904e-09	1.622538547962904e-09	0.3052733242511749	1.622538547962904e-09	0.010526316240429878	0.3760969340801239	9.999999974752427e-07	9.999999974752427e-07	1.622538547962904e-09	0.14387741684913635	0.025641024112701416	0.07431011646986008	0.032608695328235626	9.999999974752427e-07	0.009615384973585606	1.622538547962904e-09	0.014637134969234467	0.07431010156869888	0.010309278033673763	0.04452749714255333	0.009433962404727936	9.999999974752427e-07	1.622538547962904e-09	1.622538547962904e-09	1.622538547962904e-09	1.622538547962904e-09	0.009569531306624413	1.622538547962904e-09	1.622538547962904e-09	1.622538547962904e-09	0.01123595517128706	9.999999974752427e-07	0.2047177106142044	9.999999974752427e-07	0.14387744665145874	0.2047177255153656	0.3052733242511749	0.30527329444885254	0.026084452867507935	0.009569531306624413	1.622538547962904e-09	0.010101010091602802	0.2047177404165268	0.010204081423580647	0.010989011265337467	0.30527329444885254	0.14387741684913635	0.06956726312637329	1.622538547962904e-09	0.01463712751865387	9.999999974752427e-07	0.2047177106142044	0.009803921915590763	9.999999974752427e-07	0.02503982186317444	9.999999974752427e-07	9.999999974752427e-07	0.008882243186235428	0.020576924085617065	9.999999974752427e-07	1.622538547962904e-09	1.622538547962904e-09	1.622538547962904e-09	9.999999974752427e-07	1.622538547962904e-09	1.622538547962904e-09	1.622538547962904e-09	9.999999974752427e-07	1.622538547962904e-09	0.3537144362926483	0.026411600410938263	4.2857209336943924e-07	0.20192477107048035	1.622538547962904e-09	0.027027027681469917	-7.275957614183426e-12	0.28152182698249817	1.622538547962904e-09	0.026411622762680054	0.2815217971801758	0.010256588459014893	9.999999974752427e-07	1.622538547962904e-09	0.20192477107048035	9.999999974752427e-07	1.622538547962904e-09	9.999999974752427e-07	1.622538547962904e-09	0.010256589390337467	1.622538547962904e-09	0.20192474126815796	0.20192478597164154	1.622538547962904e-09	1.622538547962904e-09	0.16246558725833893	0.05873368680477142	1.622538547962904e-09	0.027633339166641235	0.20192477107048035	-1.3278622645884752e-08	1.622538547962904e-09	-1.3278622645884752e-08	0.20192483067512512	0.008206691592931747	9.999999974752427e-07	0.2740027904510498	1.622538547962904e-09	9.999999974752427e-07	1.622538547962904e-09	0.057034820318222046	1.622538547962904e-09	0.02641153335571289	0.031790781766176224	1.622538547962904e-09	9.999999974752427e-07	-1.3278622645884752e-08	0.009401541203260422	0.026411622762680054	0.009916093200445175	0.027633339166641235	4.2857209336943924e-07	1.622538547962904e-09	0.013445600867271423	0.008206691592931747	9.999999974752427e-07	0.013458997011184692	1.2857158253609668e-06	-1.3278622645884752e-08	-1.3278622645884752e-08	1.622538547962904e-09	9.999999974752427e-07	1.622538547962904e-09	0.16246557235717773	1.622538547962904e-09	0.057034824043512344	0.10570608824491501	0.2626262605190277	0.20192477107048035	0.01780684106051922	1.2857121873821598e-06	-1.3278622645884752e-08	9.999999974752427e-07	0.08882558345794678	0.009916089475154877	1.622538547962904e-09	0.20192478597164154	0.05404491350054741	0.027633339166641235	-1.3278622645884752e-08	0.009401543065905571	1.622538547962904e-09	0.1057060956954956	-1.3278622645884752e-08	0.017806850373744965	1.622538547962904e-09	1.622538547962904e-09	4.2857209336943924e-07	1.622538547962904e-09	-7.275957614183426e-12	1.622538547962904e-09	9.999999974752427e-07	1.622538547962904e-09	-1.3278622645884752e-08	9.999999974752427e-07	-1.3278622645884752e-08	0.007519088685512543	1.622538547962904e-09	-7.275957614183426e-12	2.255546860396862e-10	0.5330700874328613	0.005072489380836487	5.000001692678779e-07	0.3791336417198181	0.015137091279029846	0.04571791738271713	9.999999974752427e-07	0.47317153215408325	1.622538547962904e-09	0.08930285274982452	0.47317153215408325	0.014180630445480347	0.010177051648497581	9.999999974752427e-07	0.2838802933692932	-1.3278622645884752e-08	1.622538547962904e-09	0.0094290841370821	-1.3278622645884752e-08	0.007485590875148773	9.999999974752427e-07	0.26874327659606934	0.3461630940437317	0.011049933731555939	0.012431889772415161	0.21618439257144928	0.059898555278778076	-1.3278622645884752e-08	1.622538547962904e-09	0.283880352973938	0.030927835032343864	0.04472164064645767	-1.3278622645884752e-08	0.39345014095306396	1.622538547962904e-09	-1.3278622645884752e-08	0.3934501111507416	0.011049933731555939	0.010177051648497581	-1.3278622645884752e-08	0.16346153616905212	0.04000958055257797	0.08930287510156631	-1.3278622645884752e-08	0.010416666977107525	-1.3278622645884752e-08	0.014316514134407043	0.03628884255886078	0.08930285274982452	1.622538547962904e-09	0.0478060245513916	5.000001692678779e-07	0.028037382289767265	1.622538547962904e-09	1.622538547962904e-09	-1.3278622645884752e-08	-1.3278622645884752e-08	1.5000005078036338e-06	1.622538547962904e-09	-1.3278622645884752e-08	9.999999974752427e-07	-1.3278622645884752e-08	1.622538547962904e-09	0.21618446707725525	0.015137091279029846	0.17146271467208862	0.21618446707725525	0.3934501111507416	0.3461630940437317	0.05255882441997528	0.005072489380836487	9.999999974752427e-07	0.02286946028470993	0.17146272957324982	1.622538547962904e-09	0.015137098729610443	0.3791336119174957	0.1495407670736313	0.06023794412612915	0.014316506683826447	0.02286946028470993	0.008695651777088642	0.1714628040790558	1.622538547962904e-09	0.010177051648497581	0.012431896291673183	1.622538547962904e-09	5.000001692678779e-07	9.999999974752427e-07	0.00669504702091217	0.007796458899974823	-1.3278622645884752e-08	0.030927835032343864	-1.3278622645884752e-08	0.007485587149858475	-1.3278622645884752e-08	0.02777777798473835	-1.3278622645884752e-08	-1.3278622645884752e-08	0.008695651777088642	0.3669218420982361	0.04854368790984154	5.000001692678779e-07	0.19233904778957367	1.622538547962904e-09	0.02117866277694702	0.019078679382801056	0.26595741510391235	9.999999974752427e-07	0.0752153992652893	0.2984440326690674	0.019078686833381653	9.999999974752427e-07	0.010416666977107525	0.19233904778957367	0.010324249044060707	0.007624350488185883	1.622538547962904e-09	1.622538547962904e-09	1.622538547962904e-09	9.999999974752427e-07	0.19233904778957367	0.1923389732837677	1.622538547962904e-09	0.026356376707553864	0.1634756475687027	0.04025733470916748	1.622538547962904e-09	1.622538547962904e-09	0.19233901798725128	1.622538547962904e-09	0.015332013368606567	0.0117647061124444	0.24910278618335724	0.017785079777240753	-1.3278622645884752e-08	0.24910280108451843	1.622538547962904e-09	9.999999974752427e-07	1.622538547962904e-09	0.1170303225517273	0.015458554029464722	0.0752154290676117	-1.3278622645884752e-08	0.00909090880304575	-1.3278622645884752e-08	0.009573204442858696	0.021178677678108215	0.0752154216170311	0.018691588193178177	0.015458546578884125	5.000001692678779e-07	0.00553923100233078	1.622538547962904e-09	0.017785081639885902	9.999999974752427e-07	0.02822050452232361	1.5000005078036338e-06	1.622538547962904e-09	9.999999974752427e-07	9.999999974752427e-07	-1.3278622645884752e-08	9.999999974752427e-07	0.16347558796405792	1.622538547962904e-09	0.1405191421508789	0.16347560286521912	0.24910280108451843	0.19233904778957367	0.01107843592762947	0.010101010091602802	0.009573204442858696	0.009177442640066147	0.1405191868543625	0.008695651777088642	1.622538547962904e-09	0.2222222089767456	0.11703035235404968	0.04181492328643799	0.011904762126505375	0.009177444502711296	0.010869565419852734	0.14051926136016846	-1.3278622645884752e-08	0.00553923100233078	0.026356376707553864	1.622538547962904e-09	5.000001692678779e-07	0.009999999776482582	0.019078677520155907	1.622538547962904e-09	0.010324249044060707	9.999999974752427e-07	9.999999974752427e-07	1.622538547962904e-09	9.999999974752427e-07	9.999999974752427e-07	1.622538547962904e-09	-1.3278622645884752e-08	0.012001220136880875	0.43699362874031067	0.05826278030872345	9.999999974752427e-07	0.2679571211338043	9.999999974752427e-07	0.04900255799293518	1.622538547962904e-09	0.3783048391342163	0.009493403136730194	0.06596280634403229	0.3783048391342163	1.622538547962904e-09	9.999999974752427e-07	0.01123595517128706	0.26795709133148193	-2.4010660126805305e-10	1.622538547962904e-09	-1.3278622645884752e-08	1.622538547962904e-09	1.622538547962904e-09	6.666664376098197e-07	0.25453197956085205	0.2679571211338043	0.010989011265337467	1.3333333299669903e-06	0.20756608247756958	0.04900255799293518	1.622538547962904e-09	0.005720071494579315	0.26795709133148193	1.622538547962904e-09	0.015754282474517822	0.010256932117044926	0.3783048391342163	0.016017921268939972	-2.4010660126805305e-10	0.3783048391342163	0.019911102950572968	9.999999974752427e-07	1.622538547962904e-09	0.1568257361650467	0.013005442917346954	0.11561185121536255	0.018151968717575073	6.666664376098197e-07	0.01815197244286537	0.010526316240429878	0.04900252819061279	0.06741572916507721	0.03269492834806442	0.01872551254928112	0.00909090880304575	-2.4010660126805305e-10	1.622538547962904e-09	0.00917431153357029	0.009686270728707314	0.009686268866062164	0.025567827746272087	9.999999974752427e-07	0.043478261679410934	0.015754278749227524	-2.4010660126805305e-10	0.009493403136730194	0.2075660526752472	9.999999974752427e-07	0.1568256914615631	0.2075660675764084	0.3783048391342163	0.26795709133148193	0.030948005616664886	0.025567827746272087	9.999999974752427e-07	9.999999974752427e-07	0.17497766017913818	0.009708737954497337	0.00909090880304575	0.3183199465274811	0.15682578086853027	0.041213974356651306	0.04972796142101288	0.010204081423580647	0.007700018584728241	0.19181180000305176	9.999999974752427e-07	0.011036906391382217	0.02248847484588623	0.016806723549962044	9.999999974752427e-07	0.009615384973585606	1.622538547962904e-09	1.622538547962904e-09	-2.4010660126805305e-10	1.622538547962904e-09	9.999999974752427e-07	1.622538547962904e-09	0.009803921915590763	1.622538547962904e-09	1.622538547962904e-09	1.622538547962904e-09	9.999999974752427e-07	0.3545213043689728	0.02059110254049301	0.010625112801790237	0.21123084425926208	0.02664199471473694	0.0061219222843647	9.999999974752427e-07	0.3018166422843933	0.006626579910516739	0.02059112675487995	0.3018166720867157	0.01864650845527649	-1.3278622645884752e-08	1.622538547962904e-09	0.1669045239686966	0.015181045979261398	9.999999974752427e-07	1.622538547962904e-09	1.622538547962904e-09	0.010238776914775372	1.622538547962904e-09	0.14026254415512085	0.2112308144569397	-1.3278622645884752e-08	1.622538547962904e-09	0.14026251435279846	0.024768419563770294	1.622538547962904e-09	1.622538547962904e-09	0.2112308144569397	-1.3278622645884752e-08	0.011363636702299118	6.912159733474255e-10	0.23242251574993134	-1.3278622645884752e-08	0.006100699305534363	0.29567739367485046	-1.3278622645884752e-08	-1.3278622645884752e-08	1.622538547962904e-09	0.09294700622558594	1.622538547962904e-09	0.06100180745124817	0.01366463303565979	1.622538547962904e-09	0.007563956081867218	0.011995955370366573	0.0061219483613967896	0.030612245202064514	0.00662657618522644	9.073119144886732e-09	-2.4010660126805305e-10	-1.3278622645884752e-08	-1.3278622645884752e-08	-1.3278622645884752e-08	9.999999974752427e-07	0.027936100959777832	0.010625114664435387	0.027522936463356018	0.007871739566326141	9.999999974752427e-07	1.622538547962904e-09	0.006626579910516739	0.14026251435279846	0.010101010091602802	0.09294699132442474	0.14026251435279846	0.29567742347717285	0.21123076975345612	-1.3278622645884752e-08	0.013964534737169743	0.011995954439043999	0.0061219483613967896	0.10661161690950394	1.622538547962904e-09	0.02664199471473694	0.2191026210784912	0.061001840978860855	1.622538547962904e-09	0.013319892808794975	0.0061219483613967896	1.622538547962904e-09	0.10661162436008453	9.999999974752427e-07	-1.3278622645884752e-08	1.622538547962904e-09	1.622538547962904e-09	-2.4010660126805305e-10	1.622538547962904e-09	9.999999974752427e-07	1.622538547962904e-09	0.015181045979261398	1.622538547962904e-09	6.912159733474255e-10	0.010238775983452797	0.007871739566326141	0.006139293313026428	1.622538547962904e-09	1.622538547962904e-09	1.622538547962904e-09	0.3608143627643585	0.07295437157154083	0.008505983278155327	0.2816368341445923	0.009365726262331009	0.026101604104042053	-1.3278622645884752e-08	0.3097529411315918	8.000001798791345e-07	0.07295437157154083	0.3097529113292694	-1.3278622645884752e-08	2.255546860396862e-10	-5.828042048960924e-09	0.22092561423778534	0.024959862232208252	-1.3278622645884752e-08	1.622538547962904e-09	1.622538547962904e-09	-1.3278622645884752e-08	9.999999974752427e-07	0.21155983209609985	0.22092561423778534	2.255546860396862e-10	0.00917431153357029	0.1840570569038391	0.026101622730493546	1.622538547962904e-09	-5.828042048960924e-09	0.22092561423778534	1.622538547962904e-09	-1.3278622645884752e-08	0.008564617484807968	0.2986621558666229	1.622538547962904e-09	9.999999974752427e-07	0.2986621558666229	2.255546860396862e-10	2.255546860396862e-10	1.622538547962904e-09	0.1273503601551056	-5.828042048960924e-09	0.08163265138864517	0.015164867043495178	0.008196720853447914	9.999999974752427e-07	-2.4010660126805305e-10	0.02610161155462265	0.07547169923782349	1.3999997463542968e-06	0.015599853359162807	0.01042632944881916	0.009330721572041512	0.01817208155989647	1.622538547962904e-09	1.622538547962904e-09	0.024959862232208252	0.028257330879569054	9.999999974752427e-07	0.008460663259029388	-1.3278622645884752e-08	9.999999974752427e-07	8.000001798791345e-07	0.14251525700092316	0.00936572253704071	0.1273503601551056	0.14251528680324554	0.29866212606430054	0.2816368341445923	0.00933072343468666	0.05747126415371895	-2.4010660126805305e-10	9.999999974752427e-07	0.14251525700092316	6.000000212225132e-07	0.00936572253704071	0.29009753465652466	0.1273503601551056	0.04308461770415306	-2.4010660126805305e-10	0.009282223880290985	1.622538547962904e-09	0.14251525700092316	9.999999974752427e-07	2.255546860396862e-10	0.027484744787216187	0.017241379246115685	0.009325018152594566	-5.828042048960924e-09	-1.3278622645884752e-08	0.015599831938743591	0.024959854781627655	-2.4010660126805305e-10	9.999999974752427e-07	-1.3278622645884752e-08	0.00846065953373909	0.01109074056148529	1.622538547962904e-09	1.622538547962904e-09	0.016819387674331665
74	-15547.466796875	-1	9	57	76	75	26	89	10	62	48	0	26	84	41	29	91	66	5	0	11	24	14	68	37	85	21	0	0	50	22	3	66	33	67	21	43	7	69	12	0	65	50	77	73	24	43	79	5	42	1	78	57	69	21	34	56	0	70	42	76	31	43	49	25	4	73	63	36	3	21	1	46	80	82	49	14	33	40	77	33	47	9	66	48	69	78	85	57	13	11	50	56	7	32	19	59	7	0	74	47	0.5437127947807312	0.08644907921552658	0.010285336524248123	0.4145510792732239	0.012830331921577454	0.010498285293579102	0.010526316240429878	0.4251323938369751	9.999999974752427e-07	0.08644909411668777	0.44155386090278625	0.06554710865020752	9.999999974752427e-07	9.999999974752427e-07	0.4095746874809265	9.999999974752427e-07	0.005317971110343933	1.622538547962904e-09	1.622538547962904e-09	9.999999974752427e-07	0.02298850566148758	0.39674437046051025	0.4095746576786041	9.999999974752427e-07	0.03314200043678284	0.2897196114063263	0.07604538649320602	1.622538547962904e-09	9.999999974752427e-07	0.4095746576786041	0.0049764662981033325	1.622538547962904e-09	1.622538547962904e-09	0.4145510196685791	0.03333333507180214	-1.3278622645884752e-08	0.42513248324394226	9.999999974752427e-07	9.999999974752427e-07	1.622538547962904e-09	0.22580645978450775	0.012048192322254181	0.1361638456583023	-1.3278622645884752e-08	9.999999974752427e-07	-1.3278622645884752e-08	1.622538547962904e-09	0.010498279705643654	0.1361638605594635	0.030567780137062073	0.02411612868309021	1.622538547962904e-09	0.008196720853447914	0.010869565419852734	9.999999974752427e-07	0.010526316240429878	0.026113219559192657	0.019338728860020638	-2.4010660126805305e-10	-1.3278622645884752e-08	1.622538547962904e-09	-1.3278622645884752e-08	0.03056776523590088	0.2705919146537781	9.999999974752427e-07	0.26527389883995056	0.2705919146537781	0.4251324534416199	0.40957462787628174	0.030927833169698715	0.05588126182556152	1.622538547962904e-09	0.010498277842998505	0.2652738690376282	-1.3278622645884752e-08	0.012830331921577454	0.4145510792732239	0.22250455617904663	0.08634074777364731	1.622538547962904e-09	0.010498279705643654	1.622538547962904e-09	0.26527389883995056	0.036036036908626556	0.009900989942252636	0.062224678695201874	0.029082641005516052	0.009053405374288559	9.999999974752427e-07	0.012195121496915817	9.999999974752427e-07	0.008547008968889713	-1.3278622645884752e-08	1.622538547962904e-09	9.999999974752427e-07	-1.3278622645884752e-08	-1.3278622645884752e-08	1.622538547962904e-09	-1.3278622645884752e-08	1.622538547962904e-09	0.4231007397174835	0.04496558755636215	0.010405869223177433	0.2722354531288147	0.010044899769127369	0.021052632480859756	9.999999974752427e-07	0.31625208258628845	0.018691588193178177	0.05226297676563263	0.31625211238861084	0.01785714365541935	0.010989011265337467	1.622538547962904e-09	0.2722354531288147	9.999999974752427e-07	1.622538547962904e-09	0.019417475908994675	1.622538547962904e-09	9.999999974752427e-07	6.666664376098197e-07	0.2291666716337204	0.2722354531288147	9.999999974752427e-07	1.3333333299669903e-06	0.1819043606519699	0.09699182957410812	1.622538547962904e-09	0.0078512541949749	0.2722354531288147	1.622538547962904e-09	1.622538547962904e-09	0.010638297535479069	0.31625205278396606	9.999999974752427e-07	-7.275957614183426e-12	0.31625205278396606	0.010526316240429878	0.009009009227156639	1.622538547962904e-09	0.10256189107894897	1.622538547962904e-09	0.06065705418586731	0.008510754443705082	6.666664376098197e-07	-7.275957614183426e-12	9.999999974752427e-07	1.3999997463542968e-06	0.05226298049092293	0.034559715539216995	0.022432178258895874	2.255546860396862e-10	9.999999974752427e-07	9.999999974752427e-07	9.999999974752427e-07	0.008264463394880295	0.009856700897216797	0.010405868291854858	0.008394096046686172	1.622538547962904e-09	1.622538547962904e-09	0.008510754443705082	0.034559719264507294	0.18190431594848633	0.010044899769127369	0.11764705926179886	0.18190434575080872	0.31625205278396606	0.2722354531288147	0.042105261236429214	0.010405868291854858	9.999999974752427e-07	8.000001798791345e-07	0.18190434575080872	1.622538547962904e-09	0.010044898837804794	0.2722354531288147	0.10256188362836838	0.04190482199192047	9.999999974752427e-07	8.000001798791345e-07	0.007297389209270477	0.18190434575080872	1.622538547962904e-09	0.016949152573943138	0.01947261393070221	9.999999974752427e-07	2.255546860396862e-10	1.622538547962904e-09	0.011627906933426857	0.014580924063920975	9.999999974752427e-07	1.622538547962904e-09	9.999999974752427e-07	9.999999974752427e-07	1.622538547962904e-09	1.622538547962904e-09	1.622538547962904e-09	1.622538547962904e-09	6.000000212225132e-07	0.4494662880897522	0.08000114560127258	9.999999974752427e-07	0.3330483138561249	-1.3278622645884752e-08	0.03483249247074127	9.999999974752427e-07	0.386263370513916	0.009220771491527557	0.08756303787231445	0.38626334071159363	0.013322077691555023	-1.3278622645884752e-08	9.999999974752427e-07	0.2947915494441986	9.999999974752427e-07	0.029411764815449715	9.999999974752427e-07	-1.3278622645884752e-08	0.008118398487567902	0.010526316240429878	0.2947915494441986	0.2947915196418762	-1.3278622645884752e-08	0.01075268816202879	0.2947915196418762	0.04815460741519928	-1.3278622645884752e-08	0.02777777798473835	0.2947915494441986	0.019186578691005707	9.999999974752427e-07	0.008000463247299194	0.38626325130462646	-1.3278622645884752e-08	1.622538547962904e-09	0.38626331090927124	-1.3278622645884752e-08	-1.3278622645884752e-08	-1.3278622645884752e-08	0.15288051962852478	9.999999974752427e-07	0.08756303787231445	0.009048542939126492	9.999999974752427e-07	1.622538547962904e-09	0.009130984544754028	0.02860131859779358	0.08756303787231445	0.009220771491527557	0.04123711213469505	9.999999974752427e-07	-1.3278622645884752e-08	-1.3278622645884752e-08	-1.3278622645884752e-08	0.008003763854503632	0.015048369765281677	0.029999999329447746	1.622538547962904e-09	0.00909090880304575	9.999999974752427e-07	0.009048543870449066	0.009220771491527557	0.2947915196418762	-1.3278622645884752e-08	0.15288051962852478	0.2499999850988388	0.38626334071159363	0.31386175751686096	-1.3278622645884752e-08	0.032608695328235626	0.009130991995334625	9.999999974752427e-07	0.16192902624607086	-2.4010660126805305e-10	-1.3278622645884752e-08	0.36913180351257324	0.15288051962852478	0.06531748175621033	0.009130977094173431	0.028601333498954773	0.007561884820461273	0.16814157366752625	1.622538547962904e-09	-1.3278622645884752e-08	0.021052632480859756	0.009900989942252636	0.027272727340459824	9.999999974752427e-07	0.005203664302825928	0.008620689623057842	0.007044591009616852	-1.3278622645884752e-08	0.008000463247299194	0.008118398487567902	9.999999974752427e-07	-1.3278622645884752e-08	-1.3278622645884752e-08	-2.4010660126805305e-10	1.622538547962904e-09	0.4417252242565155	0.024390242993831635	9.999999974752427e-07	0.30527326464653015	0.010416666977107525	0.014637134969234467	9.999999974752427e-07	0.3760969042778015	9.999999974752427e-07	0.04878048598766327	0.3760969042778015	0.05099133402109146	9.999999974752427e-07	0.008882244117558002	0.30527329444885254	1.622538547962904e-09	1.622538547962904e-09	1.622538547962904e-09	1.622538547962904e-09	0.030414395034313202	0.012048192322254181	0.29318323731422424	0.30527329444885254	9.999999974752427e-07	0.017391303554177284	0.2670987844467163	0.06562843918800354	1.622538547962904e-09	0.010416666977107525	0.30527329444885254	1.622538547962904e-09	1.622538547962904e-09	1.622538547962904e-09	0.30527329444885254	1.622538547962904e-09	0.010526316240429878	0.3760969042778015	9.999999974752427e-07	9.999999974752427e-07	1.622538547962904e-09	0.14387741684913635	0.025641024112701416	0.07431011646986008	0.032608695328235626	9.999999974752427e-07	0.009615384973585606	1.622538547962904e-09	0.014637134969234467	0.07431010156869888	0.010309278033673763	0.04452749714255333	0.009433962404727936	9.999999974752427e-07	1.622538547962904e-09	1.622538547962904e-09	1.622538547962904e-09	1.622538547962904e-09	0.009569531306624413	1.622538547962904e-09	1.622538547962904e-09	1.622538547962904e-09	0.01123595517128706	9.999999974752427e-07	0.20471768081188202	9.999999974752427e-07	0.14387744665145874	0.2047176957130432	0.3052733242511749	0.30527329444885254	0.026084452867507935	0.009569531306624413	1.622538547962904e-09	0.010101010091602802	0.204717755317688	0.010204081423580647	0.010989011265337467	0.30527329444885254	0.14387741684913635	0.06956726312637329	1.622538547962904e-09	0.01463712751865387	9.999999974752427e-07	0.20471777021884918	0.009803921915590763	9.999999974752427e-07	0.02503982186317444	9.999999974752427e-07	9.999999974752427e-07	0.008882243186235428	0.020576931536197662	9.999999974752427e-07	1.622538547962904e-09	1.622538547962904e-09	1.622538547962904e-09	9.999999974752427e-07	1.622538547962904e-09	1.622538547962904e-09	1.622538547962904e-09	9.999999974752427e-07	1.622538547962904e-09	0.3537144362926483	0.026411600410938263	4.2857209336943924e-07	0.20192477107048035	1.622538547962904e-09	0.027027027681469917	-7.275957614183426e-12	0.28152182698249817	1.622538547962904e-09	0.026411622762680054	0.2815217971801758	0.010256588459014893	9.999999974752427e-07	1.622538547962904e-09	0.20192477107048035	9.999999974752427e-07	1.622538547962904e-09	9.999999974752427e-07	1.622538547962904e-09	0.010256589390337467	1.622538547962904e-09	0.20192474126815796	0.20192478597164154	1.622538547962904e-09	1.622538547962904e-09	0.16246558725833893	0.05873368680477142	1.622538547962904e-09	0.027633339166641235	0.20192477107048035	-1.3278622645884752e-08	1.622538547962904e-09	-1.3278622645884752e-08	0.20192483067512512	0.008206691592931747	9.999999974752427e-07	0.2740027904510498	1.622538547962904e-09	9.999999974752427e-07	1.622538547962904e-09	0.05703481286764145	1.622538547962904e-09	0.02641153335571289	0.03179077059030533	1.622538547962904e-09	9.999999974752427e-07	-1.3278622645884752e-08	0.009401541203260422	0.026411622762680054	0.009916093200445175	0.027633339166641235	4.2857209336943924e-07	1.622538547962904e-09	0.013445600867271423	0.008206691592931747	9.999999974752427e-07	0.013458997011184692	1.2857158253609668e-06	-1.3278622645884752e-08	-1.3278622645884752e-08	1.622538547962904e-09	9.999999974752427e-07	1.622538547962904e-09	0.16246557235717773	1.622538547962904e-09	0.05703481659293175	0.10570608824491501	0.2626262605190277	0.20192477107048035	0.01780684106051922	1.2857121873821598e-06	-1.3278622645884752e-08	9.999999974752427e-07	0.08882559835910797	0.009916089475154877	1.622538547962904e-09	0.20192478597164154	0.05404491350054741	0.027633339166641235	-1.3278622645884752e-08	0.009401543065905571	1.622538547962904e-09	0.1057060956954956	-1.3278622645884752e-08	0.017806850373744965	1.622538547962904e-09	1.622538547962904e-09	4.2857209336943924e-07	1.622538547962904e-09	-7.275957614183426e-12	1.622538547962904e-09	9.999999974752427e-07	1.622538547962904e-09	-1.3278622645884752e-08	9.999999974752427e-07	-1.3278622645884752e-08	0.007519088685512543	1.622538547962904e-09	9.999999974752427e-07	2.255546860396862e-10	0.5330701470375061	0.005072489380836487	5.000001692678779e-07	0.3791336119174957	0.015137098729610443	0.04571789503097534	9.999999974752427e-07	0.47317150235176086	1.622538547962904e-09	0.08930285274982452	0.47317150235176086	0.014180606231093407	0.010177051648497581	9.999999974752427e-07	0.283880352973938	-1.3278622645884752e-08	1.622538547962904e-09	0.009429067373275757	-1.3278622645884752e-08	0.007485583424568176	9.999999974752427e-07	0.2687433063983917	0.3461630940437317	0.011049933731555939	0.012431889772415161	0.21618443727493286	0.059898555278778076	-1.3278622645884752e-08	1.622538547962904e-09	0.2838802933692932	0.030927835032343864	0.04472166299819946	-1.3278622645884752e-08	0.39345017075538635	1.622538547962904e-09	-1.3278622645884752e-08	0.39345014095306396	0.011049933731555939	0.010177051648497581	-1.3278622645884752e-08	0.16346153616905212	0.04000958055257797	0.08930287510156631	-1.3278622645884752e-08	0.010416666977107525	-1.3278622645884752e-08	0.014316469430923462	0.036288827657699585	0.08930285274982452	1.622538547962904e-09	0.0478060245513916	5.000001692678779e-07	0.028037382289767265	1.622538547962904e-09	1.622538547962904e-09	-1.3278622645884752e-08	-1.3278622645884752e-08	1.5000005078036338e-06	1.622538547962904e-09	-1.3278622645884752e-08	9.999999974752427e-07	-1.3278622645884752e-08	1.622538547962904e-09	0.21618443727493286	0.015137098729610443	0.171462744474411	0.21618443727493286	0.39345014095306396	0.3461630940437317	0.05255882441997528	0.005072489380836487	9.999999974752427e-07	0.02286946028470993	0.1714627593755722	1.622538547962904e-09	0.01513710618019104	0.37913358211517334	0.1495407670736313	0.06023794412612915	0.014316461980342865	0.02286946028470993	0.008695651777088642	0.1714627593755722	1.622538547962904e-09	0.010177051648497581	0.012431896291673183	1.622538547962904e-09	5.000001692678779e-07	9.999999974752427e-07	0.0066950395703315735	0.007796458899974823	-1.3278622645884752e-08	0.030927835032343864	-1.3278622645884752e-08	0.007485583424568176	-1.3278622645884752e-08	0.02777777798473835	-1.3278622645884752e-08	1.622538547962904e-09	0.008695651777088642	0.3669218420982361	0.04854368790984154	5.000001692678779e-07	0.19233903288841248	1.622538547962904e-09	0.021178677678108215	0.01907866820693016	0.26595741510391235	9.999999974752427e-07	0.0752153992652893	0.2984440326690674	0.01907867193222046	9.999999974752427e-07	0.010416666977107525	0.19233903288841248	0.010324249044060707	0.007624365389347076	1.622538547962904e-09	1.622538547962904e-09	1.622538547962904e-09	9.999999974752427e-07	0.19233901798725128	0.19233904778957367	1.622538547962904e-09	0.026356376707553864	0.16347560286521912	0.04025731980800629	1.622538547962904e-09	1.622538547962904e-09	0.19233901798725128	1.622538547962904e-09	0.015332028269767761	0.0117647061124444	0.24910278618335724	0.01778506115078926	-1.3278622645884752e-08	0.24910277128219604	1.622538547962904e-09	9.999999974752427e-07	1.622538547962904e-09	0.1170303225517273	0.015458554029464722	0.0752154290676117	-1.3278622645884752e-08	0.00909090880304575	-1.3278622645884752e-08	0.009573204442858696	0.02117867022752762	0.0752154216170311	0.018691588193178177	0.015458546578884125	5.000001692678779e-07	0.005539216101169586	1.622538547962904e-09	0.01778506115078926	9.999999974752427e-07	0.02822047472000122	1.5000005078036338e-06	1.622538547962904e-09	9.999999974752427e-07	9.999999974752427e-07	-1.3278622645884752e-08	9.999999974752427e-07	0.16347560286521912	1.622538547962904e-09	0.14051920175552368	0.16347560286521912	0.24910280108451843	0.19233901798725128	0.011078406125307083	0.010101010091602802	0.009573204442858696	0.009177442640066147	0.14051921665668488	0.008695651777088642	1.622538547962904e-09	0.2222222089767456	0.11703035235404968	0.04181492328643799	0.011904762126505375	0.009177440777420998	0.010869565419852734	0.14051920175552368	-1.3278622645884752e-08	0.005539216101169586	0.026356376707553864	1.622538547962904e-09	5.000001692678779e-07	0.009999999776482582	0.01907867006957531	1.622538547962904e-09	0.010324249044060707	9.999999974752427e-07	9.999999974752427e-07	1.622538547962904e-09	9.999999974752427e-07	9.999999974752427e-07	1.622538547962904e-09	9.999999974752427e-07	0.012001216411590576	0.43699371814727783	0.05826278030872345	9.999999974752427e-07	0.2679571807384491	9.999999974752427e-07	0.04900254309177399	1.622538547962904e-09	0.3783048689365387	0.009493403136730194	0.06596280634403229	0.3783048391342163	1.622538547962904e-09	9.999999974752427e-07	0.01123595517128706	0.2679571509361267	-2.4010660126805305e-10	1.622538547962904e-09	-1.3278622645884752e-08	1.622538547962904e-09	1.622538547962904e-09	6.666664376098197e-07	0.2545320391654968	0.2679571509361267	0.010989011265337467	1.3333333299669903e-06	0.20756608247756958	0.04900255426764488	1.622538547962904e-09	0.005720056593418121	0.2679571509361267	1.622538547962904e-09	0.01575428992509842	0.010256931185722351	0.3783048391342163	0.01601792871952057	-2.4010660126805305e-10	0.3783048689365387	0.019911106675863266	9.999999974752427e-07	1.622538547962904e-09	0.1568257212638855	0.013005435466766357	0.11561180651187897	0.01815195381641388	6.666664376098197e-07	0.01815195381641388	0.010526316240429878	0.04900252819061279	0.06741572916507721	0.03269492834806442	0.018725495785474777	0.00909090880304575	-2.4010660126805305e-10	1.622538547962904e-09	0.00917431153357029	0.009686267003417015	0.009686268866062164	0.025567827746272087	9.999999974752427e-07	0.043478261679410934	0.01575428992509842	-2.4010660126805305e-10	0.009493403136730194	0.20756609737873077	9.999999974752427e-07	0.15682576596736908	0.20756609737873077	0.3783048689365387	0.2679571211338043	0.030948013067245483	0.025567827746272087	9.999999974752427e-07	9.999999974752427e-07	0.17497771978378296	0.009708737954497337	0.00909090880304575	0.31832000613212585	0.1568257361650467	0.04121395945549011	0.04972795397043228	0.010204081423580647	0.007700018584728241	0.19181180000305176	9.999999974752427e-07	0.011036910116672516	0.022488445043563843	0.016806723549962044	9.999999974752427e-07	0.009615384973585606	1.622538547962904e-09	1.622538547962904e-09	-2.4010660126805305e-10	1.622538547962904e-09	9.999999974752427e-07	1.622538547962904e-09	0.009803921915590763	1.622538547962904e-09	1.622538547962904e-09	9.999999974752427e-07	9.999999974752427e-07	0.3545213043689728	0.02059108391404152	0.010625112801790237	0.21123084425926208	0.02664199471473694	0.0061219222843647	9.999999974752427e-07	0.3018166422843933	0.006626579910516739	0.020591139793395996	0.3018166720867157	0.01864650845527649	-1.3278622645884752e-08	1.622538547962904e-09	0.1669045239686966	0.015181045979261398	9.999999974752427e-07	1.622538547962904e-09	1.622538547962904e-09	0.010238776914775372	1.622538547962904e-09	0.14026254415512085	0.2112308144569397	-1.3278622645884752e-08	1.622538547962904e-09	0.14026251435279846	0.024768419563770294	1.622538547962904e-09	1.622538547962904e-09	0.2112308144569397	-1.3278622645884752e-08	0.011363636702299118	6.912159733474255e-10	0.23242251574993134	-1.3278622645884752e-08	0.006100691854953766	0.29567739367485046	-1.3278622645884752e-08	-1.3278622645884752e-08	1.622538547962904e-09	0.09294700622558594	1.622538547962904e-09	0.06100180745124817	0.01366463303565979	1.622538547962904e-09	0.007563948631286621	0.011995955370366573	0.0061219483613967896	0.030612245202064514	0.006626583635807037	9.073119144886732e-09	-2.4010660126805305e-10	-1.3278622645884752e-08	-1.3278622645884752e-08	-1.3278622645884752e-08	9.999999974752427e-07	0.027936100959777832	0.010625114664435387	0.027522936463356018	0.007871739566326141	9.999999974752427e-07	1.622538547962904e-09	0.006626579910516739	0.14026251435279846	0.010101010091602802	0.09294699132442474	0.14026251435279846	0.29567742347717285	0.21123076975345612	-1.3278622645884752e-08	0.013964534737169743	0.011995954439043999	0.0061219483613967896	0.10661163181066513	1.622538547962904e-09	0.02664199471473694	0.2191026210784912	0.061001840978860855	1.622538547962904e-09	0.013319892808794975	0.0061219483613967896	1.622538547962904e-09	0.10661161690950394	9.999999974752427e-07	-1.3278622645884752e-08	1.622538547962904e-09	1.622538547962904e-09	-2.4010660126805305e-10	1.622538547962904e-09	9.999999974752427e-07	1.622538547962904e-09	0.015181045979261398	1.622538547962904e-09	6.912159733474255e-10	0.010238775983452797	0.007871739566326141	0.006139293313026428	1.622538547962904e-09	1.622538547962904e-09	1.622538547962904e-09	0.36081427335739136	0.07295437157154083	0.008505983278155327	0.2816368341445923	0.009365733712911606	0.026101619005203247	-1.3278622645884752e-08	0.3097529113292694	7.49999799154466e-07	0.07295437157154083	0.3097529113292694	-1.3278622645884752e-08	2.255546860396862e-10	-5.828042048960924e-09	0.22092559933662415	0.024959877133369446	-1.3278622645884752e-08	1.622538547962904e-09	1.622538547962904e-09	-1.3278622645884752e-08	9.999999974752427e-07	0.21155986189842224	0.22092559933662415	2.255546860396862e-10	0.00917431153357029	0.1840570569038391	0.026101604104042053	1.622538547962904e-09	-5.828042048960924e-09	0.22092559933662415	1.622538547962904e-09	-1.3278622645884752e-08	0.008564604446291924	0.2986621558666229	1.622538547962904e-09	9.999999974752427e-07	0.2986621558666229	2.255546860396862e-10	2.255546860396862e-10	1.622538547962904e-09	0.1273503601551056	-5.828042048960924e-09	0.08163265138864517	0.01516491174697876	0.008196720853447914	9.999999974752427e-07	-2.4010660126805305e-10	0.026101619005203247	0.07547169923782349	1.5000005078036338e-06	0.015599853359162807	0.01042632944881916	0.009330726228654385	0.018172089010477066	1.622538547962904e-09	1.622538547962904e-09	0.024959877133369446	0.028257330879569054	9.999999974752427e-07	0.008460652083158493	-1.3278622645884752e-08	9.999999974752427e-07	7.49999799154466e-07	0.14251525700092316	0.009365729987621307	0.1273503601551056	0.14251527190208435	0.2986621558666229	0.2816368341445923	0.00933072715997696	0.05747126415371895	-2.4010660126805305e-10	9.999999974752427e-07	0.14251525700092316	7.49999799154466e-07	0.009365737438201904	0.29009753465652466	0.1273503601551056	0.04308461770415306	-2.4010660126805305e-10	0.009282229468226433	1.622538547962904e-09	0.14251519739627838	9.999999974752427e-07	2.255546860396862e-10	0.027484744787216187	0.017241379246115685	0.009325018152594566	-5.828042048960924e-09	-1.3278622645884752e-08	0.015599831938743591	0.02495986968278885	-2.4010660126805305e-10	9.999999974752427e-07	-1.3278622645884752e-08	0.008460652083158493	0.011090751737356186	1.622538547962904e-09	7.49999799154466e-07	0.016819393262267113
75	-15547.466796875	-1	9	57	76	75	26	89	10	62	48	0	26	84	41	29	91	66	5	0	11	24	14	68	37	85	21	0	0	50	22	3	66	33	67	21	43	7	69	12	0	65	50	77	73	24	43	79	5	42	1	78	57	69	21	34	56	0	70	42	76	31	43	49	25	4	73	63	36	3	21	1	46	80	82	49	14	33	40	77	33	47	9	66	48	69	78	85	57	13	11	50	56	7	32	19	59	7	0	75	47	0.5437127351760864	0.08644906431436539	0.010285336524248123	0.41455110907554626	0.012830309569835663	0.010498285293579102	0.010526316240429878	0.4251324534416199	9.999999974752427e-07	0.08644905686378479	0.44155389070510864	0.0655471533536911	9.999999974752427e-07	9.999999974752427e-07	0.40957462787628174	9.999999974752427e-07	0.005317971110343933	1.622538547962904e-09	1.622538547962904e-09	9.999999974752427e-07	0.02298850566148758	0.3967443108558655	0.4095746576786041	9.999999974752427e-07	0.03314200043678284	0.2897196114063263	0.07604540139436722	1.622538547962904e-09	9.999999974752427e-07	0.40957462787628174	0.004976421594619751	1.622538547962904e-09	1.622538547962904e-09	0.4145509898662567	0.03333333507180214	-1.3278622645884752e-08	0.4251324236392975	9.999999974752427e-07	9.999999974752427e-07	1.622538547962904e-09	0.22580645978450775	0.012048192322254181	0.1361638456583023	-1.3278622645884752e-08	9.999999974752427e-07	-1.3278622645884752e-08	1.622538547962904e-09	0.01049829088151455	0.1361638605594635	0.030567780137062073	0.02411612868309021	1.622538547962904e-09	0.008196720853447914	0.010869565419852734	9.999999974752427e-07	0.010526316240429878	0.02611328661441803	0.019338728860020638	-2.4010660126805305e-10	-1.3278622645884752e-08	1.622538547962904e-09	-1.3278622645884752e-08	0.030567795038223267	0.2705919146537781	9.999999974752427e-07	0.26527389883995056	0.2705919146537781	0.4251324236392975	0.4095746576786041	0.030927833169698715	0.05588129162788391	1.622538547962904e-09	0.010498292744159698	0.2652738690376282	-1.3278622645884752e-08	0.012830309569835663	0.41455110907554626	0.22250455617904663	0.08634074777364731	1.622538547962904e-09	0.010498294606804848	1.622538547962904e-09	0.26527389883995056	0.036036036908626556	0.009900989942252636	0.062224678695201874	0.029082641005516052	0.009053405374288559	9.999999974752427e-07	0.012195121496915817	9.999999974752427e-07	0.008547008968889713	-1.3278622645884752e-08	1.622538547962904e-09	9.999999974752427e-07	-1.3278622645884752e-08	-1.3278622645884752e-08	1.622538547962904e-09	1.622538547962904e-09	1.622538547962904e-09	0.42310065031051636	0.04496558755636215	0.010405869223177433	0.2722354531288147	0.010044899769127369	0.021052632480859756	9.999999974752427e-07	0.31625205278396606	0.018691588193178177	0.05226296931505203	0.31625205278396606	0.01785714365541935	0.010989011265337467	1.622538547962904e-09	0.2722354531288147	9.999999974752427e-07	1.622538547962904e-09	0.019417475908994675	1.622538547962904e-09	9.999999974752427e-07	6.666664376098197e-07	0.2291666716337204	0.2722354531288147	9.999999974752427e-07	1.3333333299669903e-06	0.1819043606519699	0.09699182957410812	1.622538547962904e-09	0.0078512541949749	0.2722354531288147	1.622538547962904e-09	1.622538547962904e-09	0.010638297535479069	0.31625205278396606	9.999999974752427e-07	-7.275957614183426e-12	0.3162520229816437	0.010526316240429878	0.009009009227156639	1.622538547962904e-09	0.10256187617778778	1.622538547962904e-09	0.0606570690870285	0.008510754443705082	6.666664376098197e-07	-7.275957614183426e-12	9.999999974752427e-07	1.3999997463542968e-06	0.05226297304034233	0.034559715539216995	0.022432174533605576	2.255546860396862e-10	9.999999974752427e-07	9.999999974752427e-07	9.999999974752427e-07	0.008264463394880295	0.009856704622507095	0.010405868291854858	0.008394084870815277	1.622538547962904e-09	1.622538547962904e-09	0.008510754443705082	0.034559715539216995	0.18190431594848633	0.010044899769127369	0.11764705926179886	0.18190434575080872	0.31625205278396606	0.2722354531288147	0.042105261236429214	0.010405870154500008	9.999999974752427e-07	8.000001798791345e-07	0.18190434575080872	1.622538547962904e-09	0.010044898837804794	0.2722354531288147	0.10256189107894897	0.04190482199192047	9.999999974752427e-07	8.000001798791345e-07	0.00729738175868988	0.18190434575080872	1.622538547962904e-09	0.016949152573943138	0.01947261206805706	9.999999974752427e-07	2.255546860396862e-10	1.622538547962904e-09	0.011627906933426857	0.014580924063920975	9.999999974752427e-07	1.622538547962904e-09	9.999999974752427e-07	9.999999974752427e-07	1.622538547962904e-09	1.622538547962904e-09	1.622538547962904e-09	-2.4010660126805305e-10	6.000000212225132e-07	0.449466347694397	0.08000115305185318	9.999999974752427e-07	0.33304834365844727	-1.3278622645884752e-08	0.03483247756958008	9.999999974752427e-07	0.386263370513916	0.009220771491527557	0.08756303787231445	0.386263370513916	0.01332206092774868	-1.3278622645884752e-08	9.999999974752427e-07	0.294791579246521	9.999999974752427e-07	0.029411764815449715	9.999999974752427e-07	-1.3278622645884752e-08	0.008118398487567902	0.010526316240429878	0.294791579246521	0.294791579246521	-1.3278622645884752e-08	0.01075268816202879	0.2947915196418762	0.04815460741519928	-1.3278622645884752e-08	0.02777777798473835	0.2947916090488434	0.019186578691005707	9.999999974752427e-07	0.008000500500202179	0.38626328110694885	-1.3278622645884752e-08	1.622538547962904e-09	0.38626334071159363	-1.3278622645884752e-08	-1.3278622645884752e-08	-1.3278622645884752e-08	0.1528805047273636	9.999999974752427e-07	0.08756301552057266	0.009048528037965298	9.999999974752427e-07	1.622538547962904e-09	0.009131006896495819	0.02860131859779358	0.08756303787231445	0.009220770560204983	0.04123711213469505	9.999999974752427e-07	-1.3278622645884752e-08	-1.3278622645884752e-08	-1.3278622645884752e-08	0.008003756403923035	0.01504833996295929	0.029999999329447746	1.622538547962904e-09	0.00909090880304575	9.999999974752427e-07	0.009048528969287872	0.009220771491527557	0.2947915196418762	-1.3278622645884752e-08	0.15288051962852478	0.2499999850988388	0.38626334071159363	0.31386178731918335	-1.3278622645884752e-08	0.032608695328235626	0.009130999445915222	9.999999974752427e-07	0.16192904114723206	-2.4010660126805305e-10	-1.3278622645884752e-08	0.36913183331489563	0.1528804898262024	0.06531748175621033	0.009131021797657013	0.028601333498954773	0.00756189227104187	0.16814157366752625	1.622538547962904e-09	-1.3278622645884752e-08	0.021052632480859756	0.009900989942252636	0.027272727340459824	9.999999974752427e-07	0.005203664302825928	0.008620689623057842	0.007044583559036255	-1.3278622645884752e-08	0.008000500500202179	0.008118398487567902	9.999999974752427e-07	-1.3278622645884752e-08	-1.3278622645884752e-08	-1.3278622645884752e-08	1.622538547962904e-09	0.4417252242565155	0.024390242993831635	9.999999974752427e-07	0.30527326464653015	0.010416666977107525	0.014637134969234467	9.999999974752427e-07	0.3760969042778015	9.999999974752427e-07	0.04878048598766327	0.3760969042778015	0.05099133402109146	9.999999974752427e-07	0.008882244117558002	0.30527329444885254	1.622538547962904e-09	1.622538547962904e-09	1.622538547962904e-09	1.622538547962904e-09	0.030414395034313202	0.012048192322254181	0.29318323731422424	0.30527329444885254	9.999999974752427e-07	0.017391303554177284	0.2670987844467163	0.06562843918800354	1.622538547962904e-09	0.010416666977107525	0.30527329444885254	1.622538547962904e-09	1.622538547962904e-09	1.622538547962904e-09	0.30527329444885254	1.622538547962904e-09	0.010526316240429878	0.3760969042778015	9.999999974752427e-07	9.999999974752427e-07	1.622538547962904e-09	0.14387741684913635	0.025641024112701416	0.07431011646986008	0.032608695328235626	9.999999974752427e-07	0.009615384973585606	1.622538547962904e-09	0.014637134969234467	0.07431010156869888	0.010309278033673763	0.04452749714255333	0.009433962404727936	9.999999974752427e-07	1.622538547962904e-09	1.622538547962904e-09	1.622538547962904e-09	1.622538547962904e-09	0.009569531306624413	1.622538547962904e-09	1.622538547962904e-09	1.622538547962904e-09	0.01123595517128706	9.999999974752427e-07	0.20471768081188202	9.999999974752427e-07	0.14387744665145874	0.2047176957130432	0.3052733242511749	0.30527329444885254	0.026084452867507935	0.009569531306624413	1.622538547962904e-09	0.010101010091602802	0.204717755317688	0.010204081423580647	0.010989011265337467	0.30527329444885254	0.14387741684913635	0.06956726312637329	1.622538547962904e-09	0.01463712751865387	9.999999974752427e-07	0.20471777021884918	0.009803921915590763	9.999999974752427e-07	0.02503982186317444	9.999999974752427e-07	9.999999974752427e-07	0.008882243186235428	0.020576931536197662	9.999999974752427e-07	1.622538547962904e-09	1.622538547962904e-09	1.622538547962904e-09	9.999999974752427e-07	1.622538547962904e-09	1.622538547962904e-09	1.622538547962904e-09	9.999999974752427e-07	1.622538547962904e-09	0.3537144064903259	0.026411600410938263	4.2857209336943924e-07	0.20192477107048035	1.622538547962904e-09	0.027027027681469917	-7.275957614183426e-12	0.28152185678482056	1.622538547962904e-09	0.026411622762680054	0.28152182698249817	0.010256588459014893	9.999999974752427e-07	1.622538547962904e-09	0.20192480087280273	9.999999974752427e-07	1.622538547962904e-09	9.999999974752427e-07	1.622538547962904e-09	0.010256589390337467	1.622538547962904e-09	0.20192477107048035	0.20192474126815796	1.622538547962904e-09	1.622538547962904e-09	0.16246561706066132	0.05873370170593262	1.622538547962904e-09	0.027633339166641235	0.20192477107048035	-1.3278622645884752e-08	1.622538547962904e-09	-1.3278622645884752e-08	0.20192483067512512	0.008206706494092941	9.999999974752427e-07	0.2740027904510498	1.622538547962904e-09	9.999999974752427e-07	1.622538547962904e-09	0.05703481286764145	1.622538547962904e-09	0.02641153335571289	0.03179077059030533	1.622538547962904e-09	9.999999974752427e-07	-1.3278622645884752e-08	0.009401541203260422	0.026411622762680054	0.009916093200445175	0.027633339166641235	4.2857209336943924e-07	1.622538547962904e-09	0.013445623219013214	0.008206704631447792	9.999999974752427e-07	0.013459011912345886	1.2857158253609668e-06	-1.3278622645884752e-08	-1.3278622645884752e-08	1.622538547962904e-09	9.999999974752427e-07	1.622538547962904e-09	0.1624656319618225	1.622538547962904e-09	0.05703481659293175	0.10570608824491501	0.2626262605190277	0.20192477107048035	0.01780685782432556	1.2857121873821598e-06	-1.3278622645884752e-08	9.999999974752427e-07	0.08882559835910797	0.009916089475154877	1.622538547962904e-09	0.20192480087280273	0.05404491350054741	0.027633339166641235	-1.3278622645884752e-08	0.009401543065905571	1.622538547962904e-09	0.1057060956954956	-1.3278622645884752e-08	0.01780686527490616	1.622538547962904e-09	1.622538547962904e-09	4.2857209336943924e-07	1.622538547962904e-09	-7.275957614183426e-12	1.622538547962904e-09	9.999999974752427e-07	1.622538547962904e-09	-1.3278622645884752e-08	9.999999974752427e-07	-1.3278622645884752e-08	0.007519081234931946	1.622538547962904e-09	1.622538547962904e-09	2.255546860396862e-10	0.5330701470375061	0.005072489380836487	5.000001692678779e-07	0.3791336119174957	0.015137091279029846	0.04571789503097534	9.999999974752427e-07	0.47317150235176086	1.622538547962904e-09	0.08930285274982452	0.47317150235176086	0.014180608093738556	0.010177051648497581	9.999999974752427e-07	0.2838802933692932	-1.3278622645884752e-08	1.622538547962904e-09	0.009429071098566055	-1.3278622645884752e-08	0.007485575973987579	9.999999974752427e-07	0.26874321699142456	0.3461630940437317	0.011049933731555939	0.012431889772415161	0.21618445217609406	0.059898555278778076	-1.3278622645884752e-08	1.622538547962904e-09	0.2838803231716156	0.030927835032343864	0.04472164809703827	-1.3278622645884752e-08	0.39345017075538635	1.622538547962904e-09	-1.3278622645884752e-08	0.39345014095306396	0.011049933731555939	0.010177051648497581	-1.3278622645884752e-08	0.16346153616905212	0.04000958055257797	0.08930287510156631	-1.3278622645884752e-08	0.010416666977107525	-1.3278622645884752e-08	0.01431642472743988	0.036288827657699585	0.08930285274982452	1.622538547962904e-09	0.0478060245513916	5.000001692678779e-07	0.028037382289767265	1.622538547962904e-09	1.622538547962904e-09	-1.3278622645884752e-08	-1.3278622645884752e-08	1.5000005078036338e-06	1.622538547962904e-09	-1.3278622645884752e-08	9.999999974752427e-07	-1.3278622645884752e-08	1.622538547962904e-09	0.21618445217609406	0.015137098729610443	0.171462744474411	0.21618443727493286	0.39345020055770874	0.3461630940437317	0.052558884024620056	0.005072489380836487	9.999999974752427e-07	0.02286946028470993	0.1714627593755722	1.622538547962904e-09	0.015137091279029846	0.37913358211517334	0.1495407670736313	0.06023794412612915	0.014316432178020477	0.02286946028470993	0.008695651777088642	0.1714627593755722	1.622538547962904e-09	0.010177051648497581	0.012431896291673183	1.622538547962904e-09	5.000001692678779e-07	9.999999974752427e-07	0.00669502466917038	0.007796458899974823	-1.3278622645884752e-08	0.030927835032343864	-1.3278622645884752e-08	0.007485575973987579	-1.3278622645884752e-08	0.02777777798473835	-1.3278622645884752e-08	1.622538547962904e-09	0.008695651777088642	0.36692187190055847	0.04854368790984154	5.000001692678779e-07	0.19233903288841248	1.622538547962904e-09	0.021178647875785828	0.019078664481639862	0.26595741510391235	9.999999974752427e-07	0.0752153992652893	0.298444002866745	0.01907867193222046	9.999999974752427e-07	0.010416666977107525	0.19233904778957367	0.010324249044060707	0.007624365389347076	1.622538547962904e-09	1.622538547962904e-09	1.622538547962904e-09	9.999999974752427e-07	0.19233904778957367	0.19233901798725128	1.622538547962904e-09	0.026356376707553864	0.16347558796405792	0.04025731980800629	1.622538547962904e-09	1.622538547962904e-09	0.19233904778957367	1.622538547962904e-09	0.015332028269767761	0.0117647061124444	0.24910278618335724	0.01778504252433777	-1.3278622645884752e-08	0.24910277128219604	1.622538547962904e-09	9.999999974752427e-07	1.622538547962904e-09	0.1170303225517273	0.015458554029464722	0.0752154290676117	-1.3278622645884752e-08	0.00909090880304575	-1.3278622645884752e-08	0.009573204442858696	0.021178659051656723	0.0752154216170311	0.018691588193178177	0.015458546578884125	5.000001692678779e-07	0.005539193749427795	1.622538547962904e-09	0.01778504066169262	9.999999974752427e-07	0.028220444917678833	1.5000005078036338e-06	1.622538547962904e-09	9.999999974752427e-07	9.999999974752427e-07	-1.3278622645884752e-08	9.999999974752427e-07	0.16347557306289673	1.622538547962904e-09	0.14051920175552368	0.16347557306289673	0.24910280108451843	0.19233901798725128	0.011078385636210442	0.010101010091602802	0.009573204442858696	0.009177442640066147	0.1405191868543625	0.008695651777088642	1.622538547962904e-09	0.2222222089767456	0.11703035235404968	0.04181492328643799	0.011904762126505375	0.009177442640066147	0.010869565419852734	0.14051923155784607	-1.3278622645884752e-08	0.005539193749427795	0.026356376707553864	1.622538547962904e-09	5.000001692678779e-07	0.009999999776482582	0.01907866634428501	1.622538547962904e-09	0.010324249044060707	9.999999974752427e-07	9.999999974752427e-07	1.622538547962904e-09	9.999999974752427e-07	9.999999974752427e-07	1.622538547962904e-09	1.622538547962904e-09	0.012001216411590576	0.43699371814727783	0.05826278030872345	9.999999974752427e-07	0.2679571807384491	9.999999974752427e-07	0.04900254309177399	1.622538547962904e-09	0.3783048689365387	0.009493403136730194	0.06596280634403229	0.3783048391342163	1.622538547962904e-09	9.999999974752427e-07	0.01123595517128706	0.2679571509361267	-2.4010660126805305e-10	1.622538547962904e-09	-1.3278622645884752e-08	1.622538547962904e-09	1.622538547962904e-09	6.666664376098197e-07	0.2545320391654968	0.2679571509361267	0.010989011265337467	1.3333333299669903e-06	0.20756608247756958	0.04900255426764488	1.622538547962904e-09	0.005720056593418121	0.2679571509361267	1.622538547962904e-09	0.01575428992509842	0.010256931185722351	0.3783048391342163	0.01601792871952057	-2.4010660126805305e-10	0.3783048689365387	0.019911106675863266	9.999999974752427e-07	1.622538547962904e-09	0.1568257212638855	0.013005435466766357	0.11561180651187897	0.01815195381641388	6.666664376098197e-07	0.01815195381641388	0.010526316240429878	0.04900252819061279	0.06741572916507721	0.03269492834806442	0.018725495785474777	0.00909090880304575	-2.4010660126805305e-10	1.622538547962904e-09	0.00917431153357029	0.009686267003417015	0.009686268866062164	0.025567827746272087	9.999999974752427e-07	0.043478261679410934	0.01575428992509842	-2.4010660126805305e-10	0.009493403136730194	0.20756609737873077	9.999999974752427e-07	0.15682576596736908	0.20756609737873077	0.3783048689365387	0.2679571211338043	0.030948013067245483	0.025567827746272087	9.999999974752427e-07	9.999999974752427e-07	0.17497771978378296	0.009708737954497337	0.00909090880304575	0.31832000613212585	0.1568257361650467	0.04121395945549011	0.04972795397043228	0.010204081423580647	0.007700018584728241	0.19181180000305176	9.999999974752427e-07	0.011036910116672516	0.022488445043563843	0.016806723549962044	9.999999974752427e-07	0.009615384973585606	1.622538547962904e-09	1.622538547962904e-09	-2.4010660126805305e-10	1.622538547962904e-09	9.999999974752427e-07	1.622538547962904e-09	0.009803921915590763	1.622538547962904e-09	1.622538547962904e-09	9.999999974752427e-07	9.999999974752427e-07	0.3545212149620056	0.02059110254049301	0.010625112801790237	0.2112307846546173	0.026641957461833954	0.006121933460235596	9.999999974752427e-07	0.3018167018890381	0.006626579910516739	0.02059112675487995	0.3018167018890381	0.018646501004695892	-1.3278622645884752e-08	1.622538547962904e-09	0.16690456867218018	0.015181045979261398	9.999999974752427e-07	1.622538547962904e-09	1.622538547962904e-09	0.010238776914775372	1.622538547962904e-09	0.14026254415512085	0.2112308293581009	-1.3278622645884752e-08	1.622538547962904e-09	0.14026251435279846	0.024768441915512085	1.622538547962904e-09	1.622538547962904e-09	0.2112308293581009	-1.3278622645884752e-08	0.011363636702299118	6.912159733474255e-10	0.23242244124412537	-1.3278622645884752e-08	0.006100691854953766	0.29567739367485046	-1.3278622645884752e-08	-1.3278622645884752e-08	1.622538547962904e-09	0.09294700622558594	1.622538547962904e-09	0.06100180745124817	0.01366463303565979	1.622538547962904e-09	0.007563948631286621	0.011995955370366573	0.0061219483613967896	0.030612245202064514	0.00662657618522644	9.073119144886732e-09	-2.4010660126805305e-10	-1.3278622645884752e-08	-1.3278622645884752e-08	-1.3278622645884752e-08	9.999999974752427e-07	0.027936115860939026	0.010625114664435387	0.027522936463356018	0.00787179172039032	9.999999974752427e-07	1.622538547962904e-09	0.006626579910516739	0.14026251435279846	0.010101010091602802	0.09294699132442474	0.14026251435279846	0.29567742347717285	0.21123085916042328	-1.3278622645884752e-08	0.013964534737169743	0.011995954439043999	0.006121940910816193	0.10661163181066513	1.622538547962904e-09	0.026641957461833954	0.21910254657268524	0.061001840978860855	1.622538547962904e-09	0.013319943100214005	0.006121940910816193	1.622538547962904e-09	0.10661161690950394	9.999999974752427e-07	-1.3278622645884752e-08	1.622538547962904e-09	1.622538547962904e-09	-2.4010660126805305e-10	1.622538547962904e-09	9.999999974752427e-07	1.622538547962904e-09	0.015181045979261398	1.622538547962904e-09	6.912159733474255e-10	0.010238775983452797	0.00787179172039032	0.006139278411865234	1.622538547962904e-09	-2.4010660126805305e-10	1.622538547962904e-09	0.3608143925666809	0.07295437157154083	0.008505983278155327	0.2816368341445923	0.009365718811750412	0.026101574301719666	-1.3278622645884752e-08	0.30975285172462463	8.000001798791345e-07	0.07295437157154083	0.309752881526947	-1.3278622645884752e-08	2.255546860396862e-10	-5.828042048960924e-09	0.22092556953430176	0.024959832429885864	-1.3278622645884752e-08	1.622538547962904e-09	1.622538547962904e-09	-1.3278622645884752e-08	9.999999974752427e-07	0.21155984699726105	0.22092559933662415	2.255546860396862e-10	0.00917431153357029	0.18405702710151672	0.026101574301719666	1.622538547962904e-09	-5.828042048960924e-09	0.22092559933662415	1.622538547962904e-09	-1.3278622645884752e-08	0.008564617484807968	0.29866212606430054	1.622538547962904e-09	9.999999974752427e-07	0.29866212606430054	2.255546860396862e-10	2.255546860396862e-10	1.622538547962904e-09	0.1273503601551056	-5.828042048960924e-09	0.08163265138864517	0.01516491174697876	0.008196720853447914	9.999999974752427e-07	-2.4010660126805305e-10	0.026101581752300262	0.07547169923782349	1.3999997463542968e-06	0.015599853359162807	0.01042632944881916	0.009330721572041512	0.018172074109315872	1.622538547962904e-09	1.622538547962904e-09	0.024959847331047058	0.028257330879569054	9.999999974752427e-07	0.008460648357868195	-1.3278622645884752e-08	9.999999974752427e-07	8.000001798791345e-07	0.14251525700092316	0.00936572253704071	0.1273503601551056	0.14251527190208435	0.29866212606430054	0.2816368341445923	0.00933072343468666	0.05747126415371895	-2.4010660126805305e-10	9.999999974752427e-07	0.14251521229743958	6.000000212225132e-07	0.009365729987621307	0.29009750485420227	0.1273503601551056	0.04308461770415306	-2.4010660126805305e-10	0.009282214567065239	1.622538547962904e-09	0.14251525700092316	9.999999974752427e-07	2.255546860396862e-10	0.027484744787216187	0.017241379246115685	0.009325018152594566	-5.828042048960924e-09	-1.3278622645884752e-08	0.015599831938743591	0.024959824979305267	-2.4010660126805305e-10	9.999999974752427e-07	-1.3278622645884752e-08	0.008460644632577896	0.011090731248259544	1.622538547962904e-09	1.622538547962904e-09	0.01681937463581562
76	-15547.466796875	-1	9	57	76	75	26	89	10	62	48	0	26	84	41	29	91	66	5	0	11	24	14	68	37	85	21	0	0	50	22	3	66	33	67	21	43	7	69	12	0	65	50	77	73	24	43	79	5	42	1	78	57	69	21	34	56	0	70	42	76	31	43	49	25	4	73	63	36	3	21	1	46	80	82	49	14	33	40	77	33	47	9	66	48	69	78	85	57	13	11	50	56	7	32	19	59	7	0	76	47	0.5437127351760864	0.08644906431436539	0.010285336524248123	0.4145510792732239	0.012830331921577454	0.010498285293579102	0.010526316240429878	0.42513248324394226	9.999999974752427e-07	0.08644905686378479	0.44155389070510864	0.06554712355136871	9.999999974752427e-07	9.999999974752427e-07	0.40957462787628174	9.999999974752427e-07	0.005317971110343933	1.622538547962904e-09	1.622538547962904e-09	9.999999974752427e-07	0.02298850566148758	0.3967443108558655	0.4095746576786041	9.999999974752427e-07	0.03314200043678284	0.2897196114063263	0.07604538649320602	1.622538547962904e-09	9.999999974752427e-07	0.4095746576786041	0.0049764662981033325	1.622538547962904e-09	1.622538547962904e-09	0.41455110907554626	0.03333333507180214	-1.3278622645884752e-08	0.4251324534416199	9.999999974752427e-07	9.999999974752427e-07	1.622538547962904e-09	0.22580645978450775	0.012048192322254181	0.1361638456583023	-1.3278622645884752e-08	9.999999974752427e-07	-1.3278622645884752e-08	1.622538547962904e-09	0.010498294606804848	0.1361638605594635	0.030567780137062073	0.02411612868309021	1.622538547962904e-09	0.008196720853447914	0.010869565419852734	9.999999974752427e-07	0.010526316240429878	0.02611323446035385	0.019338728860020638	-2.4010660126805305e-10	-1.3278622645884752e-08	1.622538547962904e-09	-1.3278622645884752e-08	0.030567795038223267	0.2705919146537781	9.999999974752427e-07	0.26527389883995056	0.2705919146537781	0.4251324534416199	0.40957462787628174	0.030927833169698715	0.05588129162788391	1.622538547962904e-09	0.0104982890188694	0.2652738690376282	-1.3278622645884752e-08	0.012830328196287155	0.4145512282848358	0.22250455617904663	0.08634074777364731	1.622538547962904e-09	0.01049829088151455	1.622538547962904e-09	0.26527389883995056	0.036036036908626556	0.009900989942252636	0.062224678695201874	0.029082641005516052	0.009053405374288559	9.999999974752427e-07	0.012195121496915817	9.999999974752427e-07	0.008547008968889713	-1.3278622645884752e-08	1.622538547962904e-09	9.999999974752427e-07	-1.3278622645884752e-08	-1.3278622645884752e-08	1.622538547962904e-09	-1.3278622645884752e-08	1.622538547962904e-09	0.4231007397174835	0.04496558755636215	0.010405869223177433	0.2722354531288147	0.010044899769127369	0.021052632480859756	9.999999974752427e-07	0.31625208258628845	0.018691588193178177	0.05226296931505203	0.31625211238861084	0.01785714365541935	0.010989011265337467	1.622538547962904e-09	0.2722354531288147	9.999999974752427e-07	1.622538547962904e-09	0.019417475908994675	1.622538547962904e-09	9.999999974752427e-07	6.666664376098197e-07	0.2291666716337204	0.2722354531288147	9.999999974752427e-07	1.3333333299669903e-06	0.1819043606519699	0.09699182957410812	1.622538547962904e-09	0.0078512541949749	0.2722354531288147	1.622538547962904e-09	1.622538547962904e-09	0.010638297535479069	0.31625205278396606	9.999999974752427e-07	-7.275957614183426e-12	0.31625205278396606	0.010526316240429878	0.009009009227156639	1.622538547962904e-09	0.10256187617778778	1.622538547962904e-09	0.0606570690870285	0.008510754443705082	6.666664376098197e-07	-7.275957614183426e-12	9.999999974752427e-07	1.3999997463542968e-06	0.05226297304034233	0.034559715539216995	0.022432174533605576	2.255546860396862e-10	9.999999974752427e-07	9.999999974752427e-07	9.999999974752427e-07	0.008264463394880295	0.009856700897216797	0.010405868291854858	0.008394084870815277	1.622538547962904e-09	1.622538547962904e-09	0.008510754443705082	0.034559715539216995	0.18190431594848633	0.010044899769127369	0.11764705926179886	0.18190434575080872	0.31625205278396606	0.2722354531288147	0.042105261236429214	0.010405870154500008	9.999999974752427e-07	8.000001798791345e-07	0.18190434575080872	1.622538547962904e-09	0.010044898837804794	0.2722354531288147	0.10256189107894897	0.04190482199192047	9.999999974752427e-07	8.000001798791345e-07	0.00729738175868988	0.18190434575080872	1.622538547962904e-09	0.016949152573943138	0.01947261206805706	9.999999974752427e-07	2.255546860396862e-10	1.622538547962904e-09	0.011627906933426857	0.014580924063920975	9.999999974752427e-07	1.622538547962904e-09	9.999999974752427e-07	9.999999974752427e-07	1.622538547962904e-09	1.622538547962904e-09	1.622538547962904e-09	1.622538547962904e-09	6.000000212225132e-07	0.4494662880897522	0.08000115305185318	9.999999974752427e-07	0.3330483138561249	-1.3278622645884752e-08	0.03483249247074127	9.999999974752427e-07	0.386263370513916	0.009220771491527557	0.08756303787231445	0.38626334071159363	0.013322077691555023	-1.3278622645884752e-08	9.999999974752427e-07	0.2947915494441986	9.999999974752427e-07	0.029411764815449715	9.999999974752427e-07	-1.3278622645884752e-08	0.008118398487567902	0.010526316240429878	0.2947915494441986	0.2947915196418762	-1.3278622645884752e-08	0.01075268816202879	0.2947915196418762	0.04815460741519928	-1.3278622645884752e-08	0.02777777798473835	0.2947915494441986	0.019186578691005707	9.999999974752427e-07	0.008000463247299194	0.38626325130462646	-1.3278622645884752e-08	1.622538547962904e-09	0.38626331090927124	-1.3278622645884752e-08	-1.3278622645884752e-08	-1.3278622645884752e-08	0.1528805047273636	9.999999974752427e-07	0.08756301552057266	0.009048528037965298	9.999999974752427e-07	1.622538547962904e-09	0.009130984544754028	0.02860131859779358	0.08756303787231445	0.009220770560204983	0.04123711213469505	9.999999974752427e-07	-1.3278622645884752e-08	-1.3278622645884752e-08	-1.3278622645884752e-08	0.008003763854503632	0.015048369765281677	0.029999999329447746	1.622538547962904e-09	0.00909090880304575	9.999999974752427e-07	0.009048528969287872	0.009220771491527557	0.2947915196418762	-1.3278622645884752e-08	0.15288051962852478	0.2499999850988388	0.38626334071159363	0.31386175751686096	-1.3278622645884752e-08	0.032608695328235626	0.009130991995334625	9.999999974752427e-07	0.16192904114723206	-2.4010660126805305e-10	-1.3278622645884752e-08	0.36913180351257324	0.1528804898262024	0.06531748175621033	0.009130977094173431	0.028601333498954773	0.00756189227104187	0.16814157366752625	1.622538547962904e-09	-1.3278622645884752e-08	0.021052632480859756	0.009900989942252636	0.027272727340459824	9.999999974752427e-07	0.005203664302825928	0.008620689623057842	0.007044591009616852	-1.3278622645884752e-08	0.008000463247299194	0.008118398487567902	9.999999974752427e-07	-1.3278622645884752e-08	-1.3278622645884752e-08	9.999999974752427e-07	1.622538547962904e-09	0.4417252242565155	0.024390242993831635	9.999999974752427e-07	0.3052733242511749	0.010416666977107525	0.014637134969234467	9.999999974752427e-07	0.3760969042778015	9.999999974752427e-07	0.04878048598766327	0.3760969042778015	0.05099133402109146	9.999999974752427e-07	0.008882244117558002	0.30527329444885254	1.622538547962904e-09	1.622538547962904e-09	1.622538547962904e-09	1.622538547962904e-09	0.030414395034313202	0.012048192322254181	0.29318323731422424	0.3052733242511749	9.999999974752427e-07	0.017391303554177284	0.2670987844467163	0.06562843918800354	1.622538547962904e-09	0.010416666977107525	0.3052733242511749	1.622538547962904e-09	1.622538547962904e-09	1.622538547962904e-09	0.30527329444885254	1.622538547962904e-09	0.010526316240429878	0.3760969042778015	9.999999974752427e-07	9.999999974752427e-07	1.622538547962904e-09	0.14387741684913635	0.025641024112701416	0.07431011646986008	0.032608695328235626	9.999999974752427e-07	0.009615384973585606	1.622538547962904e-09	0.014637134969234467	0.07431010156869888	0.010309278033673763	0.04452749714255333	0.009433962404727936	9.999999974752427e-07	1.622538547962904e-09	1.622538547962904e-09	1.622538547962904e-09	1.622538547962904e-09	0.009569531306624413	1.622538547962904e-09	1.622538547962904e-09	1.622538547962904e-09	0.01123595517128706	9.999999974752427e-07	0.20471768081188202	9.999999974752427e-07	0.14387744665145874	0.2047176957130432	0.30527329444885254	0.30527329444885254	0.026084452867507935	0.009569531306624413	1.622538547962904e-09	0.010101010091602802	0.204717755317688	0.010204081423580647	0.010989011265337467	0.30527326464653015	0.14387741684913635	0.06956726312637329	1.622538547962904e-09	0.01463712751865387	9.999999974752427e-07	0.20471777021884918	0.009803921915590763	9.999999974752427e-07	0.02503982186317444	9.999999974752427e-07	9.999999974752427e-07	0.008882243186235428	0.020576931536197662	9.999999974752427e-07	1.622538547962904e-09	1.622538547962904e-09	1.622538547962904e-09	9.999999974752427e-07	1.622538547962904e-09	1.622538547962904e-09	1.622538547962904e-09	1.622538547962904e-09	1.622538547962904e-09	0.3537144362926483	0.026411600410938263	4.2857209336943924e-07	0.20192480087280273	1.622538547962904e-09	0.027027027681469917	-7.275957614183426e-12	0.28152185678482056	1.622538547962904e-09	0.026411622762680054	0.2815217971801758	0.010256588459014893	9.999999974752427e-07	1.622538547962904e-09	0.20192480087280273	9.999999974752427e-07	1.622538547962904e-09	9.999999974752427e-07	1.622538547962904e-09	0.010256589390337467	1.622538547962904e-09	0.20192480087280273	0.20192474126815796	1.622538547962904e-09	1.622538547962904e-09	0.16246561706066132	0.05873368680477142	1.622538547962904e-09	0.027633339166641235	0.20192477107048035	-1.3278622645884752e-08	1.622538547962904e-09	-1.3278622645884752e-08	0.20192477107048035	0.008206706494092941	9.999999974752427e-07	0.2740027904510498	1.622538547962904e-09	9.999999974752427e-07	1.622538547962904e-09	0.05703481286764145	1.622538547962904e-09	0.02641153335571289	0.03179077059030533	1.622538547962904e-09	9.999999974752427e-07	-1.3278622645884752e-08	0.009401541203260422	0.026411622762680054	0.009916093200445175	0.027633339166641235	4.2857209336943924e-07	1.622538547962904e-09	0.013445615768432617	0.008206704631447792	9.999999974752427e-07	0.013458997011184692	1.2857158253609668e-06	-1.3278622645884752e-08	-1.3278622645884752e-08	1.622538547962904e-09	9.999999974752427e-07	1.622538547962904e-09	0.16246560215950012	1.622538547962904e-09	0.05703481659293175	0.10570608824491501	0.2626262605190277	0.20192472636699677	0.017806848511099815	1.2857121873821598e-06	-1.3278622645884752e-08	9.999999974752427e-07	0.08882559835910797	0.009916089475154877	1.622538547962904e-09	0.20192481577396393	0.05404491350054741	0.027633339166641235	-1.3278622645884752e-08	0.009401543065905571	1.622538547962904e-09	0.1057060956954956	-1.3278622645884752e-08	0.01780686527490616	1.622538547962904e-09	1.622538547962904e-09	4.2857209336943924e-07	1.622538547962904e-09	-7.275957614183426e-12	1.622538547962904e-09	9.999999974752427e-07	1.622538547962904e-09	-1.3278622645884752e-08	9.999999974752427e-07	-1.3278622645884752e-08	0.007519081234931946	1.622538547962904e-09	-1.3278622645884752e-08	2.255546860396862e-10	0.5330701470375061	0.005072489380836487	5.000001692678779e-07	0.3791336119174957	0.015137098729610443	0.04571789503097534	9.999999974752427e-07	0.4731714725494385	1.622538547962904e-09	0.08930285274982452	0.4731714725494385	0.014180613681674004	0.010177051648497581	9.999999974752427e-07	0.283880352973938	-1.3278622645884752e-08	1.622538547962904e-09	0.009429072961211205	-1.3278622645884752e-08	0.007485575973987579	9.999999974752427e-07	0.2687433063983917	0.3461630940437317	0.011049933731555939	0.012431889772415161	0.21618443727493286	0.0598984956741333	-1.3278622645884752e-08	1.622538547962904e-09	0.2838802933692932	0.030927835032343864	0.04472166299819946	-1.3278622645884752e-08	0.3934501111507416	1.622538547962904e-09	-1.3278622645884752e-08	0.39345014095306396	0.011049933731555939	0.010177051648497581	-1.3278622645884752e-08	0.16346153616905212	0.04000958055257797	0.08930287510156631	-1.3278622645884752e-08	0.010416666977107525	-1.3278622645884752e-08	0.014316454529762268	0.036288827657699585	0.08930285274982452	1.622538547962904e-09	0.0478060245513916	5.000001692678779e-07	0.028037382289767265	1.622538547962904e-09	1.622538547962904e-09	-1.3278622645884752e-08	-1.3278622645884752e-08	1.5000005078036338e-06	1.622538547962904e-09	-1.3278622645884752e-08	9.999999974752427e-07	-1.3278622645884752e-08	1.622538547962904e-09	0.21618443727493286	0.015137098729610443	0.171462744474411	0.21618443727493286	0.39345014095306396	0.3461630940437317	0.05255882441997528	0.005072489380836487	9.999999974752427e-07	0.02286946028470993	0.1714627593755722	1.622538547962904e-09	0.01513710618019104	0.3791336119174957	0.1495407670736313	0.06023794412612915	0.014316447079181671	0.02286946028470993	0.008695651777088642	0.1714627593755722	1.622538547962904e-09	0.010177051648497581	0.012431896291673183	1.622538547962904e-09	5.000001692678779e-07	9.999999974752427e-07	0.0066950321197509766	0.007796458899974823	-1.3278622645884752e-08	0.030927835032343864	-1.3278622645884752e-08	0.007485579699277878	-1.3278622645884752e-08	0.02777777798473835	-1.3278622645884752e-08	-1.3278622645884752e-08	0.008695651777088642	0.3669218420982361	0.04854368790984154	5.000001692678779e-07	0.19233903288841248	1.622538547962904e-09	0.021178677678108215	0.01907866820693016	0.26595741510391235	9.999999974752427e-07	0.0752153992652893	0.2984440326690674	0.01907867193222046	9.999999974752427e-07	0.010416666977107525	0.19233903288841248	0.010324249044060707	0.007624365389347076	1.622538547962904e-09	1.622538547962904e-09	1.622538547962904e-09	9.999999974752427e-07	0.19233901798725128	0.19233904778957367	1.622538547962904e-09	0.026356376707553864	0.16347560286521912	0.04025731980800629	1.622538547962904e-09	1.622538547962904e-09	0.19233901798725128	1.622538547962904e-09	0.015332028269767761	0.0117647061124444	0.24910278618335724	0.01778506115078926	-1.3278622645884752e-08	0.24910277128219604	1.622538547962904e-09	9.999999974752427e-07	1.622538547962904e-09	0.1170303225517273	0.015458554029464722	0.0752154290676117	-1.3278622645884752e-08	0.00909090880304575	-1.3278622645884752e-08	0.009573204442858696	0.02117867022752762	0.0752154216170311	0.018691588193178177	0.015458546578884125	5.000001692678779e-07	0.005539216101169586	1.622538547962904e-09	0.01778506115078926	9.999999974752427e-07	0.02822047472000122	1.5000005078036338e-06	1.622538547962904e-09	9.999999974752427e-07	9.999999974752427e-07	-1.3278622645884752e-08	9.999999974752427e-07	0.16347560286521912	1.622538547962904e-09	0.14051920175552368	0.16347560286521912	0.24910280108451843	0.19233901798725128	0.011078406125307083	0.010101010091602802	0.009573204442858696	0.009177442640066147	0.14051921665668488	0.008695651777088642	1.622538547962904e-09	0.2222222089767456	0.11703035235404968	0.04181492328643799	0.011904762126505375	0.009177440777420998	0.010869565419852734	0.14051920175552368	-1.3278622645884752e-08	0.005539216101169586	0.026356376707553864	1.622538547962904e-09	5.000001692678779e-07	0.009999999776482582	0.01907867006957531	1.622538547962904e-09	0.010324249044060707	9.999999974752427e-07	9.999999974752427e-07	1.622538547962904e-09	9.999999974752427e-07	9.999999974752427e-07	1.622538547962904e-09	9.999999974752427e-07	0.012001216411590576	0.43699371814727783	0.05826278030872345	9.999999974752427e-07	0.2679571807384491	9.999999974752427e-07	0.04900254309177399	1.622538547962904e-09	0.3783048689365387	0.009493403136730194	0.06596280634403229	0.3783048391342163	1.622538547962904e-09	9.999999974752427e-07	0.01123595517128706	0.2679571509361267	-2.4010660126805305e-10	1.622538547962904e-09	-1.3278622645884752e-08	1.622538547962904e-09	1.622538547962904e-09	6.666664376098197e-07	0.2545320391654968	0.2679571509361267	0.010989011265337467	1.3333333299669903e-06	0.20756608247756958	0.04900255426764488	1.622538547962904e-09	0.005720056593418121	0.2679571509361267	1.622538547962904e-09	0.01575428992509842	0.010256931185722351	0.3783048391342163	0.01601792871952057	-2.4010660126805305e-10	0.3783048689365387	0.019911106675863266	9.999999974752427e-07	1.622538547962904e-09	0.1568257212638855	0.013005435466766357	0.11561180651187897	0.01815195381641388	6.666664376098197e-07	0.01815195381641388	0.010526316240429878	0.04900252819061279	0.06741572916507721	0.03269492834806442	0.018725495785474777	0.00909090880304575	-2.4010660126805305e-10	1.622538547962904e-09	0.00917431153357029	0.009686267003417015	0.009686268866062164	0.025567827746272087	9.999999974752427e-07	0.043478261679410934	0.01575428992509842	-2.4010660126805305e-10	0.009493403136730194	0.20756609737873077	9.999999974752427e-07	0.15682576596736908	0.20756609737873077	0.3783048689365387	0.2679571211338043	0.030948013067245483	0.025567827746272087	9.999999974752427e-07	9.999999974752427e-07	0.17497771978378296	0.009708737954497337	0.00909090880304575	0.31832000613212585	0.1568257361650467	0.04121395945549011	0.04972795397043228	0.010204081423580647	0.007700018584728241	0.19181180000305176	9.999999974752427e-07	0.011036910116672516	0.022488445043563843	0.016806723549962044	9.999999974752427e-07	0.009615384973585606	1.622538547962904e-09	1.622538547962904e-09	-2.4010660126805305e-10	1.622538547962904e-09	9.999999974752427e-07	1.622538547962904e-09	0.009803921915590763	1.622538547962904e-09	1.622538547962904e-09	9.999999974752427e-07	9.999999974752427e-07	0.35452133417129517	0.02059110254049301	0.010625112801790237	0.2112307846546173	0.02664199471473694	0.006121918559074402	9.999999974752427e-07	0.3018167018890381	0.006626579910516739	0.02059112675487995	0.3018167018890381	0.01864650845527649	-1.3278622645884752e-08	1.622538547962904e-09	0.1669045239686966	0.015181045979261398	9.999999974752427e-07	1.622538547962904e-09	1.622538547962904e-09	0.010238776914775372	1.622538547962904e-09	0.14026254415512085	0.21123087406158447	-1.3278622645884752e-08	1.622538547962904e-09	0.14026251435279846	0.02476842701435089	1.622538547962904e-09	1.622538547962904e-09	0.21123087406158447	-1.3278622645884752e-08	0.011363636702299118	6.912159733474255e-10	0.23242248594760895	-1.3278622645884752e-08	0.006100691854953766	0.29567742347717285	-1.3278622645884752e-08	-1.3278622645884752e-08	1.622538547962904e-09	0.09294700622558594	1.622538547962904e-09	0.06100180745124817	0.01366463303565979	1.622538547962904e-09	0.007563948631286621	0.011995955370366573	0.0061219483613967896	0.030612245202064514	0.00662657618522644	9.073119144886732e-09	-2.4010660126805305e-10	-1.3278622645884752e-08	-1.3278622645884752e-08	-1.3278622645884752e-08	9.999999974752427e-07	0.027936086058616638	0.010625114664435387	0.027522936463356018	0.00787179172039032	9.999999974752427e-07	1.622538547962904e-09	0.006626579910516739	0.14026251435279846	0.010101010091602802	0.09294699132442474	0.14026251435279846	0.29567742347717285	0.21123085916042328	-1.3278622645884752e-08	0.013964534737169743	0.011995954439043999	0.0061219483613967896	0.10661163181066513	1.622538547962904e-09	0.02664199471473694	0.21910251677036285	0.061001840978860855	1.622538547962904e-09	0.013319907709956169	0.0061219558119773865	1.622538547962904e-09	0.10661161690950394	9.999999974752427e-07	-1.3278622645884752e-08	1.622538547962904e-09	1.622538547962904e-09	-2.4010660126805305e-10	1.622538547962904e-09	9.999999974752427e-07	1.622538547962904e-09	0.015181045979261398	1.622538547962904e-09	6.912159733474255e-10	0.010238775983452797	0.00787179172039032	0.006139293313026428	1.622538547962904e-09	1.622538547962904e-09	1.622538547962904e-09	0.36081433296203613	0.07295437157154083	0.008505983278155327	0.2816368341445923	0.009365733712911606	0.026101619005203247	-1.3278622645884752e-08	0.3097529411315918	8.000001798791345e-07	0.07295437157154083	0.3097529113292694	-1.3278622645884752e-08	2.255546860396862e-10	-5.828042048960924e-09	0.22092559933662415	0.024959847331047058	-1.3278622645884752e-08	1.622538547962904e-09	1.622538547962904e-09	-1.3278622645884752e-08	9.999999974752427e-07	0.21155986189842224	0.22092559933662415	2.255546860396862e-10	0.00917431153357029	0.1840570569038391	0.026101574301719666	1.622538547962904e-09	-5.828042048960924e-09	0.22092559933662415	1.622538547962904e-09	-1.3278622645884752e-08	0.008564617484807968	0.29866212606430054	1.622538547962904e-09	9.999999974752427e-07	0.2986621558666229	2.255546860396862e-10	2.255546860396862e-10	1.622538547962904e-09	0.1273503601551056	-5.828042048960924e-09	0.08163265138864517	0.01516491174697876	0.008196720853447914	9.999999974752427e-07	-2.4010660126805305e-10	0.026101619005203247	0.07547169923782349	1.3999997463542968e-06	0.015599853359162807	0.01042632944881916	0.009330726228654385	0.018172089010477066	1.622538547962904e-09	1.622538547962904e-09	0.024959847331047058	0.028257330879569054	9.999999974752427e-07	0.008460678160190582	-1.3278622645884752e-08	9.999999974752427e-07	8.000001798791345e-07	0.14251525700092316	0.009365729987621307	0.1273503601551056	0.14251527190208435	0.29866212606430054	0.2816368341445923	0.00933072715997696	0.05747126415371895	-2.4010660126805305e-10	9.999999974752427e-07	0.14251521229743958	6.000000212225132e-07	0.009365737438201904	0.29009750485420227	0.1273503601551056	0.04308461770415306	-2.4010660126805305e-10	0.009282229468226433	1.622538547962904e-09	0.14251525700092316	9.999999974752427e-07	2.255546860396862e-10	0.027484744787216187	0.017241379246115685	0.009325018152594566	-5.828042048960924e-09	-1.3278622645884752e-08	0.015599831938743591	0.024959854781627655	-2.4010660126805305e-10	9.999999974752427e-07	-1.3278622645884752e-08	0.008460674434900284	0.01109074056148529	1.622538547962904e-09	1.622538547962904e-09	0.016819393262267113
77	-15547.466796875	-1	9	57	76	75	26	89	10	62	48	0	26	84	41	29	91	66	5	0	11	24	14	68	37	85	21	0	0	50	22	3	66	33	67	21	43	7	69	12	0	65	50	77	73	24	43	79	5	42	1	78	57	69	21	34	56	0	70	42	76	31	43	49	25	4	73	63	36	3	21	1	46	80	82	49	14	33	40	77	33	47	9	66	48	69	78	85	57	13	11	50	56	7	32	19	59	7	0	77	47	0.5437127947807312	0.08644906431436539	0.010285336524248123	0.4145510792732239	0.012830331921577454	0.010498285293579102	0.010526316240429878	0.4251323938369751	9.999999974752427e-07	0.08644905686378479	0.44155386090278625	0.06554710865020752	9.999999974752427e-07	9.999999974752427e-07	0.4095746874809265	9.999999974752427e-07	0.005317971110343933	1.622538547962904e-09	1.622538547962904e-09	9.999999974752427e-07	0.02298850566148758	0.39674437046051025	0.4095746576786041	9.999999974752427e-07	0.03314198553562164	0.2897196114063263	0.07604538649320602	1.622538547962904e-09	9.999999974752427e-07	0.4095746576786041	0.0049764662981033325	1.622538547962904e-09	1.622538547962904e-09	0.4145510196685791	0.03333333507180214	-1.3278622645884752e-08	0.42513248324394226	9.999999974752427e-07	9.999999974752427e-07	1.622538547962904e-09	0.22580645978450775	0.012048192322254181	0.13616380095481873	-1.3278622645884752e-08	9.999999974752427e-07	-1.3278622645884752e-08	1.622538547962904e-09	0.010498279705643654	0.13616381585597992	0.030567780137062073	0.024116069078445435	1.622538547962904e-09	0.008196720853447914	0.010869565419852734	9.999999974752427e-07	0.010526316240429878	0.026113219559192657	0.019338728860020638	-2.4010660126805305e-10	-1.3278622645884752e-08	1.622538547962904e-09	-1.3278622645884752e-08	0.030567795038223267	0.2705919146537781	9.999999974752427e-07	0.26527389883995056	0.2705919146537781	0.4251324534416199	0.40957462787628174	0.030927833169698715	0.05588129162788391	1.622538547962904e-09	0.010498277842998505	0.2652738690376282	-1.3278622645884752e-08	0.012830331921577454	0.4145510792732239	0.2225046157836914	0.08634073287248611	1.622538547962904e-09	0.010498279705643654	1.622538547962904e-09	0.26527389883995056	0.036036036908626556	0.009900989942252636	0.062224626541137695	0.02908262610435486	0.009053405374288559	9.999999974752427e-07	0.012195121496915817	9.999999974752427e-07	0.008547008968889713	-1.3278622645884752e-08	1.622538547962904e-09	9.999999974752427e-07	-1.3278622645884752e-08	-1.3278622645884752e-08	1.622538547962904e-09	1.622538547962904e-09	1.622538547962904e-09	0.4231007397174835	0.04496558755636215	0.010405868291854858	0.2722354531288147	0.010044899769127369	0.021052632480859756	9.999999974752427e-07	0.31625208258628845	0.018691588193178177	0.05226296931505203	0.31625211238861084	0.01785714365541935	0.010989011265337467	1.622538547962904e-09	0.2722354531288147	9.999999974752427e-07	1.622538547962904e-09	0.019417475908994675	1.622538547962904e-09	9.999999974752427e-07	6.666664376098197e-07	0.2291666716337204	0.2722354531288147	9.999999974752427e-07	1.3333333299669903e-06	0.1819043606519699	0.09699182957410812	1.622538547962904e-09	0.0078512541949749	0.2722354531288147	1.622538547962904e-09	1.622538547962904e-09	0.010638297535479069	0.31625205278396606	9.999999974752427e-07	-7.275957614183426e-12	0.31625205278396606	0.010526316240429878	0.009009009227156639	1.622538547962904e-09	0.10256189107894897	1.622538547962904e-09	0.0606570690870285	0.008510754443705082	6.666664376098197e-07	-7.275957614183426e-12	9.999999974752427e-07	1.3999997463542968e-06	0.05226297304034233	0.034559715539216995	0.022432178258895874	2.255546860396862e-10	9.999999974752427e-07	9.999999974752427e-07	9.999999974752427e-07	0.008264463394880295	0.009856700897216797	0.010405868291854858	0.008394084870815277	1.622538547962904e-09	1.622538547962904e-09	0.008510754443705082	0.034559715539216995	0.18190431594848633	0.010044899769127369	0.11764705926179886	0.18190434575080872	0.31625205278396606	0.2722354531288147	0.042105261236429214	0.010405868291854858	9.999999974752427e-07	8.000001798791345e-07	0.18190434575080872	1.622538547962904e-09	0.010044898837804794	0.2722354531288147	0.10256188362836838	0.041904836893081665	9.999999974752427e-07	8.000001798791345e-07	0.00729738175868988	0.18190434575080872	1.622538547962904e-09	0.016949152573943138	0.01947261206805706	9.999999974752427e-07	2.255546860396862e-10	1.622538547962904e-09	0.011627906933426857	0.014580924063920975	9.999999974752427e-07	1.622538547962904e-09	9.999999974752427e-07	9.999999974752427e-07	1.622538547962904e-09	1.622538547962904e-09	1.622538547962904e-09	1.622538547962904e-09	6.000000212225132e-07	0.449466347694397	0.08000114560127258	9.999999974752427e-07	0.33304834365844727	-1.3278622645884752e-08	0.03483249247074127	9.999999974752427e-07	0.3862634003162384	0.009220771491527557	0.08756303787231445	0.386263370513916	0.013322077691555023	-1.3278622645884752e-08	9.999999974752427e-07	0.294791579246521	9.999999974752427e-07	0.029411764815449715	9.999999974752427e-07	-1.3278622645884752e-08	0.008118398487567902	0.010526316240429878	0.294791579246521	0.2947915494441986	-1.3278622645884752e-08	0.01075268816202879	0.2947915494441986	0.04815460741519928	-1.3278622645884752e-08	0.02777777798473835	0.294791579246521	0.019186578691005707	9.999999974752427e-07	0.008000463247299194	0.38626328110694885	-1.3278622645884752e-08	1.622538547962904e-09	0.38626334071159363	-1.3278622645884752e-08	-1.3278622645884752e-08	-1.3278622645884752e-08	0.15288051962852478	9.999999974752427e-07	0.08756300061941147	0.009048535488545895	9.999999974752427e-07	1.622538547962904e-09	0.009130984544754028	0.02860131859779358	0.08756303787231445	0.009220770560204983	0.04123711213469505	9.999999974752427e-07	-1.3278622645884752e-08	-1.3278622645884752e-08	-1.3278622645884752e-08	0.008003763854503632	0.015048369765281677	0.029999999329447746	1.622538547962904e-09	0.00909090880304575	9.999999974752427e-07	0.00904853641986847	0.009220771491527557	0.2947915494441986	-1.3278622645884752e-08	0.15288051962852478	0.25	0.386263370513916	0.31386178731918335	-1.3278622645884752e-08	0.032608695328235626	0.009130991995334625	9.999999974752427e-07	0.16192907094955444	-2.4010660126805305e-10	-1.3278622645884752e-08	0.36913183331489563	0.15288051962852478	0.06531748175621033	0.009130977094173431	0.028601333498954773	0.007561890408396721	0.16814158856868744	1.622538547962904e-09	-1.3278622645884752e-08	0.021052632480859756	0.009900989942252636	0.027272727340459824	9.999999974752427e-07	0.005203664302825928	0.008620689623057842	0.007044591009616852	-1.3278622645884752e-08	0.008000463247299194	0.008118398487567902	9.999999974752427e-07	-1.3278622645884752e-08	-1.3278622645884752e-08	-2.10275175049901e-09	1.622538547962904e-09	0.4417251944541931	0.024390242993831635	9.999999974752427e-07	0.30527329444885254	0.010416666977107525	0.01463714987039566	9.999999974752427e-07	0.3760969042778015	9.999999974752427e-07	0.04878048598766327	0.3760969042778015	0.050991348922252655	9.999999974752427e-07	0.008882244117558002	0.30527329444885254	1.622538547962904e-09	1.622538547962904e-09	1.622538547962904e-09	1.622538547962904e-09	0.0304144024848938	0.012048192322254181	0.29318323731422424	0.30527329444885254	9.999999974752427e-07	0.017391303554177284	0.2670987844467163	0.06562848389148712	1.622538547962904e-09	0.010416666977107525	0.30527329444885254	1.622538547962904e-09	1.622538547962904e-09	1.622538547962904e-09	0.3052733242511749	1.622538547962904e-09	0.010526316240429878	0.3760969042778015	9.999999974752427e-07	9.999999974752427e-07	1.622538547962904e-09	0.14387740194797516	0.025641024112701416	0.07431016117334366	0.032608695328235626	9.999999974752427e-07	0.009615384973585606	1.622538547962904e-09	0.014637134969234467	0.07431014627218246	0.010309278033673763	0.04452749714255333	0.009433962404727936	9.999999974752427e-07	1.622538547962904e-09	1.622538547962904e-09	1.622538547962904e-09	1.622538547962904e-09	0.009569531306624413	1.622538547962904e-09	1.622538547962904e-09	1.622538547962904e-09	0.01123595517128706	9.999999974752427e-07	0.2047177106142044	9.999999974752427e-07	0.14387737214565277	0.2047177255153656	0.3052733540534973	0.30527329444885254	0.026084452867507935	0.009569531306624413	1.622538547962904e-09	0.010101010091602802	0.2047177255153656	0.010204081423580647	0.010989011265337467	0.30527329444885254	0.14387738704681396	0.06956733763217926	1.622538547962904e-09	0.014637142419815063	9.999999974752427e-07	0.204717755317688	0.009803921915590763	9.999999974752427e-07	0.025039851665496826	9.999999974752427e-07	9.999999974752427e-07	0.008882243186235428	0.02057693898677826	9.999999974752427e-07	1.622538547962904e-09	1.622538547962904e-09	1.622538547962904e-09	9.999999974752427e-07	1.622538547962904e-09	1.622538547962904e-09	1.622538547962904e-09	1.622538547962904e-09	1.622538547962904e-09	0.3537144362926483	0.02641158550977707	4.2857209336943924e-07	0.20192477107048035	1.622538547962904e-09	0.027027027681469917	-7.275957614183426e-12	0.28152182698249817	1.622538547962904e-09	0.026411592960357666	0.2815217971801758	0.010256588459014893	9.999999974752427e-07	1.622538547962904e-09	0.20192477107048035	9.999999974752427e-07	1.622538547962904e-09	9.999999974752427e-07	1.622538547962904e-09	0.010256589390337467	1.622538547962904e-09	0.20192474126815796	0.20192478597164154	1.622538547962904e-09	1.622538547962904e-09	0.16246558725833893	0.05873368680477142	1.622538547962904e-09	0.02763332426548004	0.20192477107048035	-1.3278622645884752e-08	1.622538547962904e-09	-1.3278622645884752e-08	0.20192483067512512	0.008206691592931747	9.999999974752427e-07	0.2740027904510498	1.622538547962904e-09	9.999999974752427e-07	1.622538547962904e-09	0.057034820318222046	1.622538547962904e-09	0.02641156315803528	0.03179077059030533	1.622538547962904e-09	9.999999974752427e-07	-1.3278622645884752e-08	0.009401541203260422	0.026411592960357666	0.009916093200445175	0.02763332426548004	4.2857209336943924e-07	1.622538547962904e-09	0.013445600867271423	0.008206691592931747	9.999999974752427e-07	0.013458997011184692	1.2857158253609668e-06	-1.3278622645884752e-08	-1.3278622645884752e-08	1.622538547962904e-09	9.999999974752427e-07	1.622538547962904e-09	0.16246557235717773	1.622538547962904e-09	0.05703481286764145	0.1057061031460762	0.2626262605190277	0.20192477107048035	0.01780684106051922	1.2857121873821598e-06	-1.3278622645884752e-08	9.999999974752427e-07	0.08882559835910797	0.009916089475154877	1.622538547962904e-09	0.20192478597164154	0.05404496192932129	0.027633339166641235	-1.3278622645884752e-08	0.009401543065905571	1.622538547962904e-09	0.1057060956954956	-1.3278622645884752e-08	0.017806850373744965	1.622538547962904e-09	1.622538547962904e-09	4.2857209336943924e-07	1.622538547962904e-09	-7.275957614183426e-12	1.622538547962904e-09	9.999999974752427e-07	1.622538547962904e-09	-1.3278622645884752e-08	9.999999974752427e-07	-1.3278622645884752e-08	0.007519088685512543	1.622538547962904e-09	1.622538547962904e-09	2.255546860396862e-10	0.5330700874328613	0.005072489380836487	5.000001692678779e-07	0.3791336119174957	0.015137091279029846	0.04571787267923355	9.999999974752427e-07	0.4731714725494385	1.622538547962904e-09	0.08930285274982452	0.4731714725494385	0.014180600643157959	0.010177051648497581	9.999999974752427e-07	0.2838803231716156	-1.3278622645884752e-08	1.622538547962904e-09	0.00942906178534031	-1.3278622645884752e-08	0.007485568523406982	9.999999974752427e-07	0.26874327659606934	0.3461630642414093	0.011049933731555939	0.012431904673576355	0.21618443727493286	0.05989852547645569	-1.3278622645884752e-08	1.622538547962904e-09	0.2838802933692932	0.030927835032343864	0.044721633195877075	-1.3278622645884752e-08	0.3934500813484192	1.622538547962904e-09	-1.3278622645884752e-08	0.3934501111507416	0.011049933731555939	0.010177051648497581	-1.3278622645884752e-08	0.16346153616905212	0.04000958055257797	0.08930286020040512	-1.3278622645884752e-08	0.010416666977107525	-1.3278622645884752e-08	0.014316469430923462	0.03628882020711899	0.08930285274982452	1.622538547962904e-09	0.0478060245513916	5.000001692678779e-07	0.028037382289767265	1.622538547962904e-09	1.622538547962904e-09	-1.3278622645884752e-08	-1.3278622645884752e-08	1.5000005078036338e-06	1.622538547962904e-09	-1.3278622645884752e-08	9.999999974752427e-07	-1.3278622645884752e-08	1.622538547962904e-09	0.21618443727493286	0.015137091279029846	0.171462744474411	0.21618443727493286	0.3934501111507416	0.3461630642414093	0.05255880951881409	0.005072489380836487	9.999999974752427e-07	0.02286946028470993	0.1714627593755722	1.622538547962904e-09	0.015137076377868652	0.37913358211517334	0.14954078197479248	0.06023792549967766	0.014316476881504059	0.02286946028470993	0.008695651777088642	0.1714627593755722	1.622538547962904e-09	0.010177051648497581	0.012431896291673183	1.622538547962904e-09	5.000001692678779e-07	9.999999974752427e-07	0.006695017218589783	0.007796458899974823	-1.3278622645884752e-08	0.030927835032343864	-1.3278622645884752e-08	0.007485572248697281	-1.3278622645884752e-08	0.02777777798473835	-1.3278622645884752e-08	1.622538547962904e-09	0.008695651777088642	0.3669218420982361	0.04854368790984154	5.000001692678779e-07	0.19233903288841248	1.622538547962904e-09	0.021178677678108215	0.01907866820693016	0.26595741510391235	9.999999974752427e-07	0.0752153992652893	0.2984440326690674	0.01907867193222046	9.999999974752427e-07	0.010416666977107525	0.19233903288841248	0.010324249044060707	0.007624365389347076	1.622538547962904e-09	1.622538547962904e-09	1.622538547962904e-09	9.999999974752427e-07	0.19233901798725128	0.19233904778957367	1.622538547962904e-09	0.026356376707553864	0.16347560286521912	0.04025731980800629	1.622538547962904e-09	1.622538547962904e-09	0.19233901798725128	1.622538547962904e-09	0.015332028269767761	0.0117647061124444	0.24910278618335724	0.01778506115078926	-1.3278622645884752e-08	0.24910277128219604	1.622538547962904e-09	9.999999974752427e-07	1.622538547962904e-09	0.11703035235404968	0.015458554029464722	0.07521543651819229	-1.3278622645884752e-08	0.00909090880304575	-1.3278622645884752e-08	0.009573204442858696	0.02117867022752762	0.0752154290676117	0.018691588193178177	0.015458546578884125	5.000001692678779e-07	0.005539216101169586	1.622538547962904e-09	0.01778506115078926	9.999999974752427e-07	0.02822047472000122	1.5000005078036338e-06	1.622538547962904e-09	9.999999974752427e-07	9.999999974752427e-07	-1.3278622645884752e-08	9.999999974752427e-07	0.16347560286521912	1.622538547962904e-09	0.14051920175552368	0.16347560286521912	0.24910280108451843	0.19233901798725128	0.011078406125307083	0.010101010091602802	0.009573204442858696	0.009177442640066147	0.14051921665668488	0.008695651777088642	1.622538547962904e-09	0.2222222089767456	0.11703035235404968	0.04181492328643799	0.011904762126505375	0.009177440777420998	0.010869565419852734	0.14051920175552368	-1.3278622645884752e-08	0.005539216101169586	0.026356376707553864	1.622538547962904e-09	5.000001692678779e-07	0.009999999776482582	0.01907867006957531	1.622538547962904e-09	0.010324249044060707	9.999999974752427e-07	9.999999974752427e-07	1.622538547962904e-09	9.999999974752427e-07	9.999999974752427e-07	1.622538547962904e-09	1.622538547962904e-09	0.012001216411590576	0.43699368834495544	0.05826278030872345	9.999999974752427e-07	0.2679571211338043	9.999999974752427e-07	0.04900255799293518	1.622538547962904e-09	0.3783048689365387	0.009493403136730194	0.06596280634403229	0.3783048391342163	1.622538547962904e-09	9.999999974752427e-07	0.01123595517128706	0.26795709133148193	-2.4010660126805305e-10	1.622538547962904e-09	-1.3278622645884752e-08	1.622538547962904e-09	1.622538547962904e-09	6.666664376098197e-07	0.25453197956085205	0.2679571211338043	0.010989011265337467	1.3333333299669903e-06	0.2075660675764084	0.04900254309177399	1.622538547962904e-09	0.005720071494579315	0.26795709133148193	1.622538547962904e-09	0.015754282474517822	0.010256932117044926	0.3783048391342163	0.01601792871952057	-2.4010660126805305e-10	0.3783048689365387	0.019911104813218117	9.999999974752427e-07	1.622538547962904e-09	0.1568257212638855	0.013005442917346954	0.11561185121536255	0.018151968717575073	6.666664376098197e-07	0.018151964992284775	0.010526316240429878	0.04900252819061279	0.06741572916507721	0.03269492834806442	0.01872551254928112	0.00909090880304575	-2.4010660126805305e-10	1.622538547962904e-09	0.00917431153357029	0.00968625582754612	0.00968625396490097	0.025567827746272087	9.999999974752427e-07	0.043478261679410934	0.015754278749227524	-2.4010660126805305e-10	0.009493403136730194	0.20756608247756958	9.999999974752427e-07	0.1568257361650467	0.20756608247756958	0.3783048689365387	0.26795709133148193	0.030948013067245483	0.025567827746272087	9.999999974752427e-07	9.999999974752427e-07	0.17497768998146057	0.009708737954497337	0.00909090880304575	0.3183199465274811	0.15682575106620789	0.041213974356651306	0.04972796142101288	0.010204081423580647	0.007700018584728241	0.19181180000305176	9.999999974752427e-07	0.011036904528737068	0.02248847484588623	0.016806723549962044	9.999999974752427e-07	0.009615384973585606	1.622538547962904e-09	1.622538547962904e-09	-2.4010660126805305e-10	1.622538547962904e-09	9.999999974752427e-07	1.622538547962904e-09	0.009803921915590763	1.622538547962904e-09	1.622538547962904e-09	1.622538547962904e-09	9.999999974752427e-07	0.3545212745666504	0.02059110254049301	0.010625112801790237	0.2112307846546173	0.026641976088285446	0.006121914833784103	9.999999974752427e-07	0.3018167018890381	0.006626579910516739	0.02059112675487995	0.3018167018890381	0.01864650845527649	-1.3278622645884752e-08	1.622538547962904e-09	0.16690455377101898	0.015181045979261398	9.999999974752427e-07	1.622538547962904e-09	1.622538547962904e-09	0.010238776914775372	1.622538547962904e-09	0.14026254415512085	0.21123084425926208	-1.3278622645884752e-08	1.622538547962904e-09	0.14026251435279846	0.024768412113189697	1.622538547962904e-09	1.622538547962904e-09	0.21123084425926208	-1.3278622645884752e-08	0.011363636702299118	6.912159733474255e-10	0.23242247104644775	-1.3278622645884752e-08	0.006100691854953766	0.29567742347717285	-1.3278622645884752e-08	-1.3278622645884752e-08	1.622538547962904e-09	0.09294700622558594	1.622538547962904e-09	0.06100182235240936	0.01366463303565979	1.622538547962904e-09	0.007563948631286621	0.011995955370366573	0.0061219483613967896	0.030612245202064514	0.00662657618522644	9.073119144886732e-09	-2.4010660126805305e-10	-1.3278622645884752e-08	-1.3278622645884752e-08	-1.3278622645884752e-08	9.999999974752427e-07	0.027936115860939026	0.010625114664435387	0.027522936463356018	0.00787179172039032	9.999999974752427e-07	1.622538547962904e-09	0.006626579910516739	0.14026251435279846	0.010101010091602802	0.09294699132442474	0.14026251435279846	0.29567742347717285	0.21123088896274567	-1.3278622645884752e-08	0.013964534737169743	0.011995954439043999	0.0061219558119773865	0.10661163181066513	1.622538547962904e-09	0.026641976088285446	0.21910256147384644	0.06100183352828026	1.622538547962904e-09	0.013319931924343109	0.0061219558119773865	1.622538547962904e-09	0.10661161690950394	9.999999974752427e-07	-1.3278622645884752e-08	1.622538547962904e-09	1.622538547962904e-09	-2.4010660126805305e-10	1.622538547962904e-09	9.999999974752427e-07	1.622538547962904e-09	0.015181045979261398	1.622538547962904e-09	6.912159733474255e-10	0.010238775983452797	0.007871784269809723	0.006139293313026428	1.622538547962904e-09	1.622538547962904e-09	1.622538547962904e-09	0.36081433296203613	0.07295437157154083	0.008505983278155327	0.2816368341445923	0.009365733712911606	0.02610158920288086	-1.3278622645884752e-08	0.3097529113292694	8.000001798791345e-07	0.07295437157154083	0.3097529113292694	-1.3278622645884752e-08	2.255546860396862e-10	-5.828042048960924e-09	0.22092562913894653	0.024959862232208252	-1.3278622645884752e-08	1.622538547962904e-09	1.622538547962904e-09	-1.3278622645884752e-08	9.999999974752427e-07	0.21155990660190582	0.22092559933662415	2.255546860396862e-10	0.00917431153357029	0.1840570569038391	0.026101604104042053	1.622538547962904e-09	-5.828042048960924e-09	0.22092556953430176	1.622538547962904e-09	-1.3278622645884752e-08	0.008564617484807968	0.29866212606430054	1.622538547962904e-09	9.999999974752427e-07	0.29866212606430054	2.255546860396862e-10	2.255546860396862e-10	1.622538547962904e-09	0.1273503601551056	-5.828042048960924e-09	0.08163265138864517	0.015164881944656372	0.008196720853447914	9.999999974752427e-07	-2.4010660126805305e-10	0.026101604104042053	0.07547169923782349	1.3999997463542968e-06	0.015599853359162807	0.01042632944881916	0.009330730885267258	0.018172092735767365	1.622538547962904e-09	1.622538547962904e-09	0.024959862232208252	0.028257330879569054	9.999999974752427e-07	0.008460670709609985	-1.3278622645884752e-08	9.999999974752427e-07	8.000001798791345e-07	0.14251528680324554	0.009365737438201904	0.12735037505626678	0.14251530170440674	0.29866212606430054	0.2816368341445923	0.009330730885267258	0.05747126415371895	-2.4010660126805305e-10	9.999999974752427e-07	0.14251524209976196	6.000000212225132e-07	0.009365744888782501	0.29009750485420227	0.1273503601551056	0.04308461770415306	-2.4010660126805305e-10	0.009282222017645836	1.622538547962904e-09	0.14251519739627838	9.999999974752427e-07	2.255546860396862e-10	0.027484744787216187	0.017241379246115685	0.009325018152594566	-5.828042048960924e-09	-1.3278622645884752e-08	0.015599831938743591	0.02495986968278885	-2.4010660126805305e-10	9.999999974752427e-07	-1.3278622645884752e-08	0.008460666984319687	0.011090755462646484	1.622538547962904e-09	9.999999974752427e-07	0.016819385811686516
78	-15547.466796875	-1	9	57	76	75	26	89	10	62	48	0	26	84	41	29	91	66	5	0	11	24	14	68	37	85	21	0	0	50	22	3	66	33	67	21	43	7	69	12	0	65	50	77	73	24	43	79	5	42	1	78	57	69	21	34	56	0	70	42	76	31	43	49	25	4	73	63	36	3	21	1	46	80	82	49	14	33	40	77	33	47	9	66	48	69	78	85	57	13	11	50	56	7	32	19	59	7	0	78	47	0.5437127351760864	0.08644906431436539	0.010285336524248123	0.4145510792732239	0.012830346822738647	0.010498285293579102	0.010526316240429878	0.4251323938369751	9.999999974752427e-07	0.08644905686378479	0.44155386090278625	0.06554712355136871	9.999999974752427e-07	9.999999974752427e-07	0.4095746874809265	9.999999974752427e-07	0.005317986011505127	1.622538547962904e-09	1.622538547962904e-09	9.999999974752427e-07	0.02298850566148758	0.39674437046051025	0.4095746576786041	9.999999974752427e-07	0.03314201533794403	0.2897196412086487	0.07604538649320602	1.622538547962904e-09	9.999999974752427e-07	0.4095746874809265	0.004976406693458557	1.622538547962904e-09	1.622538547962904e-09	0.41455113887786865	0.03333333507180214	-1.3278622645884752e-08	0.42513248324394226	9.999999974752427e-07	9.999999974752427e-07	1.622538547962904e-09	0.22580647468566895	0.012048192322254181	0.1361638307571411	-1.3278622645884752e-08	9.999999974752427e-07	-1.3278622645884752e-08	1.622538547962904e-09	0.01049828715622425	0.1361638456583023	0.030567780137062073	0.024116113781929016	1.622538547962904e-09	0.008196720853447914	0.010869565419852734	9.999999974752427e-07	0.010526316240429878	0.026113241910934448	0.019338728860020638	-2.4010660126805305e-10	-1.3278622645884752e-08	1.622538547962904e-09	-1.3278622645884752e-08	0.030567795038223267	0.27059194445610046	9.999999974752427e-07	0.26527392864227295	0.2705919146537781	0.4251324534416199	0.4095746874809265	0.030927833169698715	0.05588129162788391	1.622538547962904e-09	0.010498285293579102	0.26527389883995056	-1.3278622645884752e-08	0.012830343097448349	0.4145510792732239	0.22250458598136902	0.08634074777364731	1.622538547962904e-09	0.01049828715622425	1.622538547962904e-09	0.2652739882469177	0.036036036908626556	0.009900989942252636	0.06222464144229889	0.029082655906677246	0.009053405374288559	9.999999974752427e-07	0.012195121496915817	9.999999974752427e-07	0.008547008968889713	-1.3278622645884752e-08	1.622538547962904e-09	9.999999974752427e-07	-1.3278622645884752e-08	-1.3278622645884752e-08	1.622538547962904e-09	1.622538547962904e-09	1.622538547962904e-09	0.4231007397174835	0.04496559500694275	0.010405870154500008	0.2722354531288147	0.010044899769127369	0.021052632480859756	9.999999974752427e-07	0.31625208258628845	0.018691588193178177	0.05226297676563263	0.31625211238861084	0.01785714365541935	0.010989011265337467	1.622538547962904e-09	0.2722354829311371	9.999999974752427e-07	1.622538547962904e-09	0.019417475908994675	1.622538547962904e-09	9.999999974752427e-07	6.666664376098197e-07	0.2291666716337204	0.2722354829311371	9.999999974752427e-07	1.3333333299669903e-06	0.18190433084964752	0.09699182957410812	1.622538547962904e-09	0.0078512541949749	0.2722354829311371	1.622538547962904e-09	1.622538547962904e-09	0.010638297535479069	0.31625205278396606	9.999999974752427e-07	-7.275957614183426e-12	0.31625205278396606	0.010526316240429878	0.009009009227156639	1.622538547962904e-09	0.10256186872720718	1.622538547962904e-09	0.0606570839881897	0.008510754443705082	6.666664376098197e-07	-7.275957614183426e-12	9.999999974752427e-07	1.3999997463542968e-06	0.05226297676563263	0.034559715539216995	0.022432181984186172	2.255546860396862e-10	9.999999974752427e-07	9.999999974752427e-07	9.999999974752427e-07	0.008264463394880295	0.009856700897216797	0.010405870154500008	0.008394107222557068	1.622538547962904e-09	1.622538547962904e-09	0.008510754443705082	0.034559719264507294	0.18190431594848633	0.010044899769127369	0.11764705926179886	0.18190434575080872	0.31625205278396606	0.2722354829311371	0.042105261236429214	0.010405868291854858	9.999999974752427e-07	8.000001798791345e-07	0.18190434575080872	1.622538547962904e-09	0.010044898837804794	0.2722354531288147	0.10256187617778778	0.04190482199192047	9.999999974752427e-07	8.000001798791345e-07	0.007297396659851074	0.1819043606519699	1.622538547962904e-09	0.016949152573943138	0.019472619518637657	9.999999974752427e-07	2.255546860396862e-10	1.622538547962904e-09	0.011627906933426857	0.014580931514501572	9.999999974752427e-07	1.622538547962904e-09	9.999999974752427e-07	9.999999974752427e-07	1.622538547962904e-09	1.622538547962904e-09	1.622538547962904e-09	-7.275957614183426e-12	6.000000212225132e-07	0.4494662880897522	0.08000115305185318	9.999999974752427e-07	0.3330483138561249	-1.3278622645884752e-08	0.03483249247074127	9.999999974752427e-07	0.386263370513916	0.009220771491527557	0.08756303787231445	0.38626334071159363	0.013322077691555023	-1.3278622645884752e-08	9.999999974752427e-07	0.2947915494441986	9.999999974752427e-07	0.029411764815449715	9.999999974752427e-07	-1.3278622645884752e-08	0.008118398487567902	0.010526316240429878	0.2947915494441986	0.2947915196418762	-1.3278622645884752e-08	0.01075268816202879	0.2947915196418762	0.04815460741519928	-1.3278622645884752e-08	0.02777777798473835	0.2947915494441986	0.019186578691005707	9.999999974752427e-07	0.008000463247299194	0.38626325130462646	-1.3278622645884752e-08	1.622538547962904e-09	0.38626331090927124	-1.3278622645884752e-08	-1.3278622645884752e-08	-1.3278622645884752e-08	0.1528805047273636	9.999999974752427e-07	0.08756301552057266	0.009048528037965298	9.999999974752427e-07	1.622538547962904e-09	0.009130984544754028	0.02860131859779358	0.08756303787231445	0.009220770560204983	0.04123711213469505	9.999999974752427e-07	-1.3278622645884752e-08	-1.3278622645884752e-08	-1.3278622645884752e-08	0.008003763854503632	0.015048369765281677	0.029999999329447746	1.622538547962904e-09	0.00909090880304575	9.999999974752427e-07	0.009048528969287872	0.009220771491527557	0.2947915196418762	-1.3278622645884752e-08	0.15288051962852478	0.2499999850988388	0.38626334071159363	0.31386175751686096	-1.3278622645884752e-08	0.032608695328235626	0.009130991995334625	9.999999974752427e-07	0.16192904114723206	-2.4010660126805305e-10	-1.3278622645884752e-08	0.36913180351257324	0.1528804898262024	0.06531748175621033	0.009130977094173431	0.028601333498954773	0.00756189227104187	0.16814157366752625	1.622538547962904e-09	-1.3278622645884752e-08	0.021052632480859756	0.009900989942252636	0.027272727340459824	9.999999974752427e-07	0.005203664302825928	0.008620689623057842	0.007044591009616852	-1.3278622645884752e-08	0.008000463247299194	0.008118398487567902	9.999999974752427e-07	-1.3278622645884752e-08	-1.3278622645884752e-08	9.999999974752427e-07	1.622538547962904e-09	0.4417252242565155	0.024390242993831635	9.999999974752427e-07	0.30527326464653015	0.010416666977107525	0.014637134969234467	9.999999974752427e-07	0.3760969042778015	9.999999974752427e-07	0.04878048598766327	0.3760969042778015	0.05099133402109146	9.999999974752427e-07	0.008882244117558002	0.30527329444885254	1.622538547962904e-09	1.622538547962904e-09	1.622538547962904e-09	1.622538547962904e-09	0.030414395034313202	0.012048192322254181	0.29318323731422424	0.30527329444885254	9.999999974752427e-07	0.017391303554177284	0.2670987844467163	0.06562843918800354	1.622538547962904e-09	0.010416666977107525	0.30527329444885254	1.622538547962904e-09	1.622538547962904e-09	1.622538547962904e-09	0.30527329444885254	1.622538547962904e-09	0.010526316240429878	0.3760969042778015	9.999999974752427e-07	9.999999974752427e-07	1.622538547962904e-09	0.14387738704681396	0.025641024112701416	0.07431013137102127	0.032608695328235626	9.999999974752427e-07	0.009615384973585606	1.622538547962904e-09	0.014637134969234467	0.07431011646986008	0.010309278033673763	0.04452749714255333	0.009433962404727936	9.999999974752427e-07	1.622538547962904e-09	1.622538547962904e-09	1.622538547962904e-09	1.622538547962904e-09	0.009569531306624413	1.622538547962904e-09	1.622538547962904e-09	1.622538547962904e-09	0.01123595517128706	9.999999974752427e-07	0.20471768081188202	9.999999974752427e-07	0.14387741684913635	0.2047176957130432	0.3052733242511749	0.30527329444885254	0.026084452867507935	0.009569531306624413	1.622538547962904e-09	0.010101010091602802	0.204717755317688	0.010204081423580647	0.010989011265337467	0.30527329444885254	0.14387743175029755	0.06956729292869568	1.622538547962904e-09	0.01463712751865387	9.999999974752427e-07	0.20471777021884918	0.009803921915590763	9.999999974752427e-07	0.02503982186317444	9.999999974752427e-07	9.999999974752427e-07	0.008882243186235428	0.020576931536197662	9.999999974752427e-07	1.622538547962904e-09	1.622538547962904e-09	1.622538547962904e-09	9.999999974752427e-07	1.622538547962904e-09	1.622538547962904e-09	1.622538547962904e-09	-1.3278622645884752e-08	1.622538547962904e-09	0.3537144362926483	0.026411600410938263	4.2857209336943924e-07	0.20192477107048035	1.622538547962904e-09	0.027027027681469917	-7.275957614183426e-12	0.28152182698249817	1.622538547962904e-09	0.026411592960357666	0.2815217971801758	0.010256588459014893	9.999999974752427e-07	1.622538547962904e-09	0.20192477107048035	9.999999974752427e-07	1.622538547962904e-09	9.999999974752427e-07	1.622538547962904e-09	0.010256589390337467	1.622538547962904e-09	0.20192474126815796	0.20192478597164154	1.622538547962904e-09	1.622538547962904e-09	0.16246558725833893	0.05873368680477142	1.622538547962904e-09	0.027633365243673325	0.20192477107048035	-1.3278622645884752e-08	1.622538547962904e-09	-1.3278622645884752e-08	0.20192483067512512	0.008206691592931747	9.999999974752427e-07	0.2740027904510498	1.622538547962904e-09	9.999999974752427e-07	1.622538547962904e-09	0.057034820318222046	1.622538547962904e-09	0.026411592960357666	0.03179077059030533	1.622538547962904e-09	9.999999974752427e-07	-1.3278622645884752e-08	0.009401541203260422	0.026411592960357666	0.009916093200445175	0.027633368968963623	4.2857209336943924e-07	1.622538547962904e-09	0.013445600867271423	0.008206691592931747	9.999999974752427e-07	0.013458997011184692	1.2857158253609668e-06	-1.3278622645884752e-08	-1.3278622645884752e-08	1.622538547962904e-09	9.999999974752427e-07	1.622538547962904e-09	0.16246557235717773	1.622538547962904e-09	0.05703481286764145	0.1057061031460762	0.2626262605190277	0.20192477107048035	0.01780684106051922	1.2857121873821598e-06	-1.3278622645884752e-08	9.999999974752427e-07	0.08882559835910797	0.009916089475154877	1.622538547962904e-09	0.20192478597164154	0.054044876247644424	0.02763335406780243	-1.3278622645884752e-08	0.009401543065905571	1.622538547962904e-09	0.1057060956954956	-1.3278622645884752e-08	0.017806850373744965	1.622538547962904e-09	1.622538547962904e-09	4.2857209336943924e-07	1.622538547962904e-09	-7.275957614183426e-12	1.622538547962904e-09	9.999999974752427e-07	1.622538547962904e-09	-1.3278622645884752e-08	9.999999974752427e-07	-1.3278622645884752e-08	0.007519088685512543	1.622538547962904e-09	1.622538547962904e-09	2.255546860396862e-10	0.5330701470375061	0.005072489380836487	5.000001692678779e-07	0.3791336417198181	0.015137091279029846	0.04571790248155594	9.999999974752427e-07	0.47317150235176086	1.622538547962904e-09	0.08930285274982452	0.47317150235176086	0.014180615544319153	0.010177051648497581	9.999999974752427e-07	0.2838802933692932	-1.3278622645884752e-08	1.622538547962904e-09	0.009429076686501503	-1.3278622645884752e-08	0.007485583424568176	9.999999974752427e-07	0.26874327659606934	0.3461630940437317	0.011049933731555939	0.012431904673576355	0.21618439257144928	0.05989852547645569	-1.3278622645884752e-08	1.622538547962904e-09	0.283880352973938	0.030927835032343864	0.04472167789936066	-1.3278622645884752e-08	0.39345020055770874	1.622538547962904e-09	-1.3278622645884752e-08	0.39345017075538635	0.011049933731555939	0.010177051648497581	-1.3278622645884752e-08	0.16346153616905212	0.04000958800315857	0.08930284529924393	-1.3278622645884752e-08	0.010416666977107525	-1.3278622645884752e-08	0.014316469430923462	0.03628883510828018	0.08930286765098572	1.622538547962904e-09	0.04780605435371399	5.000001692678779e-07	0.028037382289767265	1.622538547962904e-09	1.622538547962904e-09	-1.3278622645884752e-08	-1.3278622645884752e-08	1.5000005078036338e-06	1.622538547962904e-09	-1.3278622645884752e-08	9.999999974752427e-07	-1.3278622645884752e-08	1.622538547962904e-09	0.21618443727493286	0.015137091279029846	0.171462744474411	0.21618443727493286	0.39345020055770874	0.3461630940437317	0.052558839321136475	0.005072489380836487	9.999999974752427e-07	0.02286946028470993	0.1714627593755722	1.622538547962904e-09	0.01513710618019104	0.3791336119174957	0.1495407670736313	0.06023790314793587	0.014316461980342865	0.02286946028470993	0.008695651777088642	0.1714627742767334	1.622538547962904e-09	0.010177051648497581	0.012431926093995571	1.622538547962904e-09	5.000001692678779e-07	9.999999974752427e-07	0.0066950321197509766	0.00779646635055542	-1.3278622645884752e-08	0.030927835032343864	-1.3278622645884752e-08	0.007485579699277878	-1.3278622645884752e-08	0.02777777798473835	-1.3278622645884752e-08	1.622538547962904e-09	0.008695651777088642	0.36692190170288086	0.04854368790984154	5.000001692678779e-07	0.19233906269073486	1.622538547962904e-09	0.02117866277694702	0.019078660756349564	0.26595741510391235	9.999999974752427e-07	0.0752153992652893	0.298444002866745	0.019078657031059265	9.999999974752427e-07	0.010416666977107525	0.19233901798725128	0.010324249044060707	0.007624335587024689	1.622538547962904e-09	1.622538547962904e-09	1.622538547962904e-09	9.999999974752427e-07	0.19233906269073486	0.19233903288841248	1.622538547962904e-09	0.026356369256973267	0.1634756326675415	0.040257297456264496	1.622538547962904e-09	1.622538547962904e-09	0.19233901798725128	1.622538547962904e-09	0.015331998467445374	0.0117647061124444	0.24910278618335724	0.017785053700208664	-1.3278622645884752e-08	0.24910280108451843	1.622538547962904e-09	9.999999974752427e-07	1.622538547962904e-09	0.1170303225517273	0.015458546578884125	0.0752154067158699	-1.3278622645884752e-08	0.00909090880304575	-1.3278622645884752e-08	0.009573204442858696	0.021178651601076126	0.07521546632051468	0.018691588193178177	0.015458539128303528	5.000001692678779e-07	0.005539208650588989	1.622538547962904e-09	0.017785053700208664	9.999999974752427e-07	0.02822043001651764	1.5000005078036338e-06	1.622538547962904e-09	9.999999974752427e-07	9.999999974752427e-07	-1.3278622645884752e-08	9.999999974752427e-07	0.16347554326057434	1.622538547962904e-09	0.14051920175552368	0.16347557306289673	0.24910280108451843	0.19233901798725128	0.011078402400016785	0.010101010091602802	0.009573204442858696	0.009177438914775848	0.1405191868543625	0.008695651777088642	1.622538547962904e-09	0.2222222089767456	0.11703035235404968	0.04181493818759918	0.011904762126505375	0.009177440777420998	0.010869565419852734	0.14051920175552368	-1.3278622645884752e-08	0.005539208650588989	0.026356369256973267	1.622538547962904e-09	5.000001692678779e-07	0.009999999776482582	0.019078662618994713	1.622538547962904e-09	0.010324249044060707	9.999999974752427e-07	9.999999974752427e-07	1.622538547962904e-09	9.999999974752427e-07	9.999999974752427e-07	1.622538547962904e-09	1.622538547962904e-09	0.012001212686300278	0.4369935989379883	0.05826278030872345	9.999999974752427e-07	0.26795709133148193	9.999999974752427e-07	0.04900258779525757	1.622538547962904e-09	0.3783048689365387	0.009493403136730194	0.06596280634403229	0.3783048689365387	1.622538547962904e-09	9.999999974752427e-07	0.01123595517128706	0.2679571509361267	-2.4010660126805305e-10	1.622538547962904e-09	-1.3278622645884752e-08	1.622538547962904e-09	1.622538547962904e-09	6.666664376098197e-07	0.25453200936317444	0.2679571211338043	0.010989011265337467	1.3333333299669903e-06	0.20756608247756958	0.04900258034467697	1.622538547962904e-09	0.005720071494579315	0.2679571509361267	1.622538547962904e-09	0.01575428992509842	0.010256924666464329	0.3783048391342163	0.016017936170101166	-2.4010660126805305e-10	0.3783048391342163	0.019911106675863266	9.999999974752427e-07	1.622538547962904e-09	0.1568257063627243	0.013005442917346954	0.11561182141304016	0.01815195381641388	6.666664376098197e-07	0.018151957541704178	0.010526316240429878	0.04900252819061279	0.06741572916507721	0.03269492834806442	0.018725505098700523	0.00909090880304575	-2.4010660126805305e-10	1.622538547962904e-09	0.00917431153357029	0.00968627817928791	0.009686276316642761	0.025567827746272087	9.999999974752427e-07	0.043478261679410934	0.01575428992509842	-2.4010660126805305e-10	0.009493403136730194	0.20756608247756958	9.999999974752427e-07	0.1568257212638855	0.2075660675764084	0.3783048391342163	0.2679571211338043	0.030948016792535782	0.025567827746272087	9.999999974752427e-07	9.999999974752427e-07	0.17497770488262177	0.009708737954497337	0.00909090880304575	0.3183199465274811	0.15682578086853027	0.04121395945549011	0.049727946519851685	0.010204081423580647	0.007700018584728241	0.19181180000305176	9.999999974752427e-07	0.011036906391382217	0.02248847484588623	0.016806723549962044	9.999999974752427e-07	0.009615384973585606	1.622538547962904e-09	1.622538547962904e-09	-2.4010660126805305e-10	1.622538547962904e-09	9.999999974752427e-07	1.622538547962904e-09	0.009803921915590763	1.622538547962904e-09	1.622538547962904e-09	1.622538547962904e-09	9.999999974752427e-07	0.3545213043689728	0.02059110254049301	0.010625112801790237	0.21123084425926208	0.02664199471473694	0.0061219222843647	9.999999974752427e-07	0.3018166422843933	0.006626579910516739	0.02059112675487995	0.3018166720867157	0.01864650845527649	-1.3278622645884752e-08	1.622538547962904e-09	0.1669045239686966	0.015181045979261398	9.999999974752427e-07	1.622538547962904e-09	1.622538547962904e-09	0.010238776914775372	1.622538547962904e-09	0.14026254415512085	0.2112308144569397	-1.3278622645884752e-08	1.622538547962904e-09	0.14026251435279846	0.024768419563770294	1.622538547962904e-09	1.622538547962904e-09	0.2112308144569397	-1.3278622645884752e-08	0.011363636702299118	6.912159733474255e-10	0.23242251574993134	-1.3278622645884752e-08	0.006100691854953766	0.29567739367485046	-1.3278622645884752e-08	-1.3278622645884752e-08	1.622538547962904e-09	0.09294700622558594	1.622538547962904e-09	0.061001814901828766	0.01366463303565979	1.622538547962904e-09	0.007563948631286621	0.011995955370366573	0.0061219483613967896	0.030612245202064514	0.00662657618522644	9.073119144886732e-09	-2.4010660126805305e-10	-1.3278622645884752e-08	-1.3278622645884752e-08	-1.3278622645884752e-08	9.999999974752427e-07	0.027936100959777832	0.010625114664435387	0.027522936463356018	0.007871739566326141	9.999999974752427e-07	1.622538547962904e-09	0.006626579910516739	0.14026251435279846	0.010101010091602802	0.09294699132442474	0.14026251435279846	0.29567742347717285	0.21123076975345612	-1.3278622645884752e-08	0.013964534737169743	0.011995954439043999	0.0061219483613967896	0.10661163181066513	1.622538547962904e-09	0.02664199471473694	0.2191026210784912	0.061001840978860855	1.622538547962904e-09	0.013319892808794975	0.0061219483613967896	1.622538547962904e-09	0.10661161690950394	9.999999974752427e-07	-1.3278622645884752e-08	1.622538547962904e-09	1.622538547962904e-09	-2.4010660126805305e-10	1.622538547962904e-09	9.999999974752427e-07	1.622538547962904e-09	0.015181045979261398	1.622538547962904e-09	6.912159733474255e-10	0.010238775983452797	0.007871739566326141	0.006139293313026428	1.622538547962904e-09	1.622538547962904e-09	1.622538547962904e-09	0.36081430315971375	0.07295437157154083	0.008505983278155327	0.2816368341445923	0.009365726262331009	0.02610158920288086	-1.3278622645884752e-08	0.309752881526947	8.000001798791345e-07	0.07295437157154083	0.309752881526947	-1.3278622645884752e-08	2.255546860396862e-10	-5.828042048960924e-09	0.22092561423778534	0.024959847331047058	-1.3278622645884752e-08	1.622538547962904e-09	1.622538547962904e-09	-1.3278622645884752e-08	9.999999974752427e-07	0.21155983209609985	0.22092561423778534	2.255546860396862e-10	0.00917431153357029	0.1840570569038391	0.026101604104042053	1.622538547962904e-09	-5.828042048960924e-09	0.22092561423778534	1.622538547962904e-09	-1.3278622645884752e-08	0.008564643561840057	0.2986621558666229	1.622538547962904e-09	9.999999974752427e-07	0.29866212606430054	2.255546860396862e-10	2.255546860396862e-10	1.622538547962904e-09	0.1273503601551056	-5.828042048960924e-09	0.08163265138864517	0.01516491174697876	0.008196720853447914	9.999999974752427e-07	-2.4010660126805305e-10	0.026101600378751755	0.07547169923782349	1.3999997463542968e-06	0.015599868260324001	0.01042632944881916	0.009330729022622108	0.018172085285186768	1.622538547962904e-09	1.622538547962904e-09	0.024959832429885864	0.028257330879569054	9.999999974752427e-07	0.008460670709609985	-1.3278622645884752e-08	9.999999974752427e-07	8.000001798791345e-07	0.14251525700092316	0.00936572253704071	0.1273503601551056	0.14251527190208435	0.2986621558666229	0.2816368341445923	0.009330730885267258	0.05747126415371895	-2.4010660126805305e-10	9.999999974752427e-07	0.14251521229743958	6.000000212225132e-07	0.009365707635879517	0.29009753465652466	0.1273503601551056	0.043084584176540375	-2.4010660126805305e-10	0.009282216429710388	1.622538547962904e-09	0.14251525700092316	9.999999974752427e-07	2.255546860396862e-10	0.02748478204011917	0.017241379246115685	0.009325018152594566	-5.828042048960924e-09	-1.3278622645884752e-08	0.015599846839904785	0.024959854781627655	-2.4010660126805305e-10	9.999999974752427e-07	-1.3278622645884752e-08	0.008460674434900284	0.011090755462646484	1.622538547962904e-09	1.622538547962904e-09	0.016819380223751068
79	-15547.466796875	-1	9	57	76	75	26	89	10	62	48	0	26	84	41	29	91	66	5	0	11	24	14	68	37	85	21	0	0	50	22	3	66	33	67	21	43	7	69	12	0	65	50	77	73	24	43	79	5	42	1	78	57	69	21	34	56	0	70	42	76	31	43	49	25	4	73	63	36	3	21	1	46	80	82	49	14	33	40	77	33	47	9	66	48	69	78	85	57	13	11	50	56	7	32	19	59	7	0	79	47	0.5437126159667969	0.08644906431436539	0.010285336524248123	0.41455113887786865	0.01283031702041626	0.010498285293579102	0.010526316240429878	0.4251324236392975	9.999999974752427e-07	0.08644905686378479	0.44155392050743103	0.0655471682548523	9.999999974752427e-07	9.999999974752427e-07	0.4095746576786041	9.999999974752427e-07	0.005317971110343933	1.622538547962904e-09	1.622538547962904e-09	9.999999974752427e-07	0.02298850566148758	0.3967443108558655	0.4095746874809265	9.999999974752427e-07	0.03314200043678284	0.2897196114063263	0.0760454460978508	1.622538547962904e-09	9.999999974752427e-07	0.4095746576786041	0.004976436495780945	1.622538547962904e-09	1.622538547962904e-09	0.4145510196685791	0.03333333507180214	-1.3278622645884752e-08	0.4251324236392975	9.999999974752427e-07	9.999999974752427e-07	1.622538547962904e-09	0.22580645978450775	0.012048192322254181	0.1361638456583023	-1.3278622645884752e-08	9.999999974752427e-07	-1.3278622645884752e-08	1.622538547962904e-09	0.010498294606804848	0.1361638605594635	0.030567780137062073	0.02411612868309021	1.622538547962904e-09	0.008196720853447914	0.010869565419852734	9.999999974752427e-07	0.010526316240429878	0.026113338768482208	0.019338728860020638	-2.4010660126805305e-10	-1.3278622645884752e-08	1.622538547962904e-09	-1.3278622645884752e-08	0.030567795038223267	0.2705919146537781	9.999999974752427e-07	0.26527389883995056	0.2705919146537781	0.4251324534416199	0.40957462787628174	0.030927833169698715	0.05588129162788391	1.622538547962904e-09	0.010498292744159698	0.2652738690376282	-1.3278622645884752e-08	0.01283031702041626	0.4145510792732239	0.22250455617904663	0.08634074777364731	1.622538547962904e-09	0.010498294606804848	1.622538547962904e-09	0.26527389883995056	0.036036036908626556	0.009900989942252636	0.062224678695201874	0.029082641005516052	0.009053405374288559	9.999999974752427e-07	0.012195121496915817	9.999999974752427e-07	0.008547008968889713	-1.3278622645884752e-08	1.622538547962904e-09	9.999999974752427e-07	-1.3278622645884752e-08	-1.3278622645884752e-08	1.622538547962904e-09	1.622538547962904e-09	1.622538547962904e-09	0.42310065031051636	0.04496558755636215	0.010405869223177433	0.2722354531288147	0.010044899769127369	0.021052632480859756	9.999999974752427e-07	0.31625208258628845	0.018691588193178177	0.05226296931505203	0.31625211238861084	0.01785714365541935	0.010989011265337467	1.622538547962904e-09	0.2722354531288147	9.999999974752427e-07	1.622538547962904e-09	0.019417475908994675	1.622538547962904e-09	9.999999974752427e-07	6.666664376098197e-07	0.2291666716337204	0.2722354531288147	9.999999974752427e-07	1.3333333299669903e-06	0.1819043606519699	0.09699185937643051	1.622538547962904e-09	0.0078512541949749	0.2722354531288147	1.622538547962904e-09	1.622538547962904e-09	0.010638297535479069	0.31625208258628845	9.999999974752427e-07	-7.275957614183426e-12	0.31625205278396606	0.010526316240429878	0.009009009227156639	1.622538547962904e-09	0.10256187617778778	1.622538547962904e-09	0.0606570690870285	0.008510754443705082	6.666664376098197e-07	-7.275957614183426e-12	8.000001798791345e-07	1.3999997463542968e-06	0.05226297304034233	0.034559715539216995	0.022432174533605576	2.255546860396862e-10	9.999999974752427e-07	9.999999974752427e-07	9.999999974752427e-07	0.008264463394880295	0.009856734424829483	0.010405868291854858	0.008394084870815277	1.622538547962904e-09	1.622538547962904e-09	0.008510754443705082	0.034559715539216995	0.18190431594848633	0.010044899769127369	0.11764705926179886	0.18190434575080872	0.31625208258628845	0.2722354531288147	0.042105261236429214	0.010405870154500008	8.000001798791345e-07	8.000001798791345e-07	0.18190434575080872	1.622538547962904e-09	0.010044898837804794	0.2722354531288147	0.10256189107894897	0.04190482199192047	1.3999997463542968e-06	8.000001798791345e-07	0.00729738175868988	0.18190434575080872	1.622538547962904e-09	0.016949152573943138	0.01947261206805706	9.999999974752427e-07	2.255546860396862e-10	1.622538547962904e-09	0.011627906933426857	0.014580924063920975	9.999999974752427e-07	1.622538547962904e-09	9.999999974752427e-07	9.999999974752427e-07	1.622538547962904e-09	1.622538547962904e-09	1.622538547962904e-09	6.000000212225132e-07	6.000000212225132e-07	0.449466347694397	0.08000115305185318	9.999999974752427e-07	0.3330483138561249	-1.3278622645884752e-08	0.03483244776725769	9.999999974752427e-07	0.38626334071159363	0.009220771491527557	0.08756303787231445	0.38626328110694885	0.013322031125426292	-1.3278622645884752e-08	9.999999974752427e-07	0.2947915494441986	9.999999974752427e-07	0.029411764815449715	9.999999974752427e-07	-1.3278622645884752e-08	0.008118398487567902	0.010526316240429878	0.2947915494441986	0.2947915196418762	-1.3278622645884752e-08	0.01075268816202879	0.2947915196418762	0.04815453290939331	-1.3278622645884752e-08	0.02777777798473835	0.2947915494441986	0.019186578691005707	9.999999974752427e-07	0.008000493049621582	0.38626325130462646	-1.3278622645884752e-08	1.622538547962904e-09	0.386263370513916	-1.3278622645884752e-08	-1.3278622645884752e-08	-1.3278622645884752e-08	0.1528805047273636	9.999999974752427e-07	0.08756301552057266	0.009048528037965298	9.999999974752427e-07	1.622538547962904e-09	0.009131006896495819	0.02860131859779358	0.08756303787231445	0.009220770560204983	0.04123711213469505	9.999999974752427e-07	-1.3278622645884752e-08	-1.3278622645884752e-08	-1.3278622645884752e-08	0.008003734052181244	0.015048280358314514	0.029999999329447746	1.622538547962904e-09	0.00909090880304575	9.999999974752427e-07	0.009048528969287872	0.009220771491527557	0.2947915196418762	-1.3278622645884752e-08	0.15288051962852478	0.2499999850988388	0.38626334071159363	0.31386175751686096	-1.3278622645884752e-08	0.032608695328235626	0.009130999445915222	9.999999974752427e-07	0.16192904114723206	-2.4010660126805305e-10	-1.3278622645884752e-08	0.36913180351257324	0.1528804898262024	0.06531748175621033	0.009131006896495819	0.028601333498954773	0.00756189227104187	0.16814157366752625	1.622538547962904e-09	-1.3278622645884752e-08	0.021052632480859756	0.009900989942252636	0.027272727340459824	9.999999974752427e-07	0.005203664302825928	0.008620689623057842	0.007044561207294464	-1.3278622645884752e-08	0.008000493049621582	0.008118398487567902	9.999999974752427e-07	-1.3278622645884752e-08	-1.3278622645884752e-08	1.622538547962904e-09	1.622538547962904e-09	0.4417252242565155	0.024390242993831635	9.999999974752427e-07	0.30527326464653015	0.010416666977107525	0.014637134969234467	9.999999974752427e-07	0.3760969042778015	9.999999974752427e-07	0.04878048598766327	0.3760969042778015	0.05099133402109146	9.999999974752427e-07	0.008882244117558002	0.30527329444885254	1.622538547962904e-09	1.622538547962904e-09	1.622538547962904e-09	1.622538547962904e-09	0.030414395034313202	0.012048192322254181	0.29318323731422424	0.30527329444885254	9.999999974752427e-07	0.017391303554177284	0.2670987844467163	0.06562843918800354	1.622538547962904e-09	0.010416666977107525	0.30527329444885254	1.622538547962904e-09	1.622538547962904e-09	1.622538547962904e-09	0.3052733540534973	1.622538547962904e-09	0.010526316240429878	0.3760969042778015	9.999999974752427e-07	9.999999974752427e-07	1.622538547962904e-09	0.14387741684913635	0.025641024112701416	0.07431011646986008	0.032608695328235626	9.999999974752427e-07	0.009615384973585606	1.622538547962904e-09	0.014637134969234467	0.07431010156869888	0.010309278033673763	0.04452749714255333	0.009433962404727936	9.999999974752427e-07	1.622538547962904e-09	1.622538547962904e-09	1.622538547962904e-09	1.622538547962904e-09	0.009569531306624413	1.622538547962904e-09	1.622538547962904e-09	1.622538547962904e-09	0.01123595517128706	9.999999974752427e-07	0.20471768081188202	9.999999974752427e-07	0.14387744665145874	0.2047176957130432	0.3052733540534973	0.30527329444885254	0.026084452867507935	0.009569531306624413	1.622538547962904e-09	0.010101010091602802	0.204717755317688	0.010204081423580647	0.010989011265337467	0.30527329444885254	0.14387741684913635	0.06956726312637329	1.622538547962904e-09	0.01463712751865387	9.999999974752427e-07	0.20471777021884918	0.009803921915590763	9.999999974752427e-07	0.02503982186317444	9.999999974752427e-07	9.999999974752427e-07	0.008882243186235428	0.020576931536197662	9.999999974752427e-07	1.622538547962904e-09	1.622538547962904e-09	1.622538547962904e-09	9.999999974752427e-07	1.622538547962904e-09	1.622538547962904e-09	1.622538547962904e-09	1.622538547962904e-09	1.622538547962904e-09	0.3537144064903259	0.026411600410938263	4.2857209336943924e-07	0.20192475616931915	1.622538547962904e-09	0.027027027681469917	-7.275957614183426e-12	0.2815217971801758	1.622538547962904e-09	0.026411622762680054	0.2815217971801758	0.010256588459014893	9.999999974752427e-07	1.622538547962904e-09	0.20192474126815796	9.999999974752427e-07	1.622538547962904e-09	9.999999974752427e-07	1.622538547962904e-09	0.010256589390337467	1.622538547962904e-09	0.20192475616931915	0.20192475616931915	1.622538547962904e-09	1.622538547962904e-09	0.16246558725833893	0.05873368680477142	1.622538547962904e-09	0.027633339166641235	0.20192472636699677	-1.3278622645884752e-08	1.622538547962904e-09	-1.3278622645884752e-08	0.20192481577396393	0.008206699043512344	9.999999974752427e-07	0.2740027606487274	1.622538547962904e-09	9.999999974752427e-07	1.622538547962904e-09	0.05703481286764145	1.622538547962904e-09	0.02641153335571289	0.03179077059030533	1.622538547962904e-09	9.999999974752427e-07	-1.3278622645884752e-08	0.009401541203260422	0.026411622762680054	0.009916093200445175	0.027633339166641235	4.2857209336943924e-07	1.622538547962904e-09	0.01344560831785202	0.008206700906157494	9.999999974752427e-07	0.013458982110023499	1.2857158253609668e-06	-1.3278622645884752e-08	-1.3278622645884752e-08	1.622538547962904e-09	9.999999974752427e-07	1.622538547962904e-09	0.16246557235717773	1.622538547962904e-09	0.05703481659293175	0.10570608824491501	0.2626262307167053	0.20192472636699677	0.01780684106051922	1.2857121873821598e-06	-1.3278622645884752e-08	9.999999974752427e-07	0.08882559835910797	0.009916089475154877	1.622538547962904e-09	0.20192475616931915	0.05404491350054741	0.027633339166641235	-1.3278622645884752e-08	0.009401543065905571	1.622538547962904e-09	0.1057060956954956	-1.3278622645884752e-08	0.01780685782432556	1.622538547962904e-09	1.622538547962904e-09	4.2857209336943924e-07	1.622538547962904e-09	-7.275957614183426e-12	1.622538547962904e-09	9.999999974752427e-07	1.622538547962904e-09	-1.3278622645884752e-08	9.999999974752427e-07	-1.3278622645884752e-08	0.007519066333770752	1.622538547962904e-09	-1.3278622645884752e-08	2.255546860396862e-10	0.5330701470375061	0.005072489380836487	5.000001692678779e-07	0.3791336417198181	0.015137098729610443	0.04571789503097534	9.999999974752427e-07	0.47317150235176086	1.622538547962904e-09	0.08930285274982452	0.47317150235176086	0.014180606231093407	0.010177051648497581	9.999999974752427e-07	0.283880352973938	-1.3278622645884752e-08	1.622538547962904e-09	0.009429067373275757	-1.3278622645884752e-08	0.007485583424568176	9.999999974752427e-07	0.2687433063983917	0.3461630940437317	0.011049933731555939	0.012431889772415161	0.21618443727493286	0.059898555278778076	-1.3278622645884752e-08	1.622538547962904e-09	0.2838802933692932	0.030927835032343864	0.04472166299819946	-1.3278622645884752e-08	0.39345017075538635	1.622538547962904e-09	-1.3278622645884752e-08	0.39345014095306396	0.011049933731555939	0.010177051648497581	-1.3278622645884752e-08	0.16346153616905212	0.04000958055257797	0.08930287510156631	-1.3278622645884752e-08	0.010416666977107525	-1.3278622645884752e-08	0.014316469430923462	0.036288827657699585	0.08930285274982452	1.622538547962904e-09	0.0478060245513916	5.000001692678779e-07	0.028037382289767265	1.622538547962904e-09	1.622538547962904e-09	-1.3278622645884752e-08	-1.3278622645884752e-08	1.5000005078036338e-06	1.622538547962904e-09	-1.3278622645884752e-08	9.999999974752427e-07	-1.3278622645884752e-08	1.622538547962904e-09	0.21618443727493286	0.015137098729610443	0.171462744474411	0.21618443727493286	0.39345014095306396	0.3461630940437317	0.05255882441997528	0.005072489380836487	9.999999974752427e-07	0.02286946028470993	0.1714627593755722	1.622538547962904e-09	0.01513710618019104	0.3791336119174957	0.1495407670736313	0.06023794412612915	0.014316461980342865	0.02286946028470993	0.008695651777088642	0.1714627593755722	1.622538547962904e-09	0.010177051648497581	0.012431896291673183	1.622538547962904e-09	5.000001692678779e-07	9.999999974752427e-07	0.0066950395703315735	0.007796458899974823	-1.3278622645884752e-08	0.030927835032343864	-1.3278622645884752e-08	0.007485583424568176	-1.3278622645884752e-08	0.02777777798473835	-1.3278622645884752e-08	1.622538547962904e-09	0.008695651777088642	0.3669218420982361	0.04854368790984154	5.000001692678779e-07	0.19233903288841248	1.622538547962904e-09	0.021178677678108215	0.01907866820693016	0.26595741510391235	9.999999974752427e-07	0.0752153992652893	0.2984440326690674	0.01907867193222046	9.999999974752427e-07	0.010416666977107525	0.19233903288841248	0.010324249044060707	0.007624365389347076	1.622538547962904e-09	1.622538547962904e-09	1.622538547962904e-09	9.999999974752427e-07	0.19233901798725128	0.19233904778957367	1.622538547962904e-09	0.026356376707553864	0.16347560286521912	0.04025731980800629	1.622538547962904e-09	1.622538547962904e-09	0.19233901798725128	1.622538547962904e-09	0.015332028269767761	0.0117647061124444	0.24910278618335724	0.01778506115078926	-1.3278622645884752e-08	0.24910277128219604	1.622538547962904e-09	9.999999974752427e-07	1.622538547962904e-09	0.1170303225517273	0.015458554029464722	0.0752154290676117	-1.3278622645884752e-08	0.00909090880304575	-1.3278622645884752e-08	0.009573204442858696	0.02117867022752762	0.0752154216170311	0.018691588193178177	0.015458546578884125	5.000001692678779e-07	0.005539216101169586	1.622538547962904e-09	0.01778506115078926	9.999999974752427e-07	0.02822047472000122	1.5000005078036338e-06	1.622538547962904e-09	9.999999974752427e-07	9.999999974752427e-07	-1.3278622645884752e-08	9.999999974752427e-07	0.16347560286521912	1.622538547962904e-09	0.14051920175552368	0.16347560286521912	0.24910280108451843	0.19233901798725128	0.011078406125307083	0.010101010091602802	0.009573204442858696	0.009177442640066147	0.14051921665668488	0.008695651777088642	1.622538547962904e-09	0.2222222089767456	0.11703035235404968	0.04181492328643799	0.011904762126505375	0.009177440777420998	0.010869565419852734	0.14051920175552368	-1.3278622645884752e-08	0.005539216101169586	0.026356376707553864	1.622538547962904e-09	5.000001692678779e-07	0.009999999776482582	0.01907867006957531	1.622538547962904e-09	0.010324249044060707	9.999999974752427e-07	9.999999974752427e-07	1.622538547962904e-09	9.999999974752427e-07	9.999999974752427e-07	1.622538547962904e-09	9.999999974752427e-07	0.012001216411590576	0.43699371814727783	0.05826278030872345	9.999999974752427e-07	0.2679571807384491	9.999999974752427e-07	0.04900254309177399	1.622538547962904e-09	0.3783048689365387	0.009493403136730194	0.06596280634403229	0.3783048391342163	1.622538547962904e-09	9.999999974752427e-07	0.01123595517128706	0.2679571509361267	-2.4010660126805305e-10	1.622538547962904e-09	-1.3278622645884752e-08	1.622538547962904e-09	1.622538547962904e-09	6.666664376098197e-07	0.2545320391654968	0.2679571509361267	0.010989011265337467	1.3333333299669903e-06	0.20756608247756958	0.04900255426764488	1.622538547962904e-09	0.005720056593418121	0.2679571509361267	1.622538547962904e-09	0.01575428992509842	0.010256931185722351	0.3783048391342163	0.01601792871952057	-2.4010660126805305e-10	0.3783048689365387	0.019911106675863266	9.999999974752427e-07	1.622538547962904e-09	0.1568257212638855	0.013005435466766357	0.11561180651187897	0.01815195381641388	6.666664376098197e-07	0.01815195381641388	0.010526316240429878	0.04900252819061279	0.06741572916507721	0.03269492834806442	0.018725495785474777	0.00909090880304575	-2.4010660126805305e-10	1.622538547962904e-09	0.00917431153357029	0.009686267003417015	0.009686268866062164	0.025567827746272087	9.999999974752427e-07	0.043478261679410934	0.01575428992509842	-2.4010660126805305e-10	0.009493403136730194	0.20756609737873077	9.999999974752427e-07	0.15682576596736908	0.20756609737873077	0.3783048689365387	0.2679571211338043	0.030948013067245483	0.025567827746272087	9.999999974752427e-07	9.999999974752427e-07	0.17497771978378296	0.009708737954497337	0.00909090880304575	0.31832000613212585	0.1568257361650467	0.04121395945549011	0.04972795397043228	0.010204081423580647	0.007700018584728241	0.19181180000305176	9.999999974752427e-07	0.011036910116672516	0.022488445043563843	0.016806723549962044	9.999999974752427e-07	0.009615384973585606	1.622538547962904e-09	1.622538547962904e-09	-2.4010660126805305e-10	1.622538547962904e-09	9.999999974752427e-07	1.622538547962904e-09	0.009803921915590763	1.622538547962904e-09	1.622538547962904e-09	9.999999974752427e-07	9.999999974752427e-07	0.3545213043689728	0.02059110254049301	0.010625112801790237	0.21123084425926208	0.02664199471473694	0.0061219222843647	9.999999974752427e-07	0.3018166422843933	0.006626579910516739	0.02059112675487995	0.3018166720867157	0.01864650845527649	-1.3278622645884752e-08	1.622538547962904e-09	0.1669045239686966	0.015181045979261398	9.999999974752427e-07	1.622538547962904e-09	1.622538547962904e-09	0.010238776914775372	1.622538547962904e-09	0.14026254415512085	0.2112308144569397	-1.3278622645884752e-08	1.622538547962904e-09	0.14026251435279846	0.024768419563770294	1.622538547962904e-09	1.622538547962904e-09	0.2112308144569397	-1.3278622645884752e-08	0.011363636702299118	6.912159733474255e-10	0.23242251574993134	-1.3278622645884752e-08	0.006100691854953766	0.29567739367485046	-1.3278622645884752e-08	-1.3278622645884752e-08	1.622538547962904e-09	0.09294700622558594	1.622538547962904e-09	0.06100180745124817	0.01366463303565979	1.622538547962904e-09	0.007563948631286621	0.011995955370366573	0.0061219483613967896	0.030612245202064514	0.00662657618522644	9.073119144886732e-09	-2.4010660126805305e-10	-1.3278622645884752e-08	-1.3278622645884752e-08	-1.3278622645884752e-08	9.999999974752427e-07	0.027936100959777832	0.010625114664435387	0.027522936463356018	0.007871739566326141	9.999999974752427e-07	1.622538547962904e-09	0.006626579910516739	0.14026251435279846	0.010101010091602802	0.09294699132442474	0.14026251435279846	0.29567742347717285	0.21123076975345612	-1.3278622645884752e-08	0.013964534737169743	0.011995954439043999	0.0061219483613967896	0.10661163181066513	1.622538547962904e-09	0.02664199471473694	0.2191026210784912	0.061001840978860855	1.622538547962904e-09	0.013319892808794975	0.0061219483613967896	1.622538547962904e-09	0.10661161690950394	9.999999974752427e-07	-1.3278622645884752e-08	1.622538547962904e-09	1.622538547962904e-09	-2.4010660126805305e-10	1.622538547962904e-09	9.999999974752427e-07	1.622538547962904e-09	0.015181045979261398	1.622538547962904e-09	6.912159733474255e-10	0.010238775983452797	0.007871739566326141	0.006139293313026428	1.622538547962904e-09	9.999999974752427e-07	1.622538547962904e-09	0.36081433296203613	0.07295437157154083	0.008505983278155327	0.2816368341445923	0.009365733712911606	0.026101604104042053	-1.3278622645884752e-08	0.309752881526947	8.000001798791345e-07	0.07295437157154083	0.309752881526947	-1.3278622645884752e-08	2.255546860396862e-10	-5.828042048960924e-09	0.22092559933662415	0.024959862232208252	-1.3278622645884752e-08	1.622538547962904e-09	1.622538547962904e-09	-1.3278622645884752e-08	9.999999974752427e-07	0.21155986189842224	0.22092559933662415	2.255546860396862e-10	0.00917431153357029	0.1840570569038391	0.026101604104042053	1.622538547962904e-09	-5.828042048960924e-09	0.22092559933662415	1.622538547962904e-09	-1.3278622645884752e-08	0.008564606308937073	0.29866212606430054	1.622538547962904e-09	9.999999974752427e-07	0.29866212606430054	2.255546860396862e-10	2.255546860396862e-10	1.622538547962904e-09	0.1273503601551056	-5.828042048960924e-09	0.08163265138864517	0.01516491174697876	0.008196720853447914	9.999999974752427e-07	-2.4010660126805305e-10	0.02610161155462265	0.07547169923782349	1.3999997463542968e-06	0.015599853359162807	0.01042632944881916	0.009330726228654385	0.018172089010477066	1.622538547962904e-09	1.622538547962904e-09	0.024959847331047058	0.028257330879569054	9.999999974752427e-07	0.008460648357868195	-1.3278622645884752e-08	9.999999974752427e-07	8.000001798791345e-07	0.14251525700092316	0.009365729987621307	0.1273503601551056	0.14251527190208435	0.29866212606430054	0.2816368341445923	0.00933072715997696	0.05747126415371895	-2.4010660126805305e-10	9.999999974752427e-07	0.14251521229743958	6.000000212225132e-07	0.009365737438201904	0.29009750485420227	0.1273503601551056	0.04308461770415306	-2.4010660126805305e-10	0.009282223880290985	1.622538547962904e-09	0.14251525700092316	9.999999974752427e-07	2.255546860396862e-10	0.027484744787216187	0.017241379246115685	0.009325018152594566	-5.828042048960924e-09	-1.3278622645884752e-08	0.015599831938743591	0.024959854781627655	-2.4010660126805305e-10	9.999999974752427e-07	-1.3278622645884752e-08	0.008460644632577896	0.0110907182097435	1.622538547962904e-09	-2.4010660126805305e-10	0.016819387674331665
80	-15547.466796875	-1	9	57	76	75	26	89	10	62	48	0	26	84	41	29	91	66	5	0	11	24	14	68	37	85	21	0	0	50	22	3	66	33	67	21	43	7	69	12	0	65	50	77	73	24	43	79	5	42	1	78	57	69	21	34	56	0	70	42	76	31	43	49	25	4	73	63	36	3	21	1	46	80	82	49	14	33	40	77	33	47	9	66	48	69	78	85	57	13	11	50	56	7	32	19	59	7	0	80	47	0.543712854385376	0.08644906431436539	0.010285336524248123	0.4145510792732239	0.012830331921577454	0.010498270392417908	0.010526316240429878	0.4251323938369751	9.999999974752427e-07	0.08644905686378479	0.4415538012981415	0.06554709374904633	9.999999974752427e-07	9.999999974752427e-07	0.4095746874809265	9.999999974752427e-07	0.005317971110343933	1.622538547962904e-09	1.622538547962904e-09	9.999999974752427e-07	0.02298850566148758	0.39674437046051025	0.4095746576786041	9.999999974752427e-07	0.03314200043678284	0.2897196114063263	0.07604537159204483	1.622538547962904e-09	9.999999974752427e-07	0.4095746576786041	0.0049764662981033325	1.622538547962904e-09	1.622538547962904e-09	0.4145510196685791	0.03333333507180214	-1.3278622645884752e-08	0.42513248324394226	9.999999974752427e-07	9.999999974752427e-07	1.622538547962904e-09	0.22580645978450775	0.012048192322254181	0.1361638456583023	-1.3278622645884752e-08	9.999999974752427e-07	-1.3278622645884752e-08	1.622538547962904e-09	0.010498283430933952	0.1361638605594635	0.030567780137062073	0.02411612868309021	1.622538547962904e-09	0.008196720853447914	0.010869565419852734	9.999999974752427e-07	0.010526316240429878	0.02611318975687027	0.019338728860020638	-2.4010660126805305e-10	-1.3278622645884752e-08	1.622538547962904e-09	-1.3278622645884752e-08	0.030567795038223267	0.2705919146537781	9.999999974752427e-07	0.26527389883995056	0.2705919146537781	0.4251324534416199	0.40957462787628174	0.030927833169698715	0.05588129162788391	1.622538547962904e-09	0.010498279705643654	0.2652738690376282	-1.3278622645884752e-08	0.012830331921577454	0.4145510792732239	0.22250455617904663	0.08634074777364731	1.622538547962904e-09	0.010498277842998505	1.622538547962904e-09	0.26527389883995056	0.036036036908626556	0.009900989942252636	0.062224678695201874	0.029082641005516052	0.009053405374288559	9.999999974752427e-07	0.012195121496915817	9.999999974752427e-07	0.008547008968889713	-1.3278622645884752e-08	1.622538547962904e-09	9.999999974752427e-07	-1.3278622645884752e-08	-1.3278622645884752e-08	1.622538547962904e-09	-2.4010660126805305e-10	1.622538547962904e-09	0.4231007397174835	0.04496558755636215	0.010405869223177433	0.2722354531288147	0.010044899769127369	0.021052632480859756	9.999999974752427e-07	0.31625208258628845	0.018691588193178177	0.05226296931505203	0.31625211238861084	0.01785714365541935	0.010989011265337467	1.622538547962904e-09	0.2722354531288147	9.999999974752427e-07	1.622538547962904e-09	0.019417475908994675	1.622538547962904e-09	9.999999974752427e-07	6.666664376098197e-07	0.2291666716337204	0.2722354531288147	9.999999974752427e-07	1.3333333299669903e-06	0.1819043606519699	0.09699182957410812	1.622538547962904e-09	0.0078512541949749	0.2722354531288147	1.622538547962904e-09	1.622538547962904e-09	0.010638297535479069	0.31625205278396606	9.999999974752427e-07	-7.275957614183426e-12	0.31625205278396606	0.010526316240429878	0.009009009227156639	1.622538547962904e-09	0.10256187617778778	1.622538547962904e-09	0.0606570690870285	0.008510754443705082	6.666664376098197e-07	-7.275957614183426e-12	9.999999974752427e-07	1.5000005078036338e-06	0.05226297304034233	0.034559715539216995	0.022432174533605576	2.255546860396862e-10	9.999999974752427e-07	9.999999974752427e-07	9.999999974752427e-07	0.008264463394880295	0.009856700897216797	0.010405868291854858	0.008394084870815277	1.622538547962904e-09	1.622538547962904e-09	0.008510754443705082	0.034559715539216995	0.18190431594848633	0.010044899769127369	0.11764705926179886	0.18190434575080872	0.31625205278396606	0.2722354531288147	0.042105261236429214	0.010405870154500008	9.999999974752427e-07	5.000001692678779e-07	0.18190434575080872	1.622538547962904e-09	0.010044898837804794	0.2722354531288147	0.10256189107894897	0.04190482199192047	9.999999974752427e-07	9.999999974752427e-07	0.00729738175868988	0.18190434575080872	1.622538547962904e-09	0.016949152573943138	0.01947261206805706	9.999999974752427e-07	2.255546860396862e-10	1.622538547962904e-09	0.011627906933426857	0.014580924063920975	9.999999974752427e-07	1.622538547962904e-09	9.999999974752427e-07	9.999999974752427e-07	1.622538547962904e-09	1.622538547962904e-09	1.622538547962904e-09	5.000001692678779e-07	5.000001692678779e-07	0.4494662880897522	0.08000115305185318	9.999999974752427e-07	0.3330483138561249	-1.3278622645884752e-08	0.03483249247074127	9.999999974752427e-07	0.386263370513916	0.009220771491527557	0.08756303787231445	0.38626334071159363	0.013322077691555023	-1.3278622645884752e-08	9.999999974752427e-07	0.2947915494441986	9.999999974752427e-07	0.029411764815449715	9.999999974752427e-07	-1.3278622645884752e-08	0.008118398487567902	0.010526316240429878	0.2947915494441986	0.2947915196418762	-1.3278622645884752e-08	0.01075268816202879	0.2947915196418762	0.04815460741519928	-1.3278622645884752e-08	0.02777777798473835	0.2947915494441986	0.019186578691005707	9.999999974752427e-07	0.008000463247299194	0.38626325130462646	-1.3278622645884752e-08	1.622538547962904e-09	0.38626331090927124	-1.3278622645884752e-08	-1.3278622645884752e-08	-1.3278622645884752e-08	0.1528805047273636	9.999999974752427e-07	0.08756301552057266	0.009048528037965298	9.999999974752427e-07	1.622538547962904e-09	0.009130984544754028	0.02860131859779358	0.08756303787231445	0.009220770560204983	0.04123711213469505	9.999999974752427e-07	-1.3278622645884752e-08	-1.3278622645884752e-08	-1.3278622645884752e-08	0.008003763854503632	0.015048369765281677	0.029999999329447746	1.622538547962904e-09	0.00909090880304575	9.999999974752427e-07	0.009048528969287872	0.009220771491527557	0.2947915196418762	-1.3278622645884752e-08	0.15288051962852478	0.2499999850988388	0.38626334071159363	0.31386175751686096	-1.3278622645884752e-08	0.032608695328235626	0.009130991995334625	9.999999974752427e-07	0.16192904114723206	-2.4010660126805305e-10	-1.3278622645884752e-08	0.36913180351257324	0.1528804898262024	0.06531748175621033	0.009130977094173431	0.028601333498954773	0.00756189227104187	0.16814157366752625	1.622538547962904e-09	-1.3278622645884752e-08	0.021052632480859756	0.009900989942252636	0.027272727340459824	9.999999974752427e-07	0.005203664302825928	0.008620689623057842	0.007044591009616852	-1.3278622645884752e-08	0.008000463247299194	0.008118398487567902	9.999999974752427e-07	-1.3278622645884752e-08	-1.3278622645884752e-08	9.999999974752427e-07	1.622538547962904e-09	0.4417252242565155	0.024390242993831635	9.999999974752427e-07	0.30527326464653015	0.010416666977107525	0.014637134969234467	9.999999974752427e-07	0.3760969042778015	9.999999974752427e-07	0.04878048598766327	0.3760969042778015	0.05099133402109146	9.999999974752427e-07	0.008882244117558002	0.30527329444885254	1.622538547962904e-09	1.622538547962904e-09	1.622538547962904e-09	1.622538547962904e-09	0.030414395034313202	0.012048192322254181	0.29318323731422424	0.30527329444885254	9.999999974752427e-07	0.017391303554177284	0.2670987844467163	0.06562843918800354	1.622538547962904e-09	0.010416666977107525	0.30527329444885254	1.622538547962904e-09	1.622538547962904e-09	1.622538547962904e-09	0.30527329444885254	1.622538547962904e-09	0.010526316240429878	0.3760969042778015	9.999999974752427e-07	9.999999974752427e-07	1.622538547962904e-09	0.14387741684913635	0.025641024112701416	0.07431011646986008	0.032608695328235626	9.999999974752427e-07	0.009615384973585606	1.622538547962904e-09	0.014637134969234467	0.07431010156869888	0.010309278033673763	0.04452749714255333	0.009433962404727936	9.999999974752427e-07	1.622538547962904e-09	1.622538547962904e-09	1.622538547962904e-09	1.622538547962904e-09	0.009569531306624413	1.622538547962904e-09	1.622538547962904e-09	1.622538547962904e-09	0.01123595517128706	9.999999974752427e-07	0.20471768081188202	9.999999974752427e-07	0.14387744665145874	0.2047176957130432	0.3052733242511749	0.30527329444885254	0.026084452867507935	0.009569531306624413	1.622538547962904e-09	0.010101010091602802	0.204717755317688	0.010204081423580647	0.010989011265337467	0.30527329444885254	0.14387741684913635	0.06956726312637329	1.622538547962904e-09	0.01463712751865387	9.999999974752427e-07	0.20471777021884918	0.009803921915590763	9.999999974752427e-07	0.02503982186317444	9.999999974752427e-07	9.999999974752427e-07	0.008882243186235428	0.020576931536197662	9.999999974752427e-07	1.622538547962904e-09	1.622538547962904e-09	1.622538547962904e-09	9.999999974752427e-07	1.622538547962904e-09	1.622538547962904e-09	1.622538547962904e-09	9.999999974752427e-07	1.622538547962904e-09	0.3537144362926483	0.026411600410938263	4.2857209336943924e-07	0.20192477107048035	1.622538547962904e-09	0.027027027681469917	-7.275957614183426e-12	0.28152182698249817	1.622538547962904e-09	0.026411622762680054	0.2815217971801758	0.010256588459014893	9.999999974752427e-07	1.622538547962904e-09	0.20192477107048035	9.999999974752427e-07	1.622538547962904e-09	9.999999974752427e-07	1.622538547962904e-09	0.010256589390337467	1.622538547962904e-09	0.20192474126815796	0.20192478597164154	1.622538547962904e-09	1.622538547962904e-09	0.16246558725833893	0.05873368680477142	1.622538547962904e-09	0.027633339166641235	0.20192477107048035	-1.3278622645884752e-08	1.622538547962904e-09	-1.3278622645884752e-08	0.20192483067512512	0.008206691592931747	9.999999974752427e-07	0.2740027904510498	1.622538547962904e-09	9.999999974752427e-07	1.622538547962904e-09	0.05703481286764145	1.622538547962904e-09	0.02641153335571289	0.03179077059030533	1.622538547962904e-09	9.999999974752427e-07	-1.3278622645884752e-08	0.009401541203260422	0.026411622762680054	0.009916093200445175	0.027633339166641235	4.2857209336943924e-07	1.622538547962904e-09	0.013445600867271423	0.008206691592931747	9.999999974752427e-07	0.013458997011184692	1.2857158253609668e-06	-1.3278622645884752e-08	-1.3278622645884752e-08	1.622538547962904e-09	9.999999974752427e-07	1.622538547962904e-09	0.16246557235717773	1.622538547962904e-09	0.05703481659293175	0.10570608824491501	0.2626262605190277	0.20192477107048035	0.01780684106051922	1.2857121873821598e-06	-1.3278622645884752e-08	9.999999974752427e-07	0.08882559835910797	0.009916089475154877	1.622538547962904e-09	0.20192478597164154	0.05404491350054741	0.027633339166641235	-1.3278622645884752e-08	0.009401543065905571	1.622538547962904e-09	0.1057060956954956	-1.3278622645884752e-08	0.017806850373744965	1.622538547962904e-09	1.622538547962904e-09	4.2857209336943924e-07	1.622538547962904e-09	-7.275957614183426e-12	1.622538547962904e-09	9.999999974752427e-07	1.622538547962904e-09	-1.3278622645884752e-08	9.999999974752427e-07	-1.3278622645884752e-08	0.007519088685512543	1.622538547962904e-09	9.999999974752427e-07	2.255546860396862e-10	0.5330701470375061	0.005072489380836487	5.000001692678779e-07	0.3791336119174957	0.015137098729610443	0.04571789503097534	9.999999974752427e-07	0.47317150235176086	1.622538547962904e-09	0.08930285274982452	0.47317150235176086	0.014180606231093407	0.010177051648497581	9.999999974752427e-07	0.283880352973938	-1.3278622645884752e-08	1.622538547962904e-09	0.009429067373275757	-1.3278622645884752e-08	0.007485583424568176	9.999999974752427e-07	0.2687433063983917	0.3461630940437317	0.011049933731555939	0.012431889772415161	0.21618443727493286	0.059898555278778076	-1.3278622645884752e-08	1.622538547962904e-09	0.2838802933692932	0.030927835032343864	0.04472166299819946	-1.3278622645884752e-08	0.39345017075538635	1.622538547962904e-09	-1.3278622645884752e-08	0.39345014095306396	0.011049933731555939	0.010177051648497581	-1.3278622645884752e-08	0.16346153616905212	0.04000958055257797	0.08930287510156631	-1.3278622645884752e-08	0.010416666977107525	-1.3278622645884752e-08	0.014316469430923462	0.036288827657699585	0.08930285274982452	1.622538547962904e-09	0.0478060245513916	5.000001692678779e-07	0.028037382289767265	1.622538547962904e-09	1.622538547962904e-09	-1.3278622645884752e-08	-1.3278622645884752e-08	1.5000005078036338e-06	1.622538547962904e-09	-1.3278622645884752e-08	9.999999974752427e-07	-1.3278622645884752e-08	1.622538547962904e-09	0.21618443727493286	0.015137098729610443	0.171462744474411	0.21618443727493286	0.39345014095306396	0.3461630940437317	0.05255882441997528	0.005072489380836487	9.999999974752427e-07	0.02286946028470993	0.1714627593755722	1.622538547962904e-09	0.01513710618019104	0.37913358211517334	0.1495407670736313	0.06023794412612915	0.014316461980342865	0.02286946028470993	0.008695651777088642	0.1714627593755722	1.622538547962904e-09	0.010177051648497581	0.012431896291673183	1.622538547962904e-09	5.000001692678779e-07	9.999999974752427e-07	0.0066950395703315735	0.007796458899974823	-1.3278622645884752e-08	0.030927835032343864	-1.3278622645884752e-08	0.007485583424568176	-1.3278622645884752e-08	0.02777777798473835	-1.3278622645884752e-08	1.622538547962904e-09	0.008695651777088642	0.3669218420982361	0.04854368790984154	5.000001692678779e-07	0.19233903288841248	1.622538547962904e-09	0.021178647875785828	0.01907866820693016	0.26595741510391235	9.999999974752427e-07	0.0752153992652893	0.29844406247138977	0.019078657031059265	9.999999974752427e-07	0.010416666977107525	0.19233903288841248	0.010324249044060707	0.007624365389347076	1.622538547962904e-09	1.622538547962904e-09	1.622538547962904e-09	9.999999974752427e-07	0.19233901798725128	0.19233904778957367	1.622538547962904e-09	0.026356376707553864	0.16347560286521912	0.04025733470916748	1.622538547962904e-09	1.622538547962904e-09	0.19233901798725128	1.622538547962904e-09	0.015332028269767761	0.0117647061124444	0.24910278618335724	0.01778506115078926	-1.3278622645884752e-08	0.24910277128219604	1.622538547962904e-09	9.999999974752427e-07	1.622538547962904e-09	0.1170303225517273	0.015458554029464722	0.0752154290676117	-1.3278622645884752e-08	0.00909090880304575	-1.3278622645884752e-08	0.009573204442858696	0.021178651601076126	0.0752154216170311	0.018691588193178177	0.015458546578884125	5.000001692678779e-07	0.005539216101169586	1.622538547962904e-09	0.01778506115078926	9.999999974752427e-07	0.028220482170581818	1.5000005078036338e-06	1.622538547962904e-09	9.999999974752427e-07	9.999999974752427e-07	-1.3278622645884752e-08	9.999999974752427e-07	0.16347560286521912	1.622538547962904e-09	0.14051920175552368	0.16347560286521912	0.24910280108451843	0.19233901798725128	0.011078406125307083	0.010101010091602802	0.009573204442858696	0.009177446365356445	0.14051921665668488	0.008695651777088642	1.622538547962904e-09	0.2222222089767456	0.11703035235404968	0.04181492328643799	0.011904762126505375	0.009177442640066147	0.010869565419852734	0.14051920175552368	-1.3278622645884752e-08	0.005539216101169586	0.026356376707553864	1.622538547962904e-09	5.000001692678779e-07	0.009999999776482582	0.01907866634428501	1.622538547962904e-09	0.010324249044060707	9.999999974752427e-07	9.999999974752427e-07	1.622538547962904e-09	9.999999974752427e-07	9.999999974752427e-07	1.622538547962904e-09	1.622538547962904e-09	0.012001223862171173	0.43699371814727783	0.05826278030872345	9.999999974752427e-07	0.2679571807384491	9.999999974752427e-07	0.04900254309177399	1.622538547962904e-09	0.3783048689365387	0.009493403136730194	0.06596280634403229	0.3783048391342163	1.622538547962904e-09	9.999999974752427e-07	0.01123595517128706	0.2679571509361267	-2.4010660126805305e-10	1.622538547962904e-09	-1.3278622645884752e-08	1.622538547962904e-09	1.622538547962904e-09	6.666664376098197e-07	0.2545320391654968	0.2679571509361267	0.010989011265337467	1.3333333299669903e-06	0.20756608247756958	0.04900255426764488	1.622538547962904e-09	0.005720056593418121	0.2679571509361267	1.622538547962904e-09	0.01575428992509842	0.010256931185722351	0.3783048391342163	0.01601792871952057	-2.4010660126805305e-10	0.3783048689365387	0.019911106675863266	9.999999974752427e-07	1.622538547962904e-09	0.1568257212638855	0.013005435466766357	0.11561180651187897	0.01815195381641388	6.666664376098197e-07	0.01815195381641388	0.010526316240429878	0.04900252819061279	0.06741572916507721	0.03269492834806442	0.018725495785474777	0.00909090880304575	-2.4010660126805305e-10	1.622538547962904e-09	0.00917431153357029	0.009686267003417015	0.009686268866062164	0.025567827746272087	9.999999974752427e-07	0.043478261679410934	0.01575428992509842	-2.4010660126805305e-10	0.009493403136730194	0.20756609737873077	9.999999974752427e-07	0.15682576596736908	0.20756609737873077	0.3783048689365387	0.2679571211338043	0.030948013067245483	0.025567827746272087	9.999999974752427e-07	9.999999974752427e-07	0.17497771978378296	0.009708737954497337	0.00909090880304575	0.31832000613212585	0.1568257361650467	0.04121395945549011	0.04972795397043228	0.010204081423580647	0.007700018584728241	0.19181180000305176	9.999999974752427e-07	0.011036910116672516	0.022488445043563843	0.016806723549962044	9.999999974752427e-07	0.009615384973585606	1.622538547962904e-09	1.622538547962904e-09	-2.4010660126805305e-10	1.622538547962904e-09	9.999999974752427e-07	1.622538547962904e-09	0.009803921915590763	1.622538547962904e-09	1.622538547962904e-09	9.999999974752427e-07	9.999999974752427e-07	0.3545212745666504	0.02059110254049301	0.010625112801790237	0.21123084425926208	0.02664199471473694	0.0061219483613967896	9.999999974752427e-07	0.3018167018890381	0.006626579910516739	0.02059112675487995	0.3018167018890381	0.018646501004695892	-1.3278622645884752e-08	1.622538547962904e-09	0.1669045239686966	0.015181045979261398	9.999999974752427e-07	1.622538547962904e-09	1.622538547962904e-09	0.010238776914775372	1.622538547962904e-09	0.14026254415512085	0.2112308144569397	-1.3278622645884752e-08	1.622538547962904e-09	0.14026251435279846	0.024768434464931488	1.622538547962904e-09	1.622538547962904e-09	0.2112308144569397	-1.3278622645884752e-08	0.011363636702299118	6.912159733474255e-10	0.23242251574993134	-1.3278622645884752e-08	0.006100691854953766	0.2956773638725281	-1.3278622645884752e-08	-1.3278622645884752e-08	1.622538547962904e-09	0.09294700622558594	1.622538547962904e-09	0.06100180745124817	0.01366463303565979	1.622538547962904e-09	0.007563948631286621	0.011995955370366573	0.006121940910816193	0.030612245202064514	0.00662657618522644	9.073119144886732e-09	-2.4010660126805305e-10	-1.3278622645884752e-08	-1.3278622645884752e-08	-1.3278622645884752e-08	9.999999974752427e-07	0.027936115860939026	0.010625114664435387	0.027522936463356018	0.007871739566326141	9.999999974752427e-07	1.622538547962904e-09	0.006626579910516739	0.14026251435279846	0.010101010091602802	0.09294699132442474	0.14026251435279846	0.2956773638725281	0.21123076975345612	-1.3278622645884752e-08	0.013964534737169743	0.011995954439043999	0.006121940910816193	0.10661163181066513	1.622538547962904e-09	0.02664199471473694	0.2191026210784912	0.061001840978860855	1.622538547962904e-09	0.013319892808794975	0.006121940910816193	1.622538547962904e-09	0.10661161690950394	9.999999974752427e-07	-1.3278622645884752e-08	1.622538547962904e-09	1.622538547962904e-09	-2.4010660126805305e-10	1.622538547962904e-09	9.999999974752427e-07	1.622538547962904e-09	0.015181045979261398	1.622538547962904e-09	6.912159733474255e-10	0.010238775983452797	0.007871739566326141	0.006139278411865234	1.622538547962904e-09	1.622538547962904e-09	1.622538547962904e-09	0.36081427335739136	0.07295437157154083	0.008505983278155327	0.2816368341445923	0.009365733712911606	0.026101619005203247	-1.3278622645884752e-08	0.3097529113292694	8.000001798791345e-07	0.07295437157154083	0.3097529113292694	-1.3278622645884752e-08	2.255546860396862e-10	-5.828042048960924e-09	0.22092559933662415	0.024959877133369446	-1.3278622645884752e-08	1.622538547962904e-09	1.622538547962904e-09	-1.3278622645884752e-08	9.999999974752427e-07	0.21155986189842224	0.22092559933662415	2.255546860396862e-10	0.00917431153357029	0.1840570569038391	0.026101604104042053	1.622538547962904e-09	-5.828042048960924e-09	0.22092559933662415	1.622538547962904e-09	-1.3278622645884752e-08	0.008564604446291924	0.2986621558666229	1.622538547962904e-09	9.999999974752427e-07	0.2986621558666229	2.255546860396862e-10	2.255546860396862e-10	1.622538547962904e-09	0.1273503601551056	-5.828042048960924e-09	0.08163265138864517	0.01516491174697876	0.008196720853447914	9.999999974752427e-07	-2.4010660126805305e-10	0.026101619005203247	0.07547169923782349	1.3999997463542968e-06	0.015599853359162807	0.01042632944881916	0.009330726228654385	0.018172089010477066	1.622538547962904e-09	1.622538547962904e-09	0.024959877133369446	0.028257330879569054	9.999999974752427e-07	0.008460652083158493	-1.3278622645884752e-08	9.999999974752427e-07	8.000001798791345e-07	0.14251525700092316	0.009365729987621307	0.1273503601551056	0.14251527190208435	0.2986621558666229	0.2816368341445923	0.00933072715997696	0.05747126415371895	-2.4010660126805305e-10	9.999999974752427e-07	0.14251521229743958	6.000000212225132e-07	0.009365737438201904	0.29009753465652466	0.1273503601551056	0.04308461770415306	-2.4010660126805305e-10	0.009282229468226433	1.622538547962904e-09	0.14251525700092316	9.999999974752427e-07	2.255546860396862e-10	0.027484744787216187	0.017241379246115685	0.009325018152594566	-5.828042048960924e-09	-1.3278622645884752e-08	0.015599831938743591	0.02495986968278885	-2.4010660126805305e-10	9.999999974752427e-07	-1.3278622645884752e-08	0.008460652083158493	0.011090751737356186	1.622538547962904e-09	9.999999974752427e-07	0.016819393262267113
81	-15547.466796875	-1	9	57	76	75	26	89	10	62	48	0	26	84	41	29	91	66	5	0	11	24	14	68	37	85	21	0	0	50	22	3	66	33	67	21	43	7	69	12	0	65	50	77	73	24	43	79	5	42	1	78	57	69	21	34	56	0	70	42	76	31	43	49	25	4	73	63	36	3	21	1	46	80	82	49	14	33	40	77	33	47	9	66	48	69	78	85	57	13	11	50	56	7	32	19	59	7	0	81	47	0.5437127947807312	0.086449034512043	0.010285336524248123	0.4145510792732239	0.012830331921577454	0.010498285293579102	0.010526316240429878	0.4251323938369751	9.999999974752427e-07	0.08644908666610718	0.44155386090278625	0.06554710865020752	9.999999974752427e-07	9.999999974752427e-07	0.4095746874809265	9.999999974752427e-07	0.005317971110343933	1.622538547962904e-09	1.622538547962904e-09	9.999999974752427e-07	0.02298850566148758	0.39674437046051025	0.4095746576786041	9.999999974752427e-07	0.03314200043678284	0.2897196114063263	0.07604538649320602	1.622538547962904e-09	9.999999974752427e-07	0.4095746576786041	0.0049764662981033325	1.622538547962904e-09	1.622538547962904e-09	0.4145510196685791	0.03333333507180214	-1.3278622645884752e-08	0.42513248324394226	9.999999974752427e-07	9.999999974752427e-07	1.622538547962904e-09	0.22580645978450775	0.012048192322254181	0.1361638456583023	-1.3278622645884752e-08	9.999999974752427e-07	-1.3278622645884752e-08	1.622538547962904e-09	0.010498279705643654	0.1361638605594635	0.030567780137062073	0.02411612868309021	1.622538547962904e-09	0.008196720853447914	0.010869565419852734	9.999999974752427e-07	0.010526316240429878	0.026113219559192657	0.019338728860020638	-2.4010660126805305e-10	-1.3278622645884752e-08	1.622538547962904e-09	-1.3278622645884752e-08	0.030567795038223267	0.2705919146537781	9.999999974752427e-07	0.26527389883995056	0.2705919146537781	0.4251324534416199	0.40957462787628174	0.030927833169698715	0.05588129162788391	1.622538547962904e-09	0.010498277842998505	0.2652738690376282	-1.3278622645884752e-08	0.012830331921577454	0.4145510792732239	0.22250455617904663	0.08634074777364731	1.622538547962904e-09	0.010498279705643654	1.622538547962904e-09	0.26527389883995056	0.036036036908626556	0.009900989942252636	0.062224678695201874	0.029082641005516052	0.009053405374288559	9.999999974752427e-07	0.012195121496915817	9.999999974752427e-07	0.008547008968889713	-1.3278622645884752e-08	1.622538547962904e-09	9.999999974752427e-07	-1.3278622645884752e-08	-1.3278622645884752e-08	1.622538547962904e-09	1.622538547962904e-09	1.622538547962904e-09	0.4231007397174835	0.04496558755636215	0.010405869223177433	0.2722354531288147	0.010044899769127369	0.021052632480859756	9.999999974752427e-07	0.31625208258628845	0.018691588193178177	0.05226296931505203	0.31625211238861084	0.01785714365541935	0.010989011265337467	1.622538547962904e-09	0.2722354531288147	9.999999974752427e-07	1.622538547962904e-09	0.019417475908994675	1.622538547962904e-09	9.999999974752427e-07	6.666664376098197e-07	0.2291666716337204	0.2722354531288147	9.999999974752427e-07	1.3333333299669903e-06	0.1819043606519699	0.09699182957410812	1.622538547962904e-09	0.0078512541949749	0.2722354531288147	1.622538547962904e-09	1.622538547962904e-09	0.010638297535479069	0.31625205278396606	9.999999974752427e-07	-7.275957614183426e-12	0.31625205278396606	0.010526316240429878	0.009009009227156639	1.622538547962904e-09	0.10256187617778778	1.622538547962904e-09	0.0606570690870285	0.008510754443705082	6.666664376098197e-07	-7.275957614183426e-12	9.999999974752427e-07	1.3999997463542968e-06	0.05226297304034233	0.034559715539216995	0.022432174533605576	2.255546860396862e-10	9.999999974752427e-07	9.999999974752427e-07	9.999999974752427e-07	0.008264463394880295	0.009856700897216797	0.010405868291854858	0.008394084870815277	1.622538547962904e-09	1.622538547962904e-09	0.008510754443705082	0.034559715539216995	0.18190431594848633	0.010044899769127369	0.11764705926179886	0.18190434575080872	0.31625205278396606	0.2722354531288147	0.042105261236429214	0.010405870154500008	9.999999974752427e-07	8.000001798791345e-07	0.18190434575080872	1.622538547962904e-09	0.010044898837804794	0.2722354531288147	0.10256189107894897	0.04190482199192047	9.999999974752427e-07	8.000001798791345e-07	0.00729738175868988	0.18190434575080872	1.622538547962904e-09	0.016949152573943138	0.01947261206805706	9.999999974752427e-07	2.255546860396862e-10	1.622538547962904e-09	0.011627906933426857	0.014580924063920975	9.999999974752427e-07	1.622538547962904e-09	9.999999974752427e-07	9.999999974752427e-07	1.622538547962904e-09	1.622538547962904e-09	1.622538547962904e-09	9.999999974752427e-07	6.000000212225132e-07	0.4494662880897522	0.08000115305185318	9.999999974752427e-07	0.3330483138561249	-1.3278622645884752e-08	0.03483249247074127	9.999999974752427e-07	0.386263370513916	0.009220771491527557	0.08756303787231445	0.38626334071159363	0.013322077691555023	-1.3278622645884752e-08	9.999999974752427e-07	0.2947915494441986	9.999999974752427e-07	0.029411764815449715	9.999999974752427e-07	-1.3278622645884752e-08	0.008118398487567902	0.010526316240429878	0.2947915494441986	0.2947915196418762	-1.3278622645884752e-08	0.01075268816202879	0.2947915196418762	0.04815460741519928	-1.3278622645884752e-08	0.02777777798473835	0.2947915494441986	0.019186578691005707	9.999999974752427e-07	0.008000463247299194	0.38626325130462646	-1.3278622645884752e-08	1.622538547962904e-09	0.38626331090927124	-1.3278622645884752e-08	-1.3278622645884752e-08	-1.3278622645884752e-08	0.1528805047273636	9.999999974752427e-07	0.08756301552057266	0.009048528037965298	9.999999974752427e-07	1.622538547962904e-09	0.009130984544754028	0.02860131859779358	0.08756303787231445	0.009220770560204983	0.04123711213469505	9.999999974752427e-07	-1.3278622645884752e-08	-1.3278622645884752e-08	-1.3278622645884752e-08	0.008003763854503632	0.015048369765281677	0.029999999329447746	1.622538547962904e-09	0.00909090880304575	9.999999974752427e-07	0.009048528969287872	0.009220771491527557	0.2947915196418762	-1.3278622645884752e-08	0.15288051962852478	0.2499999850988388	0.38626334071159363	0.31386175751686096	-1.3278622645884752e-08	0.032608695328235626	0.009130991995334625	9.999999974752427e-07	0.16192904114723206	-2.4010660126805305e-10	-1.3278622645884752e-08	0.36913180351257324	0.1528804898262024	0.06531748175621033	0.009130977094173431	0.028601333498954773	0.00756189227104187	0.16814157366752625	1.622538547962904e-09	-1.3278622645884752e-08	0.021052632480859756	0.009900989942252636	0.027272727340459824	9.999999974752427e-07	0.005203664302825928	0.008620689623057842	0.007044591009616852	-1.3278622645884752e-08	0.008000463247299194	0.008118398487567902	9.999999974752427e-07	-1.3278622645884752e-08	-1.3278622645884752e-08	9.999999974752427e-07	1.622538547962904e-09	0.4417252242565155	0.024390242993831635	9.999999974752427e-07	0.30527326464653015	0.010416666977107525	0.014637134969234467	9.999999974752427e-07	0.3760969042778015	9.999999974752427e-07	0.04878048598766327	0.3760969042778015	0.05099133402109146	9.999999974752427e-07	0.008882244117558002	0.30527329444885254	1.622538547962904e-09	1.622538547962904e-09	1.622538547962904e-09	1.622538547962904e-09	0.030414395034313202	0.012048192322254181	0.29318323731422424	0.30527329444885254	9.999999974752427e-07	0.017391303554177284	0.2670987844467163	0.06562843918800354	1.622538547962904e-09	0.010416666977107525	0.30527329444885254	1.622538547962904e-09	1.622538547962904e-09	1.622538547962904e-09	0.30527329444885254	1.622538547962904e-09	0.010526316240429878	0.3760969042778015	9.999999974752427e-07	9.999999974752427e-07	1.622538547962904e-09	0.14387741684913635	0.025641024112701416	0.07431011646986008	0.032608695328235626	9.999999974752427e-07	0.009615384973585606	1.622538547962904e-09	0.014637134969234467	0.07431010156869888	0.010309278033673763	0.04452749714255333	0.009433962404727936	9.999999974752427e-07	1.622538547962904e-09	1.622538547962904e-09	1.622538547962904e-09	1.622538547962904e-09	0.009569531306624413	1.622538547962904e-09	1.622538547962904e-09	1.622538547962904e-09	0.01123595517128706	9.999999974752427e-07	0.20471768081188202	9.999999974752427e-07	0.14387744665145874	0.2047176957130432	0.3052733242511749	0.30527329444885254	0.026084452867507935	0.009569531306624413	1.622538547962904e-09	0.010101010091602802	0.204717755317688	0.010204081423580647	0.010989011265337467	0.30527329444885254	0.14387741684913635	0.06956726312637329	1.622538547962904e-09	0.01463712751865387	9.999999974752427e-07	0.20471777021884918	0.009803921915590763	9.999999974752427e-07	0.02503982186317444	9.999999974752427e-07	9.999999974752427e-07	0.008882243186235428	0.020576931536197662	9.999999974752427e-07	1.622538547962904e-09	1.622538547962904e-09	1.622538547962904e-09	9.999999974752427e-07	1.622538547962904e-09	1.622538547962904e-09	1.622538547962904e-09	9.999999974752427e-07	1.622538547962904e-09	0.3537144362926483	0.026411615312099457	4.2857209336943924e-07	0.20192477107048035	1.622538547962904e-09	0.027027027681469917	-7.275957614183426e-12	0.28152182698249817	1.622538547962904e-09	0.026411622762680054	0.2815217971801758	0.010256588459014893	9.999999974752427e-07	1.622538547962904e-09	0.20192477107048035	9.999999974752427e-07	1.622538547962904e-09	9.999999974752427e-07	1.622538547962904e-09	0.010256589390337467	1.622538547962904e-09	0.20192474126815796	0.20192478597164154	1.622538547962904e-09	1.622538547962904e-09	0.16246558725833893	0.05873368680477142	1.622538547962904e-09	0.02763335034251213	0.20192477107048035	-1.3278622645884752e-08	1.622538547962904e-09	-1.3278622645884752e-08	0.20192483067512512	0.008206691592931747	9.999999974752427e-07	0.2740027904510498	1.622538547962904e-09	9.999999974752427e-07	1.622538547962904e-09	0.057034820318222046	1.622538547962904e-09	0.02641153335571289	0.03179077059030533	1.622538547962904e-09	9.999999974752427e-07	-1.3278622645884752e-08	0.009401541203260422	0.026411592960357666	0.009916093200445175	0.02763335406780243	4.2857209336943924e-07	1.622538547962904e-09	0.013445600867271423	0.008206691592931747	9.999999974752427e-07	0.013458997011184692	1.2857158253609668e-06	-1.3278622645884752e-08	-1.3278622645884752e-08	1.622538547962904e-09	9.999999974752427e-07	1.622538547962904e-09	0.16246557235717773	1.622538547962904e-09	0.05703481286764145	0.1057061031460762	0.2626262605190277	0.20192477107048035	0.01780684106051922	1.2857121873821598e-06	-1.3278622645884752e-08	9.999999974752427e-07	0.08882559835910797	0.009916089475154877	1.622538547962904e-09	0.20192478597164154	0.054044924676418304	0.02763333171606064	-1.3278622645884752e-08	0.009401543065905571	1.622538547962904e-09	0.1057060956954956	-1.3278622645884752e-08	0.017806850373744965	1.622538547962904e-09	1.622538547962904e-09	4.2857209336943924e-07	1.622538547962904e-09	-7.275957614183426e-12	1.622538547962904e-09	9.999999974752427e-07	1.622538547962904e-09	-1.3278622645884752e-08	9.999999974752427e-07	-1.3278622645884752e-08	0.007519088685512543	1.622538547962904e-09	1.622538547962904e-09	2.255546860396862e-10	0.5330701470375061	0.005072489380836487	5.000001692678779e-07	0.3791336119174957	0.015137098729610443	0.04571789503097534	9.999999974752427e-07	0.47317150235176086	1.622538547962904e-09	0.08930285274982452	0.47317150235176086	0.014180606231093407	0.010177051648497581	9.999999974752427e-07	0.283880352973938	-1.3278622645884752e-08	1.622538547962904e-09	0.009429067373275757	-1.3278622645884752e-08	0.007485583424568176	9.999999974752427e-07	0.2687433063983917	0.3461630940437317	0.011049933731555939	0.012431889772415161	0.21618443727493286	0.059898555278778076	-1.3278622645884752e-08	1.622538547962904e-09	0.2838802933692932	0.030927835032343864	0.04472166299819946	-1.3278622645884752e-08	0.39345017075538635	1.622538547962904e-09	-1.3278622645884752e-08	0.39345014095306396	0.011049933731555939	0.010177051648497581	-1.3278622645884752e-08	0.16346153616905212	0.04000958055257797	0.08930287510156631	-1.3278622645884752e-08	0.010416666977107525	-1.3278622645884752e-08	0.014316469430923462	0.036288827657699585	0.08930285274982452	1.622538547962904e-09	0.0478060245513916	5.000001692678779e-07	0.028037382289767265	1.622538547962904e-09	1.622538547962904e-09	-1.3278622645884752e-08	-1.3278622645884752e-08	1.5000005078036338e-06	1.622538547962904e-09	-1.3278622645884752e-08	9.999999974752427e-07	-1.3278622645884752e-08	1.622538547962904e-09	0.21618443727493286	0.015137098729610443	0.171462744474411	0.21618443727493286	0.39345014095306396	0.3461630940437317	0.05255882441997528	0.005072489380836487	9.999999974752427e-07	0.02286946028470993	0.1714627593755722	1.622538547962904e-09	0.01513710618019104	0.37913358211517334	0.1495407670736313	0.06023794412612915	0.014316461980342865	0.02286946028470993	0.008695651777088642	0.1714627593755722	1.622538547962904e-09	0.010177051648497581	0.012431896291673183	1.622538547962904e-09	5.000001692678779e-07	9.999999974752427e-07	0.0066950395703315735	0.007796458899974823	-1.3278622645884752e-08	0.030927835032343864	-1.3278622645884752e-08	0.007485583424568176	-1.3278622645884752e-08	0.02777777798473835	-1.3278622645884752e-08	9.999999974752427e-07	0.008695651777088642	0.3669218420982361	0.04854368790984154	5.000001692678779e-07	0.19233903288841248	1.622538547962904e-09	0.021178677678108215	0.01907866820693016	0.26595741510391235	9.999999974752427e-07	0.0752153992652893	0.2984440326690674	0.01907867193222046	9.999999974752427e-07	0.010416666977107525	0.19233903288841248	0.010324249044060707	0.007624365389347076	1.622538547962904e-09	1.622538547962904e-09	1.622538547962904e-09	9.999999974752427e-07	0.19233901798725128	0.19233904778957367	1.622538547962904e-09	0.026356376707553864	0.16347560286521912	0.04025731980800629	1.622538547962904e-09	1.622538547962904e-09	0.19233901798725128	1.622538547962904e-09	0.015332028269767761	0.0117647061124444	0.24910278618335724	0.01778506115078926	-1.3278622645884752e-08	0.24910277128219604	1.622538547962904e-09	9.999999974752427e-07	1.622538547962904e-09	0.1170303225517273	0.015458554029464722	0.0752154290676117	-1.3278622645884752e-08	0.00909090880304575	-1.3278622645884752e-08	0.009573204442858696	0.02117867022752762	0.0752154216170311	0.018691588193178177	0.015458546578884125	5.000001692678779e-07	0.005539216101169586	1.622538547962904e-09	0.01778506115078926	9.999999974752427e-07	0.02822047472000122	1.5000005078036338e-06	1.622538547962904e-09	9.999999974752427e-07	9.999999974752427e-07	-1.3278622645884752e-08	9.999999974752427e-07	0.16347560286521912	1.622538547962904e-09	0.14051920175552368	0.16347560286521912	0.24910280108451843	0.19233901798725128	0.011078406125307083	0.010101010091602802	0.009573204442858696	0.009177442640066147	0.14051921665668488	0.008695651777088642	1.622538547962904e-09	0.2222222089767456	0.11703035235404968	0.04181492328643799	0.011904762126505375	0.009177440777420998	0.010869565419852734	0.14051920175552368	-1.3278622645884752e-08	0.005539216101169586	0.026356376707553864	1.622538547962904e-09	5.000001692678779e-07	0.009999999776482582	0.01907867006957531	1.622538547962904e-09	0.010324249044060707	9.999999974752427e-07	9.999999974752427e-07	1.622538547962904e-09	9.999999974752427e-07	9.999999974752427e-07	1.622538547962904e-09	9.999999974752427e-07	0.012001216411590576	0.43699371814727783	0.05826278030872345	9.999999974752427e-07	0.2679571807384491	9.999999974752427e-07	0.04900254309177399	1.622538547962904e-09	0.3783048689365387	0.009493403136730194	0.06596280634403229	0.3783048391342163	1.622538547962904e-09	9.999999974752427e-07	0.01123595517128706	0.2679571509361267	-2.4010660126805305e-10	1.622538547962904e-09	-1.3278622645884752e-08	1.622538547962904e-09	1.622538547962904e-09	6.666664376098197e-07	0.2545320391654968	0.2679571509361267	0.010989011265337467	1.3333333299669903e-06	0.20756608247756958	0.04900255426764488	1.622538547962904e-09	0.005720056593418121	0.2679571509361267	1.622538547962904e-09	0.01575428992509842	0.010256931185722351	0.3783048391342163	0.01601792871952057	-2.4010660126805305e-10	0.3783048689365387	0.019911106675863266	9.999999974752427e-07	1.622538547962904e-09	0.1568257212638855	0.013005435466766357	0.11561180651187897	0.01815195381641388	6.666664376098197e-07	0.01815195381641388	0.010526316240429878	0.04900252819061279	0.06741572916507721	0.03269492834806442	0.018725495785474777	0.00909090880304575	-2.4010660126805305e-10	1.622538547962904e-09	0.00917431153357029	0.009686267003417015	0.009686268866062164	0.025567827746272087	9.999999974752427e-07	0.043478261679410934	0.01575428992509842	-2.4010660126805305e-10	0.009493403136730194	0.20756609737873077	9.999999974752427e-07	0.15682576596736908	0.20756609737873077	0.3783048689365387	0.2679571211338043	0.030948013067245483	0.025567827746272087	9.999999974752427e-07	9.999999974752427e-07	0.17497771978378296	0.009708737954497337	0.00909090880304575	0.31832000613212585	0.1568257361650467	0.04121395945549011	0.04972795397043228	0.010204081423580647	0.007700018584728241	0.19181180000305176	9.999999974752427e-07	0.011036910116672516	0.022488445043563843	0.016806723549962044	9.999999974752427e-07	0.009615384973585606	1.622538547962904e-09	1.622538547962904e-09	-2.4010660126805305e-10	1.622538547962904e-09	9.999999974752427e-07	1.622538547962904e-09	0.009803921915590763	1.622538547962904e-09	1.622538547962904e-09	9.999999974752427e-07	9.999999974752427e-07	0.3545213043689728	0.020591117441654205	0.010625112801790237	0.21123084425926208	0.02664199471473694	0.0061219222843647	9.999999974752427e-07	0.3018166422843933	0.006626583635807037	0.02059110999107361	0.3018166720867157	0.01864650845527649	-1.3278622645884752e-08	1.622538547962904e-09	0.1669045239686966	0.015181045979261398	9.999999974752427e-07	1.622538547962904e-09	1.622538547962904e-09	0.010238776914775372	1.622538547962904e-09	0.14026254415512085	0.2112308144569397	-1.3278622645884752e-08	1.622538547962904e-09	0.14026251435279846	0.024768419563770294	1.622538547962904e-09	1.622538547962904e-09	0.2112308144569397	-1.3278622645884752e-08	0.011363636702299118	6.912159733474255e-10	0.23242251574993134	-1.3278622645884752e-08	0.006100691854953766	0.29567739367485046	-1.3278622645884752e-08	-1.3278622645884752e-08	1.622538547962904e-09	0.09294700622558594	1.622538547962904e-09	0.06100180745124817	0.01366463303565979	1.622538547962904e-09	0.007563948631286621	0.011995955370366573	0.0061219483613967896	0.030612245202064514	0.006626583635807037	9.073119144886732e-09	-2.4010660126805305e-10	-1.3278622645884752e-08	-1.3278622645884752e-08	-1.3278622645884752e-08	9.999999974752427e-07	0.027936100959777832	0.010625114664435387	0.027522936463356018	0.007871739566326141	9.999999974752427e-07	1.622538547962904e-09	0.006626583635807037	0.14026251435279846	0.010101010091602802	0.09294699132442474	0.14026251435279846	0.29567742347717285	0.21123076975345612	-1.3278622645884752e-08	0.013964549638330936	0.011995954439043999	0.0061219483613967896	0.10661163181066513	1.622538547962904e-09	0.02664199471473694	0.2191026210784912	0.061001840978860855	1.622538547962904e-09	0.013319892808794975	0.0061219483613967896	1.622538547962904e-09	0.10661161690950394	9.999999974752427e-07	-1.3278622645884752e-08	1.622538547962904e-09	1.622538547962904e-09	-2.4010660126805305e-10	1.622538547962904e-09	9.999999974752427e-07	1.622538547962904e-09	0.015181045979261398	1.622538547962904e-09	6.912159733474255e-10	0.010238775983452797	0.007871739566326141	0.006139293313026428	1.622538547962904e-09	1.622538547962904e-09	1.622538547962904e-09	0.36081427335739136	0.07295435667037964	0.008505983278155327	0.2816368341445923	0.009365733712911606	0.026101619005203247	-1.3278622645884752e-08	0.3097529113292694	8.000001798791345e-07	0.07295435667037964	0.3097529113292694	-1.3278622645884752e-08	2.255546860396862e-10	-5.828042048960924e-09	0.22092559933662415	0.024959877133369446	-1.3278622645884752e-08	1.622538547962904e-09	1.622538547962904e-09	-1.3278622645884752e-08	9.999999974752427e-07	0.21155986189842224	0.22092559933662415	2.255546860396862e-10	0.00917431153357029	0.1840570569038391	0.026101604104042053	1.622538547962904e-09	-5.828042048960924e-09	0.22092559933662415	1.622538547962904e-09	-1.3278622645884752e-08	0.008564604446291924	0.2986621558666229	1.622538547962904e-09	9.999999974752427e-07	0.2986621558666229	2.255546860396862e-10	2.255546860396862e-10	1.622538547962904e-09	0.1273503601551056	-5.828042048960924e-09	0.08163265138864517	0.01516491174697876	0.008196720853447914	9.999999974752427e-07	-2.4010660126805305e-10	0.026101619005203247	0.07547169923782349	1.3999997463542968e-06	0.015599853359162807	0.01042632944881916	0.009330726228654385	0.018172089010477066	1.622538547962904e-09	1.622538547962904e-09	0.024959877133369446	0.028257330879569054	9.999999974752427e-07	0.008460652083158493	-1.3278622645884752e-08	9.999999974752427e-07	8.000001798791345e-07	0.14251525700092316	0.009365729987621307	0.1273503601551056	0.14251527190208435	0.2986621558666229	0.2816368341445923	0.00933072715997696	0.05747126415371895	-2.4010660126805305e-10	9.999999974752427e-07	0.14251521229743958	6.000000212225132e-07	0.009365737438201904	0.29009753465652466	0.1273503601551056	0.04308461770415306	-2.4010660126805305e-10	0.009282229468226433	1.622538547962904e-09	0.14251525700092316	9.999999974752427e-07	2.255546860396862e-10	0.027484744787216187	0.017241379246115685	0.009325018152594566	-5.828042048960924e-09	-1.3278622645884752e-08	0.015599831938743591	0.02495986968278885	-2.4010660126805305e-10	9.999999974752427e-07	-1.3278622645884752e-08	0.008460652083158493	0.011090751737356186	1.622538547962904e-09	1.622538547962904e-09	0.016819393262267113
82	-15547.466796875	-1	9	57	76	75	26	89	10	62	48	0	26	84	41	29	91	66	5	0	11	24	14	68	37	85	21	0	0	50	22	3	66	33	67	21	43	7	69	12	0	65	50	77	73	24	43	79	5	42	1	78	57	69	21	34	56	0	70	42	76	31	43	49	25	4	73	63	36	3	21	1	46	80	82	49	14	33	40	77	33	47	9	66	48	69	78	85	57	13	11	50	56	7	32	19	59	7	0	82	47	0.5437127351760864	0.08644906431436539	0.010285336524248123	0.4145510196685791	0.01283033937215805	0.010498285293579102	0.010526316240429878	0.4251324534416199	9.999999974752427e-07	0.08644905686378479	0.44155386090278625	0.06554712355136871	9.999999974752427e-07	9.999999974752427e-07	0.40957462787628174	9.999999974752427e-07	0.005317956209182739	1.622538547962904e-09	1.622538547962904e-09	9.999999974752427e-07	0.02298850566148758	0.39674437046051025	0.40957462787628174	9.999999974752427e-07	0.03314200043678284	0.2897196114063263	0.07604538649320602	1.622538547962904e-09	9.999999974752427e-07	0.4095746576786041	0.004976406693458557	1.622538547962904e-09	1.622538547962904e-09	0.4145510792732239	0.03333333507180214	-1.3278622645884752e-08	0.4251324236392975	9.999999974752427e-07	9.999999974752427e-07	1.622538547962904e-09	0.22580645978450775	0.012048192322254181	0.1361638456583023	-1.3278622645884752e-08	9.999999974752427e-07	-1.3278622645884752e-08	1.622538547962904e-09	0.01049828715622425	0.1361638605594635	0.030567780137062073	0.02411612868309021	1.622538547962904e-09	0.008196720853447914	0.010869565419852734	9.999999974752427e-07	0.010526316240429878	0.026113241910934448	0.019338728860020638	-2.4010660126805305e-10	-1.3278622645884752e-08	1.622538547962904e-09	-1.3278622645884752e-08	0.030567795038223267	0.27059194445610046	9.999999974752427e-07	0.26527392864227295	0.2705919146537781	0.4251324236392975	0.4095746576786041	0.030927833169698715	0.05588129162788391	1.622538547962904e-09	0.010498285293579102	0.2652738690376282	-1.3278622645884752e-08	0.012830335646867752	0.4145510792732239	0.22250455617904663	0.08634074777364731	1.622538547962904e-09	0.01049828715622425	1.622538547962904e-09	0.26527392864227295	0.036036036908626556	0.009900989942252636	0.062224678695201874	0.029082641005516052	0.009053405374288559	9.999999974752427e-07	0.012195121496915817	9.999999974752427e-07	0.008547008968889713	-1.3278622645884752e-08	1.622538547962904e-09	9.999999974752427e-07	-1.3278622645884752e-08	-1.3278622645884752e-08	1.622538547962904e-09	-1.3278622645884752e-08	1.622538547962904e-09	0.42310065031051636	0.04496558755636215	0.010405869223177433	0.2722354531288147	0.010044899769127369	0.021052632480859756	9.999999974752427e-07	0.31625205278396606	0.018691588193178177	0.05226296931505203	0.31625205278396606	0.01785714365541935	0.010989011265337467	1.622538547962904e-09	0.2722354531288147	9.999999974752427e-07	1.622538547962904e-09	0.019417475908994675	1.622538547962904e-09	9.999999974752427e-07	6.666664376098197e-07	0.2291666716337204	0.2722354531288147	9.999999974752427e-07	1.3333333299669903e-06	0.1819043755531311	0.09699181467294693	1.622538547962904e-09	0.0078512541949749	0.2722354531288147	1.622538547962904e-09	1.622538547962904e-09	0.010638297535479069	0.31625205278396606	9.999999974752427e-07	-7.275957614183426e-12	0.31625205278396606	0.010526316240429878	0.009009009227156639	1.622538547962904e-09	0.10256187617778778	1.622538547962904e-09	0.0606570690870285	0.008510754443705082	6.666664376098197e-07	-7.275957614183426e-12	9.999999974752427e-07	1.3999997463542968e-06	0.05226297304034233	0.034559715539216995	0.022432174533605576	2.255546860396862e-10	9.999999974752427e-07	9.999999974752427e-07	9.999999974752427e-07	0.008264463394880295	0.009856685996055603	0.010405868291854858	0.008394084870815277	1.622538547962904e-09	1.622538547962904e-09	0.008510754443705082	0.034559715539216995	0.18190433084964752	0.010044899769127369	0.11764705926179886	0.18190433084964752	0.31625205278396606	0.2722354531288147	0.042105261236429214	0.010405870154500008	9.999999974752427e-07	8.000001798791345e-07	0.18190428614616394	1.622538547962904e-09	0.010044898837804794	0.2722354531288147	0.10256189107894897	0.04190482199192047	9.999999974752427e-07	8.000001798791345e-07	0.00729738175868988	0.1819043606519699	1.622538547962904e-09	0.016949152573943138	0.01947261206805706	9.999999974752427e-07	2.255546860396862e-10	1.622538547962904e-09	0.011627906933426857	0.014580924063920975	9.999999974752427e-07	1.622538547962904e-09	9.999999974752427e-07	9.999999974752427e-07	1.622538547962904e-09	1.622538547962904e-09	1.622538547962904e-09	-1.3278622645884752e-08	6.000000212225132e-07	0.4494662880897522	0.08000115305185318	9.999999974752427e-07	0.3330483138561249	-1.3278622645884752e-08	0.03483249247074127	9.999999974752427e-07	0.386263370513916	0.009220771491527557	0.08756303787231445	0.38626334071159363	0.013322077691555023	-1.3278622645884752e-08	9.999999974752427e-07	0.2947915494441986	9.999999974752427e-07	0.029411764815449715	9.999999974752427e-07	-1.3278622645884752e-08	0.008118398487567902	0.010526316240429878	0.2947915494441986	0.2947915196418762	-1.3278622645884752e-08	0.01075268816202879	0.2947915196418762	0.04815460741519928	-1.3278622645884752e-08	0.02777777798473835	0.2947915494441986	0.019186578691005707	9.999999974752427e-07	0.008000463247299194	0.38626325130462646	-1.3278622645884752e-08	1.622538547962904e-09	0.38626331090927124	-1.3278622645884752e-08	-1.3278622645884752e-08	-1.3278622645884752e-08	0.1528805047273636	9.999999974752427e-07	0.08756301552057266	0.009048528037965298	9.999999974752427e-07	1.622538547962904e-09	0.009130984544754028	0.02860131859779358	0.08756303787231445	0.009220770560204983	0.04123711213469505	9.999999974752427e-07	-1.3278622645884752e-08	-1.3278622645884752e-08	-1.3278622645884752e-08	0.008003763854503632	0.015048369765281677	0.029999999329447746	1.622538547962904e-09	0.00909090880304575	9.999999974752427e-07	0.009048528969287872	0.009220771491527557	0.2947915196418762	-1.3278622645884752e-08	0.15288051962852478	0.2499999850988388	0.38626334071159363	0.31386175751686096	-1.3278622645884752e-08	0.032608695328235626	0.009130991995334625	9.999999974752427e-07	0.16192904114723206	-2.4010660126805305e-10	-1.3278622645884752e-08	0.36913180351257324	0.1528804898262024	0.06531748175621033	0.009130977094173431	0.028601333498954773	0.00756189227104187	0.16814157366752625	1.622538547962904e-09	-1.3278622645884752e-08	0.021052632480859756	0.009900989942252636	0.027272727340459824	9.999999974752427e-07	0.005203664302825928	0.008620689623057842	0.007044591009616852	-1.3278622645884752e-08	0.008000463247299194	0.008118398487567902	9.999999974752427e-07	-1.3278622645884752e-08	-1.3278622645884752e-08	9.999999974752427e-07	1.622538547962904e-09	0.4417252838611603	0.024390242993831635	9.999999974752427e-07	0.30527329444885254	0.010416666977107525	0.014637120068073273	9.999999974752427e-07	0.3760969042778015	9.999999974752427e-07	0.04878048598766327	0.3760969340801239	0.05099131911993027	9.999999974752427e-07	0.008882244117558002	0.30527329444885254	1.622538547962904e-09	1.622538547962904e-09	1.622538547962904e-09	1.622538547962904e-09	0.030414380133152008	0.012048192322254181	0.29318323731422424	0.30527329444885254	9.999999974752427e-07	0.017391303554177284	0.2670987844467163	0.06562843173742294	1.622538547962904e-09	0.010416666977107525	0.30527329444885254	1.622538547962904e-09	1.622538547962904e-09	1.622538547962904e-09	0.30527329444885254	1.622538547962904e-09	0.010526316240429878	0.3760969042778015	9.999999974752427e-07	9.999999974752427e-07	1.622538547962904e-09	0.14387741684913635	0.025641024112701416	0.07431011646986008	0.032608695328235626	9.999999974752427e-07	0.009615384973585606	1.622538547962904e-09	0.01463712751865387	0.07431010156869888	0.010309278033673763	0.04452749714255333	0.009433962404727936	9.999999974752427e-07	1.622538547962904e-09	1.622538547962904e-09	1.622538547962904e-09	1.622538547962904e-09	0.009569531306624413	1.622538547962904e-09	1.622538547962904e-09	1.622538547962904e-09	0.01123595517128706	9.999999974752427e-07	0.2047177404165268	9.999999974752427e-07	0.14387744665145874	0.2047177255153656	0.30527329444885254	0.30527329444885254	0.026084452867507935	0.009569531306624413	1.622538547962904e-09	0.010101010091602802	0.2047176957130432	0.010204081423580647	0.010989011265337467	0.30527329444885254	0.14387741684913635	0.06956726312637329	1.622538547962904e-09	0.01463712751865387	9.999999974752427e-07	0.204717755317688	0.009803921915590763	9.999999974752427e-07	0.02503982186317444	9.999999974752427e-07	9.999999974752427e-07	0.008882243186235428	0.020576931536197662	9.999999974752427e-07	1.622538547962904e-09	1.622538547962904e-09	1.622538547962904e-09	9.999999974752427e-07	1.622538547962904e-09	1.622538547962904e-09	1.622538547962904e-09	-1.3278622645884752e-08	1.622538547962904e-09	0.3537144362926483	0.026411600410938263	4.2857209336943924e-07	0.20192477107048035	1.622538547962904e-09	0.027027027681469917	-7.275957614183426e-12	0.28152182698249817	1.622538547962904e-09	0.026411622762680054	0.2815217971801758	0.010256588459014893	9.999999974752427e-07	1.622538547962904e-09	0.20192477107048035	9.999999974752427e-07	1.622538547962904e-09	9.999999974752427e-07	1.622538547962904e-09	0.010256589390337467	1.622538547962904e-09	0.20192474126815796	0.20192478597164154	1.622538547962904e-09	1.622538547962904e-09	0.16246558725833893	0.05873368680477142	1.622538547962904e-09	0.027633339166641235	0.20192477107048035	-1.3278622645884752e-08	1.622538547962904e-09	-1.3278622645884752e-08	0.20192483067512512	0.008206691592931747	9.999999974752427e-07	0.2740027904510498	1.622538547962904e-09	9.999999974752427e-07	1.622538547962904e-09	0.05703481286764145	1.622538547962904e-09	0.02641153335571289	0.03179077059030533	1.622538547962904e-09	9.999999974752427e-07	-1.3278622645884752e-08	0.009401541203260422	0.026411622762680054	0.009916093200445175	0.027633339166641235	4.2857209336943924e-07	1.622538547962904e-09	0.013445600867271423	0.008206691592931747	9.999999974752427e-07	0.013458997011184692	1.2857158253609668e-06	-1.3278622645884752e-08	-1.3278622645884752e-08	1.622538547962904e-09	9.999999974752427e-07	1.622538547962904e-09	0.16246557235717773	1.622538547962904e-09	0.05703481659293175	0.10570608824491501	0.2626262605190277	0.20192477107048035	0.01780684106051922	1.2857121873821598e-06	-1.3278622645884752e-08	9.999999974752427e-07	0.08882559835910797	0.009916089475154877	1.622538547962904e-09	0.20192478597164154	0.05404491350054741	0.027633339166641235	-1.3278622645884752e-08	0.009401543065905571	1.622538547962904e-09	0.1057060956954956	-1.3278622645884752e-08	0.017806850373744965	1.622538547962904e-09	1.622538547962904e-09	4.2857209336943924e-07	1.622538547962904e-09	-7.275957614183426e-12	1.622538547962904e-09	9.999999974752427e-07	1.622538547962904e-09	-1.3278622645884752e-08	9.999999974752427e-07	-1.3278622645884752e-08	0.007519088685512543	1.622538547962904e-09	9.999999974752427e-07	2.255546860396862e-10	0.5330701470375061	0.005072489380836487	5.000001692678779e-07	0.3791336417198181	0.015137098729610443	0.04571791738271713	9.999999974752427e-07	0.47317150235176086	1.622538547962904e-09	0.08930285274982452	0.47317150235176086	0.014180630445480347	0.010177051648497581	9.999999974752427e-07	0.2838802933692932	-1.3278622645884752e-08	1.622538547962904e-09	0.009429076686501503	-1.3278622645884752e-08	0.007485575973987579	9.999999974752427e-07	0.26874327659606934	0.3461630642414093	0.011049933731555939	0.012431889772415161	0.21618443727493286	0.05989854037761688	-1.3278622645884752e-08	1.622538547962904e-09	0.2838802933692932	0.030927835032343864	0.04472167044878006	-1.3278622645884752e-08	0.39345014095306396	1.622538547962904e-09	-1.3278622645884752e-08	0.3934501111507416	0.011049933731555939	0.010177051648497581	-1.3278622645884752e-08	0.16346153616905212	0.04000958055257797	0.08930287510156631	-1.3278622645884752e-08	0.010416666977107525	-1.3278622645884752e-08	0.014316514134407043	0.03628883510828018	0.08930285274982452	1.622538547962904e-09	0.0478060245513916	5.000001692678779e-07	0.028037382289767265	1.622538547962904e-09	1.622538547962904e-09	-1.3278622645884752e-08	-1.3278622645884752e-08	1.5000005078036338e-06	1.622538547962904e-09	-1.3278622645884752e-08	9.999999974752427e-07	-1.3278622645884752e-08	1.622538547962904e-09	0.21618445217609406	0.015137098729610443	0.1714627742767334	0.21618440747261047	0.3934501111507416	0.3461630642414093	0.05255885422229767	0.005072489380836487	9.999999974752427e-07	0.02286946028470993	0.1714627891778946	1.622538547962904e-09	0.015137091279029846	0.3791336119174957	0.1495407670736313	0.06023794412612915	0.014316491782665253	0.02286946028470993	0.008695651777088642	0.17146271467208862	1.622538547962904e-09	0.010177051648497581	0.012431896291673183	1.622538547962904e-09	5.000001692678779e-07	9.999999974752427e-07	0.0066950321197509766	0.007796458899974823	-1.3278622645884752e-08	0.030927835032343864	-1.3278622645884752e-08	0.007485579699277878	-1.3278622645884752e-08	0.02777777798473835	-1.3278622645884752e-08	1.622538547962904e-09	0.008695651777088642	0.36692187190055847	0.04854368790984154	5.000001692678779e-07	0.19233901798725128	1.622538547962904e-09	0.02117866277694702	0.019078679382801056	0.26595744490623474	9.999999974752427e-07	0.0752153992652893	0.29844412207603455	0.01907867193222046	9.999999974752427e-07	0.010416666977107525	0.19233906269073486	0.010324249044060707	0.00762438029050827	1.622538547962904e-09	1.622538547962904e-09	1.622538547962904e-09	9.999999974752427e-07	0.19233904778957367	0.19233906269073486	1.622538547962904e-09	0.026356376707553864	0.1634756326675415	0.04025733470916748	1.622538547962904e-09	1.622538547962904e-09	0.19233906269073486	1.622538547962904e-09	0.015332043170928955	0.0117647061124444	0.24910280108451843	0.017785079777240753	-1.3278622645884752e-08	0.24910281598567963	1.622538547962904e-09	9.999999974752427e-07	1.622538547962904e-09	0.1170303225517273	0.015458554029464722	0.0752154290676117	-1.3278622645884752e-08	0.00909090880304575	-1.3278622645884752e-08	0.009573204442858696	0.02117866650223732	0.0752154216170311	0.018691588193178177	0.015458546578884125	5.000001692678779e-07	0.005539223551750183	1.622538547962904e-09	0.017785077914595604	9.999999974752427e-07	0.02822050452232361	1.5000005078036338e-06	1.622538547962904e-09	9.999999974752427e-07	9.999999974752427e-07	-1.3278622645884752e-08	9.999999974752427e-07	0.16347558796405792	1.622538547962904e-09	0.14051923155784607	0.16347560286521912	0.24910278618335724	0.19233901798725128	0.011078432202339172	0.010101010091602802	0.009573204442858696	0.009177446365356445	0.14051920175552368	0.008695651777088642	1.622538547962904e-09	0.2222222238779068	0.11703035235404968	0.04181492328643799	0.011904762126505375	0.009177444502711296	0.010869565419852734	0.14051920175552368	-1.3278622645884752e-08	0.005539223551750183	0.026356376707553864	1.622538547962904e-09	5.000001692678779e-07	0.009999999776482582	0.019078681245446205	1.622538547962904e-09	0.010324249044060707	9.999999974752427e-07	9.999999974752427e-07	1.622538547962904e-09	9.999999974752427e-07	9.999999974752427e-07	1.622538547962904e-09	1.622538547962904e-09	0.012001223862171173	0.43699371814727783	0.05826278030872345	9.999999974752427e-07	0.2679571807384491	9.999999974752427e-07	0.04900254309177399	1.622538547962904e-09	0.3783048689365387	0.009493403136730194	0.06596280634403229	0.3783048391342163	1.622538547962904e-09	9.999999974752427e-07	0.01123595517128706	0.2679571509361267	-2.4010660126805305e-10	1.622538547962904e-09	-1.3278622645884752e-08	1.622538547962904e-09	1.622538547962904e-09	6.666664376098197e-07	0.2545320391654968	0.2679571509361267	0.010989011265337467	1.3333333299669903e-06	0.20756608247756958	0.04900255426764488	1.622538547962904e-09	0.005720056593418121	0.2679571509361267	1.622538547962904e-09	0.01575428992509842	0.010256931185722351	0.3783048391342163	0.01601792871952057	-2.4010660126805305e-10	0.3783048689365387	0.019911106675863266	9.999999974752427e-07	1.622538547962904e-09	0.1568257212638855	0.013005435466766357	0.11561180651187897	0.01815195381641388	6.666664376098197e-07	0.01815195381641388	0.010526316240429878	0.04900252819061279	0.06741572916507721	0.03269492834806442	0.018725495785474777	0.00909090880304575	-2.4010660126805305e-10	1.622538547962904e-09	0.00917431153357029	0.009686267003417015	0.009686268866062164	0.025567827746272087	9.999999974752427e-07	0.043478261679410934	0.01575428992509842	-2.4010660126805305e-10	0.009493403136730194	0.20756609737873077	9.999999974752427e-07	0.15682576596736908	0.20756609737873077	0.3783048689365387	0.2679571211338043	0.030948013067245483	0.025567827746272087	9.999999974752427e-07	9.999999974752427e-07	0.17497771978378296	0.009708737954497337	0.00909090880304575	0.31832000613212585	0.1568257361650467	0.04121395945549011	0.04972795397043228	0.010204081423580647	0.007700018584728241	0.19181180000305176	9.999999974752427e-07	0.011036910116672516	0.022488445043563843	0.016806723549962044	9.999999974752427e-07	0.009615384973585606	1.622538547962904e-09	1.622538547962904e-09	-2.4010660126805305e-10	1.622538547962904e-09	9.999999974752427e-07	1.622538547962904e-09	0.009803921915590763	1.622538547962904e-09	1.622538547962904e-09	9.999999974752427e-07	9.999999974752427e-07	0.3545213043689728	0.02059110254049301	0.010625112801790237	0.21123084425926208	0.02664199471473694	0.0061219222843647	9.999999974752427e-07	0.3018166422843933	0.006626579910516739	0.02059112675487995	0.3018166720867157	0.01864650845527649	-1.3278622645884752e-08	1.622538547962904e-09	0.1669045239686966	0.015181045979261398	9.999999974752427e-07	1.622538547962904e-09	1.622538547962904e-09	0.010238776914775372	1.622538547962904e-09	0.14026254415512085	0.2112308144569397	-1.3278622645884752e-08	1.622538547962904e-09	0.14026251435279846	0.024768419563770294	1.622538547962904e-09	1.622538547962904e-09	0.2112308144569397	-1.3278622645884752e-08	0.011363636702299118	6.912159733474255e-10	0.23242251574993134	-1.3278622645884752e-08	0.006100684404373169	0.29567739367485046	-1.3278622645884752e-08	-1.3278622645884752e-08	1.622538547962904e-09	0.09294697642326355	1.622538547962904e-09	0.06100180745124817	0.01366463303565979	1.622538547962904e-09	0.007563948631286621	0.011995955370366573	0.0061219483613967896	0.030612245202064514	0.00662657618522644	9.073119144886732e-09	-2.4010660126805305e-10	-1.3278622645884752e-08	-1.3278622645884752e-08	-1.3278622645884752e-08	9.999999974752427e-07	0.027936100959777832	0.010625114664435387	0.027522936463356018	0.007871739566326141	9.999999974752427e-07	1.622538547962904e-09	0.006626579910516739	0.14026251435279846	0.010101010091602802	0.09294699132442474	0.14026251435279846	0.29567742347717285	0.21123076975345612	-1.3278622645884752e-08	0.013964534737169743	0.011995954439043999	0.0061219483613967896	0.10661163181066513	1.622538547962904e-09	0.02664199471473694	0.2191026210784912	0.061001840978860855	1.622538547962904e-09	0.013319892808794975	0.0061219483613967896	1.622538547962904e-09	0.10661163926124573	9.999999974752427e-07	-1.3278622645884752e-08	1.622538547962904e-09	1.622538547962904e-09	-2.4010660126805305e-10	1.622538547962904e-09	9.999999974752427e-07	1.622538547962904e-09	0.015181045979261398	1.622538547962904e-09	6.912159733474255e-10	0.010238775983452797	0.007871739566326141	0.006139293313026428	1.622538547962904e-09	1.622538547962904e-09	1.622538547962904e-09	0.3608143925666809	0.07295437157154083	0.008505983278155327	0.2816368341445923	0.009365733712911606	0.02610158920288086	-1.3278622645884752e-08	0.309752881526947	8.000001798791345e-07	0.07295437157154083	0.309752881526947	-1.3278622645884752e-08	2.255546860396862e-10	-5.828042048960924e-09	0.22092559933662415	0.024959832429885864	-1.3278622645884752e-08	1.622538547962904e-09	1.622538547962904e-09	-1.3278622645884752e-08	9.999999974752427e-07	0.21155987679958344	0.22092559933662415	2.255546860396862e-10	0.00917431153357029	0.1840570569038391	0.02610158920288086	1.622538547962904e-09	-5.828042048960924e-09	0.22092559933662415	1.622538547962904e-09	-1.3278622645884752e-08	0.008564591407775879	0.29866212606430054	1.622538547962904e-09	9.999999974752427e-07	0.2986621558666229	2.255546860396862e-10	2.255546860396862e-10	1.622538547962904e-09	0.1273503601551056	-5.828042048960924e-09	0.08163265138864517	0.015164867043495178	0.008196720853447914	9.999999974752427e-07	-2.4010660126805305e-10	0.02610158920288086	0.07547169923782349	1.3999997463542968e-06	0.015599853359162807	0.01042632944881916	0.009330732747912407	0.01817210018634796	1.622538547962904e-09	1.622538547962904e-09	0.024959832429885864	0.028257330879569054	9.999999974752427e-07	0.008460640907287598	-1.3278622645884752e-08	9.999999974752427e-07	8.000001798791345e-07	0.14251524209976196	0.009365737438201904	0.1273503601551056	0.14251525700092316	0.29866212606430054	0.2816368341445923	0.009330734610557556	0.05747126415371895	-2.4010660126805305e-10	9.999999974752427e-07	0.14251521229743958	6.000000212225132e-07	0.009365729987621307	0.29009753465652466	0.1273503601551056	0.04308461770415306	-2.4010660126805305e-10	0.00928221084177494	1.622538547962904e-09	0.14251530170440674	9.999999974752427e-07	2.255546860396862e-10	0.027484744787216187	0.017241379246115685	0.009325018152594566	-5.828042048960924e-09	-1.3278622645884752e-08	0.015599831938743591	0.024959824979305267	-2.4010660126805305e-10	9.999999974752427e-07	-1.3278622645884752e-08	0.0084606371819973	0.011090731248259544	1.622538547962904e-09	-1.3278622645884752e-08	0.01681937463581562
83	-15547.466796875	-1	9	57	76	75	26	89	10	62	48	0	26	84	41	29	91	66	5	0	11	24	14	68	37	85	21	0	0	50	22	3	66	33	67	21	43	7	69	12	0	65	50	77	73	24	43	79	5	42	1	78	57	69	21	34	56	0	70	42	76	31	43	49	25	4	73	63	36	3	21	1	46	80	82	49	14	33	40	77	33	47	9	66	48	69	78	85	57	13	11	50	56	7	32	19	59	7	0	83	47	0.5437127947807312	0.08644906431436539	0.010285336524248123	0.4145510792732239	0.012830331921577454	0.010498285293579102	0.010526316240429878	0.4251323938369751	9.999999974752427e-07	0.08644905686378479	0.44155386090278625	0.06554710865020752	9.999999974752427e-07	9.999999974752427e-07	0.4095746874809265	9.999999974752427e-07	0.005317971110343933	1.622538547962904e-09	1.622538547962904e-09	9.999999974752427e-07	0.02298850566148758	0.39674437046051025	0.4095746576786041	9.999999974752427e-07	0.03314200043678284	0.2897196114063263	0.07604538649320602	1.622538547962904e-09	9.999999974752427e-07	0.4095746576786041	0.0049764662981033325	1.622538547962904e-09	1.622538547962904e-09	0.4145510196685791	0.03333333507180214	-1.3278622645884752e-08	0.42513248324394226	9.999999974752427e-07	9.999999974752427e-07	1.622538547962904e-09	0.22580645978450775	0.012048192322254181	0.1361638456583023	-1.3278622645884752e-08	9.999999974752427e-07	-1.3278622645884752e-08	1.622538547962904e-09	0.010498279705643654	0.1361638605594635	0.030567780137062073	0.02411612868309021	1.622538547962904e-09	0.008196720853447914	0.010869565419852734	9.999999974752427e-07	0.010526316240429878	0.026113219559192657	0.019338728860020638	-2.4010660126805305e-10	-1.3278622645884752e-08	1.622538547962904e-09	-1.3278622645884752e-08	0.030567795038223267	0.2705919146537781	9.999999974752427e-07	0.26527389883995056	0.2705919146537781	0.4251324534416199	0.40957462787628174	0.030927833169698715	0.05588129162788391	1.622538547962904e-09	0.010498277842998505	0.2652738690376282	-1.3278622645884752e-08	0.012830331921577454	0.4145510792732239	0.22250455617904663	0.08634074777364731	1.622538547962904e-09	0.010498279705643654	1.622538547962904e-09	0.26527389883995056	0.036036036908626556	0.009900989942252636	0.062224678695201874	0.029082641005516052	0.009053405374288559	9.999999974752427e-07	0.012195121496915817	9.999999974752427e-07	0.008547008968889713	-1.3278622645884752e-08	1.622538547962904e-09	9.999999974752427e-07	-1.3278622645884752e-08	-1.3278622645884752e-08	1.622538547962904e-09	9.999999974752427e-07	1.622538547962904e-09	0.4231007397174835	0.04496558755636215	0.010405868291854858	0.2722354531288147	0.010044899769127369	0.021052632480859756	9.999999974752427e-07	0.31625208258628845	0.018691588193178177	0.05226296931505203	0.31625211238861084	0.01785714365541935	0.010989011265337467	1.622538547962904e-09	0.2722354531288147	9.999999974752427e-07	1.622538547962904e-09	0.019417475908994675	1.622538547962904e-09	9.999999974752427e-07	6.666664376098197e-07	0.2291666716337204	0.2722354531288147	9.999999974752427e-07	1.3333333299669903e-06	0.1819043606519699	0.09699182957410812	1.622538547962904e-09	0.007851261645555496	0.2722354531288147	1.622538547962904e-09	1.622538547962904e-09	0.010638297535479069	0.31625205278396606	9.999999974752427e-07	-7.275957614183426e-12	0.31625205278396606	0.010526316240429878	0.009009009227156639	1.622538547962904e-09	0.10256187617778778	1.622538547962904e-09	0.06065705418586731	0.008510754443705082	6.666664376098197e-07	-7.275957614183426e-12	9.999999974752427e-07	1.3999997463542968e-06	0.05226297304034233	0.034559715539216995	0.022432181984186172	2.255546860396862e-10	9.999999974752427e-07	9.999999974752427e-07	9.999999974752427e-07	0.008264463394880295	0.009856700897216797	0.010405868291854858	0.008394084870815277	1.622538547962904e-09	1.622538547962904e-09	0.008510754443705082	0.034559715539216995	0.18190431594848633	0.010044899769127369	0.11764705181121826	0.18190434575080872	0.31625205278396606	0.2722354531288147	0.042105261236429214	0.010405868291854858	9.999999974752427e-07	8.000001798791345e-07	0.18190434575080872	1.622538547962904e-09	0.010044898837804794	0.2722354531288147	0.10256188362836838	0.041904836893081665	9.999999974752427e-07	8.000001798791345e-07	0.007297389209270477	0.18190434575080872	1.622538547962904e-09	0.016949152573943138	0.019472626969218254	9.999999974752427e-07	2.255546860396862e-10	1.622538547962904e-09	0.011627906933426857	0.014580931514501572	9.999999974752427e-07	1.622538547962904e-09	9.999999974752427e-07	9.999999974752427e-07	1.622538547962904e-09	1.622538547962904e-09	1.622538547962904e-09	1.622538547962904e-09	6.000000212225132e-07	0.449466347694397	0.08000115305185318	9.999999974752427e-07	0.33304834365844727	-1.3278622645884752e-08	0.03483249247074127	9.999999974752427e-07	0.3862634003162384	0.009220771491527557	0.08756303787231445	0.386263370513916	0.013322077691555023	-1.3278622645884752e-08	9.999999974752427e-07	0.294791579246521	9.999999974752427e-07	0.029411764815449715	9.999999974752427e-07	-1.3278622645884752e-08	0.008118398487567902	0.010526316240429878	0.294791579246521	0.2947915494441986	-1.3278622645884752e-08	0.01075268816202879	0.2947915494441986	0.04815460741519928	-1.3278622645884752e-08	0.02777777798473835	0.294791579246521	0.019186578691005707	9.999999974752427e-07	0.008000463247299194	0.38626328110694885	-1.3278622645884752e-08	1.622538547962904e-09	0.38626334071159363	-1.3278622645884752e-08	-1.3278622645884752e-08	-1.3278622645884752e-08	0.1528804898262024	9.999999974752427e-07	0.08756303042173386	0.009048535488545895	9.999999974752427e-07	1.622538547962904e-09	0.009130984544754028	0.02860131859779358	0.08756303787231445	0.009220770560204983	0.04123711213469505	9.999999974752427e-07	-1.3278622645884752e-08	-1.3278622645884752e-08	-1.3278622645884752e-08	0.008003763854503632	0.015048369765281677	0.029999999329447746	1.622538547962904e-09	0.00909090880304575	9.999999974752427e-07	0.00904853641986847	0.009220771491527557	0.2947915494441986	-1.3278622645884752e-08	0.15288051962852478	0.25	0.386263370513916	0.31386178731918335	-1.3278622645884752e-08	0.032608695328235626	0.009130991995334625	9.999999974752427e-07	0.16192905604839325	-2.4010660126805305e-10	-1.3278622645884752e-08	0.36913183331489563	0.15288051962852478	0.06531751155853271	0.009130977094173431	0.028601333498954773	0.00756189227104187	0.16814158856868744	1.622538547962904e-09	-1.3278622645884752e-08	0.021052632480859756	0.009900989942252636	0.027272727340459824	9.999999974752427e-07	0.005203664302825928	0.008620689623057842	0.007044591009616852	-1.3278622645884752e-08	0.008000463247299194	0.008118398487567902	9.999999974752427e-07	-1.3278622645884752e-08	-1.3278622645884752e-08	1.622538547962904e-09	1.622538547962904e-09	0.4417252242565155	0.024390242993831635	9.999999974752427e-07	0.30527326464653015	0.010416666977107525	0.014637134969234467	9.999999974752427e-07	0.3760969042778015	9.999999974752427e-07	0.04878048598766327	0.3760969042778015	0.05099133402109146	9.999999974752427e-07	0.008882244117558002	0.30527329444885254	1.622538547962904e-09	1.622538547962904e-09	1.622538547962904e-09	1.622538547962904e-09	0.030414395034313202	0.012048192322254181	0.29318323731422424	0.30527329444885254	9.999999974752427e-07	0.017391303554177284	0.2670987844467163	0.06562843918800354	1.622538547962904e-09	0.010416666977107525	0.30527329444885254	1.622538547962904e-09	1.622538547962904e-09	1.622538547962904e-09	0.30527329444885254	1.622538547962904e-09	0.010526316240429878	0.3760969042778015	9.999999974752427e-07	9.999999974752427e-07	1.622538547962904e-09	0.14387741684913635	0.025641024112701416	0.07431011646986008	0.032608695328235626	9.999999974752427e-07	0.009615384973585606	1.622538547962904e-09	0.014637134969234467	0.07431010156869888	0.010309278033673763	0.04452749714255333	0.009433962404727936	9.999999974752427e-07	1.622538547962904e-09	1.622538547962904e-09	1.622538547962904e-09	1.622538547962904e-09	0.009569531306624413	1.622538547962904e-09	1.622538547962904e-09	1.622538547962904e-09	0.01123595517128706	9.999999974752427e-07	0.20471768081188202	9.999999974752427e-07	0.14387744665145874	0.2047176957130432	0.3052733242511749	0.30527329444885254	0.026084452867507935	0.009569531306624413	1.622538547962904e-09	0.010101010091602802	0.204717755317688	0.010204081423580647	0.010989011265337467	0.30527329444885254	0.14387741684913635	0.06956726312637329	1.622538547962904e-09	0.01463712751865387	9.999999974752427e-07	0.20471777021884918	0.009803921915590763	9.999999974752427e-07	0.02503982186317444	9.999999974752427e-07	9.999999974752427e-07	0.008882243186235428	0.020576931536197662	9.999999974752427e-07	1.622538547962904e-09	1.622538547962904e-09	1.622538547962904e-09	9.999999974752427e-07	1.622538547962904e-09	1.622538547962904e-09	1.622538547962904e-09	9.999999974752427e-07	1.622538547962904e-09	0.3537144362926483	0.026411600410938263	4.2857209336943924e-07	0.20192477107048035	1.622538547962904e-09	0.027027027681469917	-7.275957614183426e-12	0.28152182698249817	1.622538547962904e-09	0.026411592960357666	0.2815217971801758	0.010256588459014893	9.999999974752427e-07	1.622538547962904e-09	0.20192477107048035	9.999999974752427e-07	1.622538547962904e-09	9.999999974752427e-07	1.622538547962904e-09	0.010256589390337467	1.622538547962904e-09	0.20192474126815796	0.20192478597164154	1.622538547962904e-09	1.622538547962904e-09	0.16246558725833893	0.05873368680477142	1.622538547962904e-09	0.027633346617221832	0.20192477107048035	-1.3278622645884752e-08	1.622538547962904e-09	-1.3278622645884752e-08	0.20192483067512512	0.008206691592931747	9.999999974752427e-07	0.2740027904510498	1.622538547962904e-09	9.999999974752427e-07	1.622538547962904e-09	0.057034820318222046	1.622538547962904e-09	0.02641156315803528	0.03179077059030533	1.622538547962904e-09	9.999999974752427e-07	-1.3278622645884752e-08	0.009401541203260422	0.026411592960357666	0.009916093200445175	0.02763335406780243	4.2857209336943924e-07	1.622538547962904e-09	0.013445600867271423	0.008206691592931747	9.999999974752427e-07	0.013458997011184692	1.2857158253609668e-06	-1.3278622645884752e-08	-1.3278622645884752e-08	1.622538547962904e-09	9.999999974752427e-07	1.622538547962904e-09	0.16246557235717773	1.622538547962904e-09	0.05703481286764145	0.1057061031460762	0.2626262605190277	0.20192477107048035	0.01780684106051922	1.2857121873821598e-06	-1.3278622645884752e-08	9.999999974752427e-07	0.08882559835910797	0.009916089475154877	1.622538547962904e-09	0.20192478597164154	0.054044924676418304	0.027633339166641235	-1.3278622645884752e-08	0.009401543065905571	1.622538547962904e-09	0.1057060956954956	-1.3278622645884752e-08	0.017806850373744965	1.622538547962904e-09	1.622538547962904e-09	4.2857209336943924e-07	1.622538547962904e-09	-7.275957614183426e-12	1.622538547962904e-09	9.999999974752427e-07	1.622538547962904e-09	-1.3278622645884752e-08	9.999999974752427e-07	-1.3278622645884752e-08	0.007519088685512543	1.622538547962904e-09	-1.3278622645884752e-08	2.255546860396862e-10	0.5330700874328613	0.005072489380836487	5.000001692678779e-07	0.3791336119174957	0.015137091279029846	0.04571787267923355	9.999999974752427e-07	0.4731714725494385	1.622538547962904e-09	0.08930288255214691	0.4731714725494385	0.014180600643157959	0.010177051648497581	9.999999974752427e-07	0.2838803231716156	-1.3278622645884752e-08	1.622538547962904e-09	0.00942906178534031	-1.3278622645884752e-08	0.007485568523406982	9.999999974752427e-07	0.26874327659606934	0.3461630642414093	0.011049933731555939	0.012431889772415161	0.21618442237377167	0.05989852547645569	-1.3278622645884752e-08	1.622538547962904e-09	0.2838802933692932	0.030927835032343864	0.04472164809703827	-1.3278622645884752e-08	0.3934500813484192	1.622538547962904e-09	-1.3278622645884752e-08	0.3934501111507416	0.011049933731555939	0.010177051648497581	-1.3278622645884752e-08	0.16346153616905212	0.040009573101997375	0.08930284529924393	-1.3278622645884752e-08	0.010416666977107525	-1.3278622645884752e-08	0.014316469430923462	0.03628882020711899	0.08930286765098572	1.622538547962904e-09	0.0478060245513916	5.000001692678779e-07	0.028037382289767265	1.622538547962904e-09	1.622538547962904e-09	-1.3278622645884752e-08	-1.3278622645884752e-08	1.5000005078036338e-06	1.622538547962904e-09	-1.3278622645884752e-08	9.999999974752427e-07	-1.3278622645884752e-08	1.622538547962904e-09	0.21618442237377167	0.015137091279029846	0.171462744474411	0.21618443727493286	0.3934501111507416	0.3461630642414093	0.05255880951881409	0.005072489380836487	9.999999974752427e-07	0.02286946028470993	0.1714627593755722	1.622538547962904e-09	0.015137076377868652	0.37913358211517334	0.1495407670736313	0.06023794412612915	0.014316476881504059	0.02286946028470993	0.008695651777088642	0.1714627593755722	1.622538547962904e-09	0.010177051648497581	0.012431897222995758	1.622538547962904e-09	5.000001692678779e-07	9.999999974752427e-07	0.006695017218589783	0.007796451449394226	-1.3278622645884752e-08	0.030927835032343864	-1.3278622645884752e-08	0.007485572248697281	-1.3278622645884752e-08	0.02777777798473835	-1.3278622645884752e-08	1.622538547962904e-09	0.008695651777088642	0.36692190170288086	0.04854368790984154	5.000001692678779e-07	0.19233907759189606	1.622538547962904e-09	0.02117866277694702	0.01907867193222046	0.26595744490623474	9.999999974752427e-07	0.0752153992652893	0.29844406247138977	0.01907867193222046	9.999999974752427e-07	0.010416666977107525	0.19233904778957367	0.010324249044060707	0.007624335587024689	1.622538547962904e-09	1.622538547962904e-09	1.622538547962904e-09	9.999999974752427e-07	0.19233901798725128	0.19233906269073486	1.622538547962904e-09	0.026356369256973267	0.1634756177663803	0.04025731980800629	1.622538547962904e-09	1.622538547962904e-09	0.19233904778957367	1.622538547962904e-09	0.015331998467445374	0.0117647061124444	0.24910280108451843	0.01778503879904747	-1.3278622645884752e-08	0.24910281598567963	1.622538547962904e-09	9.999999974752427e-07	1.622538547962904e-09	0.1170303225517273	0.015458546578884125	0.07521545886993408	-1.3278622645884752e-08	0.00909090880304575	-1.3278622645884752e-08	0.009573204442858696	0.021178659051656723	0.0752153992652893	0.018691588193178177	0.015458531677722931	5.000001692678779e-07	0.005539201200008392	1.622538547962904e-09	0.01778503879904747	9.999999974752427e-07	0.028220467269420624	1.5000005078036338e-06	1.622538547962904e-09	9.999999974752427e-07	9.999999974752427e-07	-1.3278622645884752e-08	9.999999974752427e-07	0.16347554326057434	1.622538547962904e-09	0.14051920175552368	0.16347557306289673	0.24910280108451843	0.19233904778957367	0.011078374460339546	0.010101010091602802	0.009573204442858696	0.009177442640066147	0.1405191868543625	0.008695651777088642	1.622538547962904e-09	0.2222222238779068	0.11703035235404968	0.04181493818759918	0.011904762126505375	0.009177440777420998	0.010869565419852734	0.14051920175552368	-1.3278622645884752e-08	0.005539201200008392	0.026356369256973267	1.622538547962904e-09	5.000001692678779e-07	0.009999999776482582	0.01907867006957531	1.622538547962904e-09	0.010324249044060707	9.999999974752427e-07	9.999999974752427e-07	1.622538547962904e-09	9.999999974752427e-07	9.999999974752427e-07	1.622538547962904e-09	-1.3278622645884752e-08	0.012001216411590576	0.43699371814727783	0.05826278030872345	9.999999974752427e-07	0.2679571807384491	9.999999974752427e-07	0.04900254309177399	1.622538547962904e-09	0.3783048689365387	0.009493403136730194	0.06596280634403229	0.3783048391342163	1.622538547962904e-09	9.999999974752427e-07	0.01123595517128706	0.2679571509361267	-2.4010660126805305e-10	1.622538547962904e-09	-1.3278622645884752e-08	1.622538547962904e-09	1.622538547962904e-09	6.666664376098197e-07	0.2545320391654968	0.2679571509361267	0.010989011265337467	1.3333333299669903e-06	0.20756608247756958	0.04900255426764488	1.622538547962904e-09	0.005720056593418121	0.2679571509361267	1.622538547962904e-09	0.01575428992509842	0.010256931185722351	0.3783048391342163	0.01601792871952057	-2.4010660126805305e-10	0.3783048689365387	0.019911106675863266	9.999999974752427e-07	1.622538547962904e-09	0.1568257212638855	0.013005435466766357	0.11561180651187897	0.01815195381641388	6.666664376098197e-07	0.01815195381641388	0.010526316240429878	0.04900252819061279	0.06741572916507721	0.03269492834806442	0.018725495785474777	0.00909090880304575	-2.4010660126805305e-10	1.622538547962904e-09	0.00917431153357029	0.009686267003417015	0.009686268866062164	0.025567827746272087	9.999999974752427e-07	0.043478261679410934	0.01575428992509842	-2.4010660126805305e-10	0.009493403136730194	0.20756609737873077	9.999999974752427e-07	0.15682576596736908	0.20756609737873077	0.3783048689365387	0.2679571211338043	0.030948013067245483	0.025567827746272087	9.999999974752427e-07	9.999999974752427e-07	0.17497771978378296	0.009708737954497337	0.00909090880304575	0.31832000613212585	0.1568257361650467	0.04121395945549011	0.04972795397043228	0.010204081423580647	0.007700018584728241	0.19181180000305176	9.999999974752427e-07	0.011036910116672516	0.022488445043563843	0.016806723549962044	9.999999974752427e-07	0.009615384973585606	1.622538547962904e-09	1.622538547962904e-09	-2.4010660126805305e-10	1.622538547962904e-09	9.999999974752427e-07	1.622538547962904e-09	0.009803921915590763	1.622538547962904e-09	1.622538547962904e-09	9.999999974752427e-07	9.999999974752427e-07	0.3545213043689728	0.02059110254049301	0.010625112801790237	0.21123084425926208	0.02664199471473694	0.0061219222843647	9.999999974752427e-07	0.3018166422843933	0.006626579910516739	0.02059112675487995	0.3018166720867157	0.01864650845527649	-1.3278622645884752e-08	1.622538547962904e-09	0.1669045239686966	0.015181045979261398	9.999999974752427e-07	1.622538547962904e-09	1.622538547962904e-09	0.010238776914775372	1.622538547962904e-09	0.14026254415512085	0.2112308144569397	-1.3278622645884752e-08	1.622538547962904e-09	0.14026251435279846	0.024768419563770294	1.622538547962904e-09	1.622538547962904e-09	0.2112308144569397	-1.3278622645884752e-08	0.011363636702299118	6.912159733474255e-10	0.23242251574993134	-1.3278622645884752e-08	0.006100691854953766	0.29567739367485046	-1.3278622645884752e-08	-1.3278622645884752e-08	1.622538547962904e-09	0.09294700622558594	1.622538547962904e-09	0.06100180745124817	0.01366463303565979	1.622538547962904e-09	0.007563948631286621	0.011995955370366573	0.0061219483613967896	0.030612245202064514	0.00662657618522644	9.073119144886732e-09	-2.4010660126805305e-10	-1.3278622645884752e-08	-1.3278622645884752e-08	-1.3278622645884752e-08	9.999999974752427e-07	0.027936100959777832	0.010625114664435387	0.027522936463356018	0.007871739566326141	9.999999974752427e-07	1.622538547962904e-09	0.006626579910516739	0.14026251435279846	0.010101010091602802	0.09294699132442474	0.14026251435279846	0.29567742347717285	0.21123076975345612	-1.3278622645884752e-08	0.013964534737169743	0.011995954439043999	0.0061219483613967896	0.10661163181066513	1.622538547962904e-09	0.02664199471473694	0.2191026210784912	0.061001840978860855	1.622538547962904e-09	0.013319892808794975	0.0061219483613967896	1.622538547962904e-09	0.10661161690950394	9.999999974752427e-07	-1.3278622645884752e-08	1.622538547962904e-09	1.622538547962904e-09	-2.4010660126805305e-10	1.622538547962904e-09	9.999999974752427e-07	1.622538547962904e-09	0.015181045979261398	1.622538547962904e-09	6.912159733474255e-10	0.010238775983452797	0.007871739566326141	0.006139293313026428	1.622538547962904e-09	9.999999974752427e-07	1.622538547962904e-09	0.36081427335739136	0.07295437157154083	0.008505983278155327	0.2816368341445923	0.009365733712911606	0.026101619005203247	-1.3278622645884752e-08	0.3097529113292694	8.000001798791345e-07	0.07295437157154083	0.3097529113292694	-1.3278622645884752e-08	2.255546860396862e-10	-5.828042048960924e-09	0.22092559933662415	0.024959877133369446	-1.3278622645884752e-08	1.622538547962904e-09	1.622538547962904e-09	-1.3278622645884752e-08	9.999999974752427e-07	0.21155986189842224	0.22092559933662415	2.255546860396862e-10	0.00917431153357029	0.1840570569038391	0.026101604104042053	1.622538547962904e-09	-5.828042048960924e-09	0.22092559933662415	1.622538547962904e-09	-1.3278622645884752e-08	0.008564604446291924	0.2986621558666229	1.622538547962904e-09	9.999999974752427e-07	0.2986621558666229	2.255546860396862e-10	2.255546860396862e-10	1.622538547962904e-09	0.1273503601551056	-5.828042048960924e-09	0.08163265138864517	0.01516491174697876	0.008196720853447914	9.999999974752427e-07	-2.4010660126805305e-10	0.026101619005203247	0.07547169923782349	1.3999997463542968e-06	0.015599853359162807	0.01042632944881916	0.009330726228654385	0.018172089010477066	1.622538547962904e-09	1.622538547962904e-09	0.024959877133369446	0.028257330879569054	9.999999974752427e-07	0.008460652083158493	-1.3278622645884752e-08	9.999999974752427e-07	8.000001798791345e-07	0.14251525700092316	0.009365729987621307	0.1273503601551056	0.14251527190208435	0.2986621558666229	0.2816368341445923	0.00933072715997696	0.05747126415371895	-2.4010660126805305e-10	9.999999974752427e-07	0.14251521229743958	6.000000212225132e-07	0.009365737438201904	0.29009753465652466	0.1273503601551056	0.04308461770415306	-2.4010660126805305e-10	0.009282229468226433	1.622538547962904e-09	0.14251525700092316	9.999999974752427e-07	2.255546860396862e-10	0.027484744787216187	0.017241379246115685	0.009325018152594566	-5.828042048960924e-09	-1.3278622645884752e-08	0.015599831938743591	0.02495986968278885	-2.4010660126805305e-10	9.999999974752427e-07	-1.3278622645884752e-08	0.008460652083158493	0.011090751737356186	1.622538547962904e-09	9.999999974752427e-07	0.016819393262267113
84	-15547.466796875	-1	9	57	76	75	26	89	10	62	48	0	26	84	41	29	91	66	5	0	11	24	14	68	37	85	21	0	0	50	22	3	66	33	67	21	43	7	69	12	0	65	50	77	73	24	43	79	5	42	1	78	57	69	21	34	56	0	70	42	76	31	43	49	25	4	73	63	36	3	21	1	46	80	82	49	14	33	40	77	33	47	9	66	48	69	78	85	57	13	11	50	56	7	32	19	59	7	0	84	47	0.5437127947807312	0.08644906431436539	0.010285336524248123	0.4145510792732239	0.012830331921577454	0.010498285293579102	0.010526316240429878	0.4251323938369751	9.999999974752427e-07	0.08644905686378479	0.44155386090278625	0.06554710865020752	9.999999974752427e-07	9.999999974752427e-07	0.4095746874809265	9.999999974752427e-07	0.005317971110343933	1.622538547962904e-09	1.622538547962904e-09	9.999999974752427e-07	0.02298850566148758	0.39674437046051025	0.4095746576786041	9.999999974752427e-07	0.03314200043678284	0.2897196114063263	0.07604538649320602	1.622538547962904e-09	9.999999974752427e-07	0.4095746576786041	0.0049764662981033325	1.622538547962904e-09	1.622538547962904e-09	0.4145510196685791	0.03333333507180214	-1.3278622645884752e-08	0.42513248324394226	9.999999974752427e-07	9.999999974752427e-07	1.622538547962904e-09	0.22580645978450775	0.012048192322254181	0.1361638456583023	-1.3278622645884752e-08	9.999999974752427e-07	-1.3278622645884752e-08	1.622538547962904e-09	0.010498279705643654	0.1361638605594635	0.030567780137062073	0.02411612868309021	1.622538547962904e-09	0.008196720853447914	0.010869565419852734	9.999999974752427e-07	0.010526316240429878	0.026113219559192657	0.019338728860020638	-2.4010660126805305e-10	-1.3278622645884752e-08	1.622538547962904e-09	-1.3278622645884752e-08	0.030567795038223267	0.2705919146537781	9.999999974752427e-07	0.26527389883995056	0.2705919146537781	0.4251324534416199	0.40957462787628174	0.030927833169698715	0.05588129162788391	1.622538547962904e-09	0.010498277842998505	0.2652738690376282	-1.3278622645884752e-08	0.012830331921577454	0.4145510792732239	0.22250455617904663	0.08634074777364731	1.622538547962904e-09	0.010498279705643654	1.622538547962904e-09	0.26527389883995056	0.036036036908626556	0.009900989942252636	0.062224678695201874	0.029082641005516052	0.009053405374288559	9.999999974752427e-07	0.012195121496915817	9.999999974752427e-07	0.008547008968889713	-1.3278622645884752e-08	1.622538547962904e-09	9.999999974752427e-07	-1.3278622645884752e-08	-1.3278622645884752e-08	1.622538547962904e-09	9.999999974752427e-07	1.622538547962904e-09	0.4231007397174835	0.04496558755636215	0.010405869223177433	0.2722354531288147	0.010044899769127369	0.021052632480859756	9.999999974752427e-07	0.31625208258628845	0.018691588193178177	0.05226296931505203	0.31625211238861084	0.01785714365541935	0.010989011265337467	1.622538547962904e-09	0.2722354531288147	9.999999974752427e-07	1.622538547962904e-09	0.019417475908994675	1.622538547962904e-09	9.999999974752427e-07	6.666664376098197e-07	0.2291666716337204	0.2722354531288147	9.999999974752427e-07	1.3333333299669903e-06	0.1819043606519699	0.09699182957410812	1.622538547962904e-09	0.0078512541949749	0.2722354531288147	1.622538547962904e-09	1.622538547962904e-09	0.010638297535479069	0.31625205278396606	9.999999974752427e-07	-7.275957614183426e-12	0.31625205278396606	0.010526316240429878	0.009009009227156639	1.622538547962904e-09	0.10256187617778778	1.622538547962904e-09	0.0606570690870285	0.008510754443705082	6.666664376098197e-07	-7.275957614183426e-12	9.999999974752427e-07	1.3999997463542968e-06	0.05226297304034233	0.034559715539216995	0.022432174533605576	2.255546860396862e-10	9.999999974752427e-07	9.999999974752427e-07	9.999999974752427e-07	0.008264463394880295	0.009856700897216797	0.010405868291854858	0.008394084870815277	1.622538547962904e-09	1.622538547962904e-09	0.008510754443705082	0.034559715539216995	0.18190431594848633	0.010044899769127369	0.11764705926179886	0.18190434575080872	0.31625205278396606	0.2722354531288147	0.042105261236429214	0.010405870154500008	9.999999974752427e-07	8.000001798791345e-07	0.18190434575080872	1.622538547962904e-09	0.010044898837804794	0.2722354531288147	0.10256189107894897	0.04190482199192047	9.999999974752427e-07	8.000001798791345e-07	0.00729738175868988	0.18190434575080872	1.622538547962904e-09	0.016949152573943138	0.01947261206805706	9.999999974752427e-07	2.255546860396862e-10	1.622538547962904e-09	0.011627906933426857	0.014580924063920975	9.999999974752427e-07	1.622538547962904e-09	9.999999974752427e-07	9.999999974752427e-07	1.622538547962904e-09	1.622538547962904e-09	1.622538547962904e-09	9.999999974752427e-07	6.000000212225132e-07	0.4494662880897522	0.08000115305185318	9.999999974752427e-07	0.3330483138561249	-1.3278622645884752e-08	0.03483247756958008	9.999999974752427e-07	0.38626334071159363	0.009220771491527557	0.08756303787231445	0.38626334071159363	0.01332206092774868	-1.3278622645884752e-08	9.999999974752427e-07	0.2947915494441986	9.999999974752427e-07	0.029411764815449715	9.999999974752427e-07	-1.3278622645884752e-08	0.008118398487567902	0.010526316240429878	0.2947915494441986	0.294791579246521	-1.3278622645884752e-08	0.01075268816202879	0.2947915196418762	0.04815460741519928	-1.3278622645884752e-08	0.02777777798473835	0.294791579246521	0.019186578691005707	9.999999974752427e-07	0.008000500500202179	0.38626325130462646	-1.3278622645884752e-08	1.622538547962904e-09	0.38626331090927124	-1.3278622645884752e-08	-1.3278622645884752e-08	-1.3278622645884752e-08	0.1528805047273636	9.999999974752427e-07	0.08756301552057266	0.009048528037965298	9.999999974752427e-07	1.622538547962904e-09	0.009131006896495819	0.02860131859779358	0.08756303787231445	0.009220770560204983	0.04123711213469505	9.999999974752427e-07	-1.3278622645884752e-08	-1.3278622645884752e-08	-1.3278622645884752e-08	0.008003756403923035	0.01504833996295929	0.029999999329447746	1.622538547962904e-09	0.00909090880304575	9.999999974752427e-07	0.009048528969287872	0.009220771491527557	0.2947915196418762	-1.3278622645884752e-08	0.15288051962852478	0.2499999850988388	0.38626331090927124	0.31386175751686096	1.652369974181056e-08	0.032608695328235626	0.009130999445915222	9.999999974752427e-07	0.16192904114723206	-2.4010660126805305e-10	-1.3278622645884752e-08	0.36913180351257324	0.1528804898262024	0.06531748175621033	0.009131021797657013	0.028601333498954773	0.00756189227104187	0.16814157366752625	1.622538547962904e-09	-1.3278622645884752e-08	0.021052632480859756	0.009900989942252636	0.027272727340459824	9.999999974752427e-07	0.005203664302825928	0.008620689623057842	0.007044583559036255	-1.3278622645884752e-08	0.008000500500202179	0.008118398487567902	9.999999974752427e-07	-1.3278622645884752e-08	-1.3278622645884752e-08	-1.3278622645884752e-08	1.622538547962904e-09	0.4417252242565155	0.024390242993831635	9.999999974752427e-07	0.30527326464653015	0.010416666977107525	0.014637134969234467	9.999999974752427e-07	0.3760969042778015	9.999999974752427e-07	0.04878048598766327	0.3760969042778015	0.05099133402109146	8.000001798791345e-07	0.008882244117558002	0.30527329444885254	1.622538547962904e-09	1.622538547962904e-09	1.622538547962904e-09	1.622538547962904e-09	0.030414395034313202	0.012048192322254181	0.29318323731422424	0.30527329444885254	9.999999974752427e-07	0.017391303554177284	0.2670987844467163	0.06562843918800354	1.622538547962904e-09	0.010416666977107525	0.30527329444885254	1.622538547962904e-09	1.622538547962904e-09	1.622538547962904e-09	0.30527329444885254	1.622538547962904e-09	0.010526316240429878	0.3760969042778015	9.999999974752427e-07	8.000001798791345e-07	1.622538547962904e-09	0.14387741684913635	0.025641024112701416	0.07431011646986008	0.032608695328235626	9.999999974752427e-07	0.009615384973585606	1.622538547962904e-09	0.014637134969234467	0.07431010156869888	0.010309278033673763	0.04452749714255333	0.009433962404727936	9.999999974752427e-07	1.622538547962904e-09	1.622538547962904e-09	1.622538547962904e-09	1.622538547962904e-09	0.009569531306624413	1.622538547962904e-09	1.622538547962904e-09	1.622538547962904e-09	0.01123595517128706	9.999999974752427e-07	0.20471768081188202	9.999999974752427e-07	0.14387744665145874	0.2047176957130432	0.3052733242511749	0.30527329444885254	0.026084452867507935	0.009569531306624413	1.622538547962904e-09	0.010101010091602802	0.204717755317688	0.010204081423580647	0.010989011265337467	0.30527329444885254	0.14387741684913635	0.06956726312637329	1.622538547962904e-09	0.01463712751865387	9.999999974752427e-07	0.20471777021884918	0.009803921915590763	1.3999997463542968e-06	0.02503982186317444	9.999999974752427e-07	9.999999974752427e-07	0.008882243186235428	0.020576931536197662	9.999999974752427e-07	1.622538547962904e-09	1.622538547962904e-09	1.622538547962904e-09	9.999999974752427e-07	1.622538547962904e-09	1.622538547962904e-09	1.622538547962904e-09	6.000000212225132e-07	1.622538547962904e-09	0.3537144362926483	0.026411600410938263	4.2857209336943924e-07	0.20192477107048035	1.622538547962904e-09	0.027027027681469917	-7.275957614183426e-12	0.28152182698249817	1.622538547962904e-09	0.026411622762680054	0.2815217971801758	0.010256588459014893	9.999999974752427e-07	1.622538547962904e-09	0.20192477107048035	9.999999974752427e-07	1.622538547962904e-09	9.999999974752427e-07	1.622538547962904e-09	0.010256589390337467	1.622538547962904e-09	0.20192474126815796	0.20192478597164154	1.622538547962904e-09	1.622538547962904e-09	0.16246558725833893	0.05873368680477142	1.622538547962904e-09	0.027633339166641235	0.20192477107048035	-1.3278622645884752e-08	1.622538547962904e-09	-1.3278622645884752e-08	0.20192483067512512	0.008206691592931747	9.999999974752427e-07	0.2740027904510498	1.622538547962904e-09	9.999999974752427e-07	1.622538547962904e-09	0.05703481286764145	1.622538547962904e-09	0.02641153335571289	0.03179077059030533	1.622538547962904e-09	9.999999974752427e-07	-1.3278622645884752e-08	0.009401541203260422	0.026411622762680054	0.009916093200445175	0.027633339166641235	4.2857209336943924e-07	1.622538547962904e-09	0.013445600867271423	0.008206691592931747	9.999999974752427e-07	0.013458997011184692	1.2857158253609668e-06	-1.3278622645884752e-08	-1.3278622645884752e-08	1.622538547962904e-09	9.999999974752427e-07	1.622538547962904e-09	0.16246557235717773	1.622538547962904e-09	0.05703481659293175	0.10570608824491501	0.2626262605190277	0.20192477107048035	0.01780684106051922	1.2857121873821598e-06	-1.3278622645884752e-08	9.999999974752427e-07	0.08882559835910797	0.009916089475154877	1.622538547962904e-09	0.20192478597164154	0.05404491350054741	0.027633339166641235	-1.3278622645884752e-08	0.009401543065905571	1.622538547962904e-09	0.1057060956954956	-1.3278622645884752e-08	0.017806850373744965	1.622538547962904e-09	1.622538547962904e-09	4.2857209336943924e-07	1.622538547962904e-09	-7.275957614183426e-12	1.622538547962904e-09	9.999999974752427e-07	1.622538547962904e-09	-1.3278622645884752e-08	9.999999974752427e-07	-1.3278622645884752e-08	0.007519088685512543	1.622538547962904e-09	9.999999974752427e-07	2.255546860396862e-10	0.5330701470375061	0.005072489380836487	5.000001692678779e-07	0.3791336417198181	0.015137091279029846	0.04571790248155594	9.999999974752427e-07	0.47317150235176086	1.622538547962904e-09	0.08930285274982452	0.47317150235176086	0.014180615544319153	0.010177051648497581	9.999999974752427e-07	0.283880352973938	-1.3278622645884752e-08	1.622538547962904e-09	0.009429076686501503	-1.3278622645884752e-08	0.007485583424568176	9.999999974752427e-07	0.26874324679374695	0.3461630940437317	0.011049933731555939	0.012431889772415161	0.21618440747261047	0.05989852547645569	-1.3278622645884752e-08	1.622538547962904e-09	0.2838802933692932	0.030927835032343864	0.044721707701683044	-1.3278622645884752e-08	0.39345020055770874	1.622538547962904e-09	-1.3278622645884752e-08	0.39345017075538635	0.011049933731555939	0.010177051648497581	-1.3278622645884752e-08	0.16346153616905212	0.04000958055257797	0.08930287510156631	-1.3278622645884752e-08	0.010416666977107525	-1.3278622645884752e-08	0.014316469430923462	0.03628883510828018	0.08930285274982452	1.622538547962904e-09	0.0478060245513916	5.000001692678779e-07	0.028037382289767265	1.622538547962904e-09	1.622538547962904e-09	-1.3278622645884752e-08	-1.3278622645884752e-08	1.5000005078036338e-06	1.622538547962904e-09	-1.3278622645884752e-08	9.999999974752427e-07	-1.3278622645884752e-08	1.622538547962904e-09	0.21618445217609406	0.015137091279029846	0.171462744474411	0.21618443727493286	0.39345020055770874	0.3461630940437317	0.052558839321136475	0.005072489380836487	9.999999974752427e-07	0.02286946028470993	0.1714627593755722	1.622538547962904e-09	0.015137091279029846	0.3791336119174957	0.1495407670736313	0.06023794412612915	0.014316461980342865	0.02286946028470993	0.008695651777088642	0.1714627891778946	1.622538547962904e-09	0.010177050717175007	0.012431896291673183	1.622538547962904e-09	5.000001692678779e-07	9.999999974752427e-07	0.0066950321197509766	0.007796458899974823	-1.3278622645884752e-08	0.030927835032343864	-1.3278622645884752e-08	0.007485579699277878	-1.3278622645884752e-08	0.02777777798473835	-1.3278622645884752e-08	-2.4010660126805305e-10	0.008695651777088642	0.3669218420982361	0.04854368790984154	5.000001692678779e-07	0.19233903288841248	1.622538547962904e-09	0.021178677678108215	0.01907866820693016	0.26595741510391235	9.999999974752427e-07	0.0752153992652893	0.2984440326690674	0.01907867193222046	9.999999974752427e-07	0.010416666977107525	0.19233903288841248	0.010324249044060707	0.007624365389347076	1.622538547962904e-09	1.622538547962904e-09	1.622538547962904e-09	9.999999974752427e-07	0.19233901798725128	0.19233904778957367	1.622538547962904e-09	0.026356376707553864	0.16347560286521912	0.04025731980800629	1.622538547962904e-09	1.622538547962904e-09	0.19233901798725128	1.622538547962904e-09	0.015332028269767761	0.0117647061124444	0.24910278618335724	0.01778506115078926	-1.3278622645884752e-08	0.24910277128219604	1.622538547962904e-09	9.999999974752427e-07	1.622538547962904e-09	0.1170303225517273	0.015458554029464722	0.0752154290676117	-1.3278622645884752e-08	0.00909090880304575	-1.3278622645884752e-08	0.009573204442858696	0.02117867022752762	0.0752154216170311	0.018691588193178177	0.015458546578884125	5.000001692678779e-07	0.005539216101169586	1.622538547962904e-09	0.01778506115078926	9.999999974752427e-07	0.02822047472000122	1.5000005078036338e-06	1.622538547962904e-09	9.999999974752427e-07	9.999999974752427e-07	-1.3278622645884752e-08	9.999999974752427e-07	0.16347560286521912	1.622538547962904e-09	0.14051920175552368	0.16347560286521912	0.24910280108451843	0.19233901798725128	0.011078406125307083	0.010101010091602802	0.009573204442858696	0.009177442640066147	0.14051921665668488	0.008695651777088642	1.622538547962904e-09	0.2222222089767456	0.11703035235404968	0.04181492328643799	0.011904762126505375	0.009177440777420998	0.010869565419852734	0.14051920175552368	-1.3278622645884752e-08	0.005539216101169586	0.026356376707553864	1.622538547962904e-09	5.000001692678779e-07	0.009999999776482582	0.01907867006957531	1.622538547962904e-09	0.010324249044060707	9.999999974752427e-07	9.999999974752427e-07	1.622538547962904e-09	9.999999974752427e-07	9.999999974752427e-07	1.622538547962904e-09	9.999999974752427e-07	0.012001216411590576	0.43699371814727783	0.05826278030872345	9.999999974752427e-07	0.2679571807384491	9.999999974752427e-07	0.04900254309177399	1.622538547962904e-09	0.3783048689365387	0.009493403136730194	0.06596280634403229	0.3783048391342163	1.622538547962904e-09	9.999999974752427e-07	0.01123595517128706	0.2679571509361267	-2.4010660126805305e-10	1.622538547962904e-09	-1.3278622645884752e-08	1.622538547962904e-09	1.622538547962904e-09	6.666664376098197e-07	0.2545320391654968	0.2679571509361267	0.010989011265337467	1.3333333299669903e-06	0.20756608247756958	0.04900255426764488	1.622538547962904e-09	0.005720056593418121	0.2679571509361267	1.622538547962904e-09	0.01575428992509842	0.010256931185722351	0.3783048391342163	0.01601792871952057	-2.4010660126805305e-10	0.3783048689365387	0.019911106675863266	9.999999974752427e-07	1.622538547962904e-09	0.1568257212638855	0.013005435466766357	0.11561180651187897	0.01815195381641388	6.666664376098197e-07	0.01815195381641388	0.010526316240429878	0.04900252819061279	0.06741572916507721	0.03269492834806442	0.018725495785474777	0.00909090880304575	-2.4010660126805305e-10	1.622538547962904e-09	0.00917431153357029	0.009686267003417015	0.009686268866062164	0.025567827746272087	9.999999974752427e-07	0.043478261679410934	0.01575428992509842	-2.4010660126805305e-10	0.009493403136730194	0.20756609737873077	9.999999974752427e-07	0.15682576596736908	0.20756609737873077	0.3783048689365387	0.2679571211338043	0.030948013067245483	0.025567827746272087	9.999999974752427e-07	9.999999974752427e-07	0.17497771978378296	0.009708737954497337	0.00909090880304575	0.31832000613212585	0.1568257361650467	0.04121395945549011	0.04972795397043228	0.010204081423580647	0.007700018584728241	0.19181180000305176	9.999999974752427e-07	0.011036910116672516	0.022488445043563843	0.016806723549962044	9.999999974752427e-07	0.009615384973585606	1.622538547962904e-09	1.622538547962904e-09	-2.4010660126805305e-10	1.622538547962904e-09	9.999999974752427e-07	1.622538547962904e-09	0.009803921915590763	1.622538547962904e-09	1.622538547962904e-09	9.999999974752427e-07	9.999999974752427e-07	0.35452133417129517	0.02059110254049301	0.010625112801790237	0.2112308293581009	0.02664194628596306	0.006121918559074402	9.999999974752427e-07	0.3018167018890381	0.006626579910516739	0.02059112675487995	0.3018167018890381	0.01864650845527649	-1.3278622645884752e-08	1.622538547962904e-09	0.16690465807914734	0.015181045979261398	9.999999974752427e-07	1.622538547962904e-09	1.622538547962904e-09	0.010238776914775372	1.622538547962904e-09	0.14026257395744324	0.21123084425926208	-1.3278622645884752e-08	1.622538547962904e-09	0.14026248455047607	0.02476842701435089	1.622538547962904e-09	1.622538547962904e-09	0.21123084425926208	-1.3278622645884752e-08	0.011363636702299118	6.912159733474255e-10	0.23242247104644775	-1.3278622645884752e-08	0.006100691854953766	0.29567742347717285	-1.3278622645884752e-08	-1.3278622645884752e-08	1.622538547962904e-09	0.09294700622558594	1.622538547962904e-09	0.06100180745124817	0.01366463303565979	1.622538547962904e-09	0.007563948631286621	0.011995955370366573	0.0061219483613967896	0.030612245202064514	0.00662657618522644	9.073119144886732e-09	-2.4010660126805305e-10	-1.3278622645884752e-08	-1.3278622645884752e-08	-1.3278622645884752e-08	9.999999974752427e-07	0.027936086058616638	0.010625114664435387	0.027522936463356018	0.007871776819229126	9.999999974752427e-07	1.622538547962904e-09	0.006626579910516739	0.14026246964931488	0.010101010091602802	0.09294699132442474	0.14026246964931488	0.29567742347717285	0.2112308293581009	4.632602212950587e-08	0.013964534737169743	0.011995954439043999	0.0061219483613967896	0.10661163181066513	1.622538547962904e-09	0.02664194628596306	0.21910260617733002	0.061001840978860855	1.622538547962904e-09	0.013319931924343109	0.0061219558119773865	1.622538547962904e-09	0.10661161690950394	9.999999974752427e-07	-1.3278622645884752e-08	1.622538547962904e-09	1.622538547962904e-09	-2.4010660126805305e-10	1.622538547962904e-09	9.999999974752427e-07	1.622538547962904e-09	0.015181045979261398	1.622538547962904e-09	6.912159733474255e-10	0.010238775983452797	0.007871776819229126	0.006139278411865234	1.622538547962904e-09	-1.3278622645884752e-08	1.622538547962904e-09	0.3608143925666809	0.07295437157154083	0.008505983278155327	0.2816368341445923	0.009365741163492203	0.02610155940055847	-1.3278622645884752e-08	0.309752881526947	8.000001798791345e-07	0.07295437157154083	0.30975285172462463	-1.3278622645884752e-08	2.255546860396862e-10	-5.828042048960924e-09	0.22092559933662415	0.024959832429885864	-1.3278622645884752e-08	1.622538547962904e-09	1.622538547962904e-09	-1.3278622645884752e-08	9.999999974752427e-07	0.21155986189842224	0.22092559933662415	2.255546860396862e-10	0.00917431153357029	0.1840570569038391	0.02610158920288086	1.622538547962904e-09	-5.828042048960924e-09	0.22092559933662415	1.622538547962904e-09	-1.3278622645884752e-08	0.008564617484807968	0.29866212606430054	1.622538547962904e-09	9.999999974752427e-07	0.29866212606430054	2.255546860396862e-10	2.255546860396862e-10	1.622538547962904e-09	0.1273503601551056	-5.828042048960924e-09	0.08163265138864517	0.01516491174697876	0.008196720853447914	9.999999974752427e-07	-2.4010660126805305e-10	0.026101574301719666	0.07547169923782349	1.3999997463542968e-06	0.015599853359162807	0.01042632944881916	0.009330736473202705	0.01817210391163826	1.622538547962904e-09	1.622538547962904e-09	0.02495981752872467	0.028257330879569054	9.999999974752427e-07	0.008460640907287598	-1.3278622645884752e-08	9.999999974752427e-07	8.000001798791345e-07	0.14251525700092316	0.009365737438201904	0.1273503601551056	0.14251527190208435	0.29866212606430054	0.2816368341445923	0.009330738335847855	0.05747126415371895	-2.4010660126805305e-10	9.999999974752427e-07	0.14251521229743958	6.000000212225132e-07	0.009365737438201904	0.29009753465652466	0.1273503601551056	0.04308461770415306	-2.4010660126805305e-10	0.009282201528549194	1.622538547962904e-09	0.14251525700092316	9.999999974752427e-07	2.255546860396862e-10	0.027484744787216187	0.017241379246115685	0.009325018152594566	-5.828042048960924e-09	-1.3278622645884752e-08	0.015599831938743591	0.02495983988046646	-2.4010660126805305e-10	9.999999974752427e-07	-1.3278622645884752e-08	0.0084606371819973	0.011090738698840141	1.622538547962904e-09	2.255546860396862e-10	0.016819369047880173
85	-15547.466796875	-1	9	57	76	75	26	89	10	62	48	0	26	84	41	29	91	66	5	0	11	24	14	68	37	85	21	0	0	50	22	3	66	33	67	21	43	7	69	12	0	65	50	77	73	24	43	79	5	42	1	78	57	69	21	34	56	0	70	42	76	31	43	49	25	4	73	63	36	3	21	1	46	80	82	49	14	33	40	77	33	47	9	66	48	69	78	85	57	13	11	50	56	7	32	19	59	7	0	85	47	0.5437127947807312	0.08644906431436539	0.010285336524248123	0.4145510792732239	0.012830331921577454	0.010498285293579102	0.010526316240429878	0.4251323938369751	9.999999974752427e-07	0.08644905686378479	0.44155386090278625	0.06554710865020752	9.999999974752427e-07	9.999999974752427e-07	0.4095746874809265	9.999999974752427e-07	0.005317971110343933	1.622538547962904e-09	1.622538547962904e-09	9.999999974752427e-07	0.02298850566148758	0.39674440026283264	0.4095746576786041	9.999999974752427e-07	0.03314200043678284	0.2897196412086487	0.07604538649320602	1.622538547962904e-09	9.999999974752427e-07	0.4095746576786041	0.0049764662981033325	1.622538547962904e-09	1.622538547962904e-09	0.4145510196685791	0.03333333507180214	-1.3278622645884752e-08	0.42513248324394226	9.999999974752427e-07	9.999999974752427e-07	1.622538547962904e-09	0.22580647468566895	0.012048192322254181	0.1361638307571411	-1.3278622645884752e-08	9.999999974752427e-07	-1.3278622645884752e-08	1.622538547962904e-09	0.010498279705643654	0.1361638307571411	0.030567780137062073	0.024116098880767822	1.622538547962904e-09	0.008196720853447914	0.010869565419852734	9.999999974752427e-07	0.010526316240429878	0.026113219559192657	0.019338728860020638	-2.4010660126805305e-10	-1.3278622645884752e-08	1.622538547962904e-09	-1.3278622645884752e-08	0.030567795038223267	0.27059194445610046	9.999999974752427e-07	0.26527392864227295	0.27059194445610046	0.4251324534416199	0.40957462787628174	0.030927833169698715	0.05588129162788391	1.622538547962904e-09	0.010498277842998505	0.26527389883995056	-1.3278622645884752e-08	0.012830331921577454	0.4145510792732239	0.22250458598136902	0.08634074777364731	1.622538547962904e-09	0.010498279705643654	1.622538547962904e-09	0.26527392864227295	0.036036036908626556	0.009900989942252636	0.06222466379404068	0.029082641005516052	0.009053405374288559	9.999999974752427e-07	0.012195121496915817	9.999999974752427e-07	0.008547008968889713	-1.3278622645884752e-08	1.622538547962904e-09	9.999999974752427e-07	-1.3278622645884752e-08	-1.3278622645884752e-08	1.622538547962904e-09	-5.828042048960924e-09	1.622538547962904e-09	0.4231007397174835	0.04496558755636215	0.010405869223177433	0.2722354531288147	0.010044899769127369	0.021052632480859756	9.999999974752427e-07	0.31625208258628845	0.018691588193178177	0.05226296931505203	0.31625211238861084	0.01785714365541935	0.010989011265337467	1.622538547962904e-09	0.2722354531288147	9.999999974752427e-07	1.622538547962904e-09	0.019417475908994675	1.622538547962904e-09	9.999999974752427e-07	6.666664376098197e-07	0.2291666716337204	0.2722354531288147	9.999999974752427e-07	1.3333333299669903e-06	0.1819043606519699	0.09699182957410812	1.622538547962904e-09	0.0078512541949749	0.2722354531288147	1.622538547962904e-09	1.622538547962904e-09	0.010638297535479069	0.31625205278396606	9.999999974752427e-07	-7.275957614183426e-12	0.31625205278396606	0.010526316240429878	0.009009009227156639	1.622538547962904e-09	0.10256187617778778	1.622538547962904e-09	0.0606570690870285	0.008510754443705082	6.666664376098197e-07	-7.275957614183426e-12	9.999999974752427e-07	1.3999997463542968e-06	0.05226297304034233	0.034559715539216995	0.022432174533605576	2.255546860396862e-10	9.999999974752427e-07	9.999999974752427e-07	9.999999974752427e-07	0.008264463394880295	0.009856700897216797	0.010405868291854858	0.008394084870815277	1.622538547962904e-09	1.622538547962904e-09	0.008510754443705082	0.034559715539216995	0.18190431594848633	0.010044899769127369	0.11764705926179886	0.18190434575080872	0.31625205278396606	0.2722354531288147	0.042105261236429214	0.010405870154500008	9.999999974752427e-07	8.000001798791345e-07	0.18190434575080872	1.622538547962904e-09	0.010044898837804794	0.2722354531288147	0.10256189107894897	0.04190482199192047	9.999999974752427e-07	8.000001798791345e-07	0.00729738175868988	0.18190434575080872	1.622538547962904e-09	0.016949152573943138	0.01947261206805706	9.999999974752427e-07	2.255546860396862e-10	1.622538547962904e-09	0.011627906933426857	0.014580924063920975	9.999999974752427e-07	1.622538547962904e-09	9.999999974752427e-07	9.999999974752427e-07	1.622538547962904e-09	1.622538547962904e-09	1.622538547962904e-09	9.999999974752427e-07	6.000000212225132e-07	0.4494662880897522	0.08000115305185318	9.999999974752427e-07	0.3330483138561249	-1.3278622645884752e-08	0.03483249247074127	9.999999974752427e-07	0.386263370513916	0.009220771491527557	0.08756303787231445	0.38626334071159363	0.013322077691555023	-1.3278622645884752e-08	9.999999974752427e-07	0.2947915494441986	9.999999974752427e-07	0.029411764815449715	9.999999974752427e-07	-1.3278622645884752e-08	0.008118398487567902	0.010526316240429878	0.2947915494441986	0.2947915196418762	-1.3278622645884752e-08	0.01075268816202879	0.2947915196418762	0.04815460741519928	-1.3278622645884752e-08	0.02777777798473835	0.2947915494441986	0.019186578691005707	9.999999974752427e-07	0.008000463247299194	0.38626325130462646	-1.3278622645884752e-08	1.622538547962904e-09	0.38626331090927124	-1.3278622645884752e-08	-1.3278622645884752e-08	-1.3278622645884752e-08	0.1528805047273636	9.999999974752427e-07	0.08756301552057266	0.009048528037965298	9.999999974752427e-07	1.622538547962904e-09	0.009130984544754028	0.02860131859779358	0.08756303787231445	0.009220770560204983	0.04123711213469505	9.999999974752427e-07	-1.3278622645884752e-08	-1.3278622645884752e-08	-1.3278622645884752e-08	0.008003763854503632	0.015048369765281677	0.029999999329447746	1.622538547962904e-09	0.00909090880304575	9.999999974752427e-07	0.009048528969287872	0.009220771491527557	0.2947915196418762	-1.3278622645884752e-08	0.15288051962852478	0.2499999850988388	0.38626334071159363	0.31386175751686096	-1.3278622645884752e-08	0.032608695328235626	0.009130991995334625	9.999999974752427e-07	0.16192904114723206	-2.4010660126805305e-10	-1.3278622645884752e-08	0.36913180351257324	0.1528804898262024	0.06531748175621033	0.009130977094173431	0.028601333498954773	0.00756189227104187	0.16814157366752625	1.622538547962904e-09	-1.3278622645884752e-08	0.021052632480859756	0.009900989942252636	0.027272727340459824	9.999999974752427e-07	0.005203664302825928	0.008620689623057842	0.007044591009616852	-1.3278622645884752e-08	0.008000463247299194	0.008118398487567902	9.999999974752427e-07	-1.3278622645884752e-08	-1.3278622645884752e-08	9.999999974752427e-07	1.622538547962904e-09	0.4417252242565155	0.024390242993831635	9.999999974752427e-07	0.30527326464653015	0.010416666977107525	0.014637134969234467	9.999999974752427e-07	0.3760969042778015	9.999999974752427e-07	0.04878048598766327	0.3760969042778015	0.05099133402109146	9.999999974752427e-07	0.008882244117558002	0.30527329444885254	1.622538547962904e-09	1.622538547962904e-09	1.622538547962904e-09	1.622538547962904e-09	0.030414395034313202	0.012048192322254181	0.29318323731422424	0.30527329444885254	9.999999974752427e-07	0.017391303554177284	0.2670987844467163	0.06562843918800354	1.622538547962904e-09	0.010416666977107525	0.30527329444885254	1.622538547962904e-09	1.622538547962904e-09	1.622538547962904e-09	0.30527329444885254	1.622538547962904e-09	0.010526316240429878	0.3760969042778015	9.999999974752427e-07	9.999999974752427e-07	1.622538547962904e-09	0.14387741684913635	0.025641024112701416	0.07431011646986008	0.032608695328235626	9.999999974752427e-07	0.009615384973585606	1.622538547962904e-09	0.014637134969234467	0.07431010156869888	0.010309278033673763	0.04452749714255333	0.009433962404727936	9.999999974752427e-07	1.622538547962904e-09	1.622538547962904e-09	1.622538547962904e-09	1.622538547962904e-09	0.009569531306624413	1.622538547962904e-09	1.622538547962904e-09	1.622538547962904e-09	0.01123595517128706	9.999999974752427e-07	0.20471768081188202	9.999999974752427e-07	0.14387744665145874	0.2047176957130432	0.3052733242511749	0.30527329444885254	0.026084452867507935	0.009569531306624413	1.622538547962904e-09	0.010101010091602802	0.204717755317688	0.010204081423580647	0.010989011265337467	0.30527329444885254	0.14387741684913635	0.06956726312637329	1.622538547962904e-09	0.01463712751865387	9.999999974752427e-07	0.20471777021884918	0.009803921915590763	9.999999974752427e-07	0.02503982186317444	9.999999974752427e-07	9.999999974752427e-07	0.008882243186235428	0.020576931536197662	9.999999974752427e-07	1.622538547962904e-09	1.622538547962904e-09	1.622538547962904e-09	9.999999974752427e-07	1.622538547962904e-09	1.622538547962904e-09	1.622538547962904e-09	9.999999974752427e-07	1.622538547962904e-09	0.3537144362926483	0.02641158550977707	4.2857209336943924e-07	0.20192477107048035	1.622538547962904e-09	0.027027027681469917	-7.275957614183426e-12	0.28152182698249817	1.622538547962904e-09	0.026411592960357666	0.2815217971801758	0.010256588459014893	9.999999974752427e-07	1.622538547962904e-09	0.20192477107048035	9.999999974752427e-07	1.622538547962904e-09	9.999999974752427e-07	1.622538547962904e-09	0.010256589390337467	1.622538547962904e-09	0.20192474126815796	0.20192478597164154	1.622538547962904e-09	1.622538547962904e-09	0.16246558725833893	0.05873368680477142	1.622538547962904e-09	0.02763335034251213	0.20192477107048035	-1.3278622645884752e-08	1.622538547962904e-09	-1.3278622645884752e-08	0.20192483067512512	0.008206691592931747	9.999999974752427e-07	0.2740027904510498	1.622538547962904e-09	9.999999974752427e-07	1.622538547962904e-09	0.057034820318222046	1.622538547962904e-09	0.026411592960357666	0.03179077059030533	1.622538547962904e-09	9.999999974752427e-07	-1.3278622645884752e-08	0.009401541203260422	0.026411592960357666	0.009916093200445175	0.02763335406780243	4.2857209336943924e-07	1.622538547962904e-09	0.013445600867271423	0.008206691592931747	9.999999974752427e-07	0.013458997011184692	1.2857158253609668e-06	-1.3278622645884752e-08	-1.3278622645884752e-08	1.622538547962904e-09	9.999999974752427e-07	1.622538547962904e-09	0.16246557235717773	1.622538547962904e-09	0.05703481286764145	0.1057061031460762	0.2626262605190277	0.20192477107048035	0.01780684106051922	1.2857121873821598e-06	-1.3278622645884752e-08	9.999999974752427e-07	0.08882559835910797	0.009916089475154877	1.622538547962904e-09	0.20192478597164154	0.05404490977525711	0.02763335406780243	-1.3278622645884752e-08	0.009401543065905571	1.622538547962904e-09	0.1057060956954956	-1.3278622645884752e-08	0.017806850373744965	1.622538547962904e-09	1.622538547962904e-09	4.2857209336943924e-07	1.622538547962904e-09	-7.275957614183426e-12	1.622538547962904e-09	9.999999974752427e-07	1.622538547962904e-09	-1.3278622645884752e-08	9.999999974752427e-07	-1.3278622645884752e-08	0.007519088685512543	1.622538547962904e-09	1.622538547962904e-09	2.255546860396862e-10	0.5330700874328613	0.005072489380836487	5.000001692678779e-07	0.3791336119174957	0.015137091279029846	0.04571791738271713	9.999999974752427e-07	0.4731714725494385	1.622538547962904e-09	0.08930285274982452	0.4731714725494385	0.01418062299489975	0.010177051648497581	9.999999974752427e-07	0.2838803231716156	-1.3278622645884752e-08	1.622538547962904e-09	0.009429080411791801	-1.3278622645884752e-08	0.007485583424568176	9.999999974752427e-07	0.26874327659606934	0.3461630642414093	0.011049933731555939	0.012431889772415161	0.21618442237377167	0.05989852547645569	-1.3278622645884752e-08	1.622538547962904e-09	0.2838802933692932	0.030927835032343864	0.04472164809703827	-1.3278622645884752e-08	0.3934501111507416	1.622538547962904e-09	-1.3278622645884752e-08	0.3934501111507416	0.011049933731555939	0.010177051648497581	-1.3278622645884752e-08	0.16346153616905212	0.04000958055257797	0.08930287510156631	-1.3278622645884752e-08	0.010416666977107525	-1.3278622645884752e-08	0.014316454529762268	0.03628883510828018	0.08930285274982452	1.622538547962904e-09	0.0478060245513916	5.000001692678779e-07	0.028037382289767265	1.622538547962904e-09	1.622538547962904e-09	-1.3278622645884752e-08	-1.3278622645884752e-08	1.5000005078036338e-06	1.622538547962904e-09	-1.3278622645884752e-08	9.999999974752427e-07	-1.3278622645884752e-08	1.622538547962904e-09	0.21618442237377167	0.015137091279029846	0.171462744474411	0.21618443727493286	0.39345014095306396	0.3461630642414093	0.05255880951881409	0.005072489380836487	9.999999974752427e-07	0.02286946028470993	0.1714627593755722	1.622538547962904e-09	0.015137076377868652	0.37913358211517334	0.14954078197479248	0.06023794412612915	0.014316447079181671	0.02286946028470993	0.008695651777088642	0.1714627593755722	1.622538547962904e-09	0.010177051648497581	0.012431897222995758	1.622538547962904e-09	5.000001692678779e-07	9.999999974752427e-07	0.0066950395703315735	0.007796451449394226	-1.3278622645884752e-08	0.030927835032343864	-1.3278622645884752e-08	0.007485583424568176	-1.3278622645884752e-08	0.02777777798473835	-1.3278622645884752e-08	1.622538547962904e-09	0.008695651777088642	0.3669218122959137	0.04854368790984154	5.000001692678779e-07	0.1923389881849289	1.622538547962904e-09	0.021178647875785828	0.019078660756349564	0.26595741510391235	9.999999974752427e-07	0.0752154290676117	0.2984440326690674	0.019078657031059265	9.999999974752427e-07	0.010416666977107525	0.19233904778957367	0.010324249044060707	0.007624365389347076	1.622538547962904e-09	1.622538547962904e-09	1.622538547962904e-09	9.999999974752427e-07	0.19233904778957367	0.19233901798725128	1.622538547962904e-09	0.026356391608715057	0.1634756177663803	0.04025731980800629	1.622538547962904e-09	1.622538547962904e-09	0.19233904778957367	1.622538547962904e-09	0.015332028269767761	0.0117647061124444	0.24910278618335724	0.017785068601369858	-1.3278622645884752e-08	0.24910280108451843	1.622538547962904e-09	9.999999974752427e-07	1.622538547962904e-09	0.11703029274940491	0.015458568930625916	0.0752154141664505	-1.3278622645884752e-08	0.00909090880304575	-1.3278622645884752e-08	0.009573204442858696	0.021178659051656723	0.07521545141935349	0.018691588193178177	0.015458561480045319	5.000001692678779e-07	0.005539216101169586	1.622538547962904e-09	0.017785070464015007	9.999999974752427e-07	0.028220444917678833	1.5000005078036338e-06	1.622538547962904e-09	9.999999974752427e-07	9.999999974752427e-07	-1.3278622645884752e-08	9.999999974752427e-07	0.16347557306289673	1.622538547962904e-09	0.14051920175552368	0.16347557306289673	0.24910277128219604	0.1923389732837677	0.011078426614403725	0.010101010091602802	0.009573204442858696	0.009177438914775848	0.1405191868543625	0.008695651777088642	1.622538547962904e-09	0.2222222089767456	0.1170303225517273	0.041814953088760376	0.011904762126505375	0.009177440777420998	0.010869565419852734	0.14051923155784607	-1.3278622645884752e-08	0.005539216101169586	0.026356391608715057	1.622538547962904e-09	5.000001692678779e-07	0.009999999776482582	0.019078662618994713	1.622538547962904e-09	0.010324249044060707	9.999999974752427e-07	9.999999974752427e-07	1.622538547962904e-09	9.999999974752427e-07	9.999999974752427e-07	1.622538547962904e-09	1.622538547962904e-09	0.012001212686300278	0.43699371814727783	0.05826278030872345	9.999999974752427e-07	0.2679571807384491	9.999999974752427e-07	0.04900254309177399	1.622538547962904e-09	0.3783048689365387	0.009493403136730194	0.06596280634403229	0.3783048391342163	1.622538547962904e-09	9.999999974752427e-07	0.01123595517128706	0.2679571509361267	-2.4010660126805305e-10	1.622538547962904e-09	-1.3278622645884752e-08	1.622538547962904e-09	1.622538547962904e-09	6.666664376098197e-07	0.2545320391654968	0.2679571509361267	0.010989011265337467	1.3333333299669903e-06	0.20756608247756958	0.04900255426764488	1.622538547962904e-09	0.005720056593418121	0.2679571509361267	1.622538547962904e-09	0.01575428992509842	0.010256931185722351	0.3783048391342163	0.01601792871952057	-2.4010660126805305e-10	0.3783048689365387	0.019911106675863266	9.999999974752427e-07	1.622538547962904e-09	0.1568257212638855	0.013005435466766357	0.11561180651187897	0.01815195381641388	6.666664376098197e-07	0.01815195381641388	0.010526316240429878	0.04900252819061279	0.06741572916507721	0.03269492834806442	0.018725495785474777	0.00909090880304575	-2.4010660126805305e-10	1.622538547962904e-09	0.00917431153357029	0.009686267003417015	0.009686268866062164	0.025567827746272087	9.999999974752427e-07	0.043478261679410934	0.01575428992509842	-2.4010660126805305e-10	0.009493403136730194	0.20756609737873077	9.999999974752427e-07	0.15682576596736908	0.20756609737873077	0.3783048689365387	0.2679571211338043	0.030948013067245483	0.025567827746272087	9.999999974752427e-07	9.999999974752427e-07	0.17497771978378296	0.009708737954497337	0.00909090880304575	0.31832000613212585	0.1568257361650467	0.04121395945549011	0.04972795397043228	0.010204081423580647	0.007700018584728241	0.19181180000305176	9.999999974752427e-07	0.011036910116672516	0.022488445043563843	0.016806723549962044	9.999999974752427e-07	0.009615384973585606	1.622538547962904e-09	1.622538547962904e-09	-2.4010660126805305e-10	1.622538547962904e-09	9.999999974752427e-07	1.622538547962904e-09	0.009803921915590763	1.622538547962904e-09	1.622538547962904e-09	9.999999974752427e-07	9.999999974752427e-07	0.3545213043689728	0.02059110254049301	0.010625112801790237	0.21123084425926208	0.02664199471473694	0.0061219222843647	9.999999974752427e-07	0.3018166422843933	0.006626579910516739	0.02059112675487995	0.3018166720867157	0.01864650845527649	-1.3278622645884752e-08	1.622538547962904e-09	0.1669045239686966	0.015181045979261398	9.999999974752427e-07	1.622538547962904e-09	1.622538547962904e-09	0.010238776914775372	1.622538547962904e-09	0.14026254415512085	0.2112308144569397	-1.3278622645884752e-08	1.622538547962904e-09	0.14026251435279846	0.024768419563770294	1.622538547962904e-09	1.622538547962904e-09	0.2112308144569397	-1.3278622645884752e-08	0.011363636702299118	6.912159733474255e-10	0.23242251574993134	-1.3278622645884752e-08	0.006100691854953766	0.29567739367485046	-1.3278622645884752e-08	-1.3278622645884752e-08	1.622538547962904e-09	0.09294700622558594	1.622538547962904e-09	0.06100182235240936	0.01366463303565979	1.622538547962904e-09	0.007563948631286621	0.011995955370366573	0.0061219483613967896	0.030612245202064514	0.00662657618522644	9.073119144886732e-09	-2.4010660126805305e-10	-1.3278622645884752e-08	-1.3278622645884752e-08	-1.3278622645884752e-08	9.999999974752427e-07	0.027936100959777832	0.010625114664435387	0.027522936463356018	0.007871739566326141	9.999999974752427e-07	1.622538547962904e-09	0.006626579910516739	0.14026251435279846	0.010101010091602802	0.09294699132442474	0.14026251435279846	0.29567742347717285	0.21123076975345612	-1.3278622645884752e-08	0.013964534737169743	0.011995954439043999	0.0061219483613967896	0.10661163181066513	1.622538547962904e-09	0.02664199471473694	0.2191026210784912	0.06100182235240936	1.622538547962904e-09	0.013319892808794975	0.0061219483613967896	1.622538547962904e-09	0.10661161690950394	9.999999974752427e-07	-1.3278622645884752e-08	1.622538547962904e-09	1.622538547962904e-09	-2.4010660126805305e-10	1.622538547962904e-09	9.999999974752427e-07	1.622538547962904e-09	0.015181045979261398	1.622538547962904e-09	6.912159733474255e-10	0.010238775983452797	0.007871739566326141	0.006139293313026428	1.622538547962904e-09	1.622538547962904e-09	1.622538547962904e-09	0.36081427335739136	0.07295437157154083	0.008505983278155327	0.2816368341445923	0.009365733712911606	0.026101619005203247	-1.3278622645884752e-08	0.3097529113292694	8.000001798791345e-07	0.07295437157154083	0.3097529113292694	-1.3278622645884752e-08	2.255546860396862e-10	-5.828042048960924e-09	0.22092559933662415	0.024959877133369446	-1.3278622645884752e-08	1.622538547962904e-09	1.622538547962904e-09	-1.3278622645884752e-08	9.999999974752427e-07	0.21155986189842224	0.22092559933662415	2.255546860396862e-10	0.00917431153357029	0.1840570569038391	0.026101604104042053	1.622538547962904e-09	-5.828042048960924e-09	0.22092559933662415	1.622538547962904e-09	-1.3278622645884752e-08	0.008564604446291924	0.2986621558666229	1.622538547962904e-09	9.999999974752427e-07	0.2986621558666229	2.255546860396862e-10	2.255546860396862e-10	1.622538547962904e-09	0.1273503601551056	-5.828042048960924e-09	0.08163265138864517	0.01516491174697876	0.008196720853447914	9.999999974752427e-07	-2.4010660126805305e-10	0.026101619005203247	0.07547169923782349	1.3999997463542968e-06	0.015599853359162807	0.01042632944881916	0.009330726228654385	0.018172089010477066	1.622538547962904e-09	1.622538547962904e-09	0.024959877133369446	0.028257330879569054	9.999999974752427e-07	0.008460652083158493	-1.3278622645884752e-08	9.999999974752427e-07	8.000001798791345e-07	0.14251525700092316	0.009365729987621307	0.1273503601551056	0.14251527190208435	0.2986621558666229	0.2816368341445923	0.00933072715997696	0.05747126415371895	-2.4010660126805305e-10	9.999999974752427e-07	0.14251521229743958	6.000000212225132e-07	0.009365737438201904	0.29009753465652466	0.1273503601551056	0.04308461770415306	-2.4010660126805305e-10	0.009282229468226433	1.622538547962904e-09	0.14251525700092316	9.999999974752427e-07	2.255546860396862e-10	0.027484744787216187	0.017241379246115685	0.009325018152594566	-5.828042048960924e-09	-1.3278622645884752e-08	0.015599831938743591	0.02495986968278885	-2.4010660126805305e-10	9.999999974752427e-07	-1.3278622645884752e-08	0.008460652083158493	0.011090751737356186	1.622538547962904e-09	9.999999974752427e-07	0.016819393262267113
86	-15547.466796875	-1	9	57	76	75	26	89	10	62	48	0	26	84	41	29	91	66	5	0	11	24	14	68	37	85	21	0	0	50	22	3	66	33	67	21	43	7	69	12	0	65	50	77	73	24	43	79	5	42	1	78	57	69	21	34	56	0	70	42	76	31	43	49	25	4	73	63	36	3	21	1	46	80	82	49	14	33	40	77	33	47	9	66	48	69	78	85	57	13	11	50	56	7	32	19	59	7	0	86	47	0.5437127947807312	0.08644906431436539	0.010285336524248123	0.4145510792732239	0.012830331921577454	0.010498285293579102	0.010526316240429878	0.4251323938369751	9.999999974752427e-07	0.08644905686378479	0.44155386090278625	0.06554710865020752	9.999999974752427e-07	9.999999974752427e-07	0.4095746874809265	9.999999974752427e-07	0.005317971110343933	1.622538547962904e-09	1.622538547962904e-09	9.999999974752427e-07	0.02298850566148758	0.39674437046051025	0.4095746576786041	9.999999974752427e-07	0.03314200043678284	0.2897196114063263	0.07604538649320602	1.622538547962904e-09	9.999999974752427e-07	0.4095746576786041	0.0049764662981033325	1.622538547962904e-09	1.622538547962904e-09	0.4145510196685791	0.03333333507180214	-1.3278622645884752e-08	0.42513248324394226	9.999999974752427e-07	9.999999974752427e-07	1.622538547962904e-09	0.22580645978450775	0.012048192322254181	0.1361638456583023	-1.3278622645884752e-08	9.999999974752427e-07	-1.3278622645884752e-08	1.622538547962904e-09	0.010498279705643654	0.1361638605594635	0.030567780137062073	0.02411612868309021	1.622538547962904e-09	0.008196720853447914	0.010869565419852734	9.999999974752427e-07	0.010526316240429878	0.026113219559192657	0.019338728860020638	-2.4010660126805305e-10	-1.3278622645884752e-08	1.622538547962904e-09	-1.3278622645884752e-08	0.030567795038223267	0.2705919146537781	9.999999974752427e-07	0.26527389883995056	0.2705919146537781	0.4251324534416199	0.40957462787628174	0.030927833169698715	0.05588129162788391	1.622538547962904e-09	0.010498277842998505	0.2652738690376282	-1.3278622645884752e-08	0.012830331921577454	0.4145510792732239	0.22250455617904663	0.08634074777364731	1.622538547962904e-09	0.010498279705643654	1.622538547962904e-09	0.26527389883995056	0.036036036908626556	0.009900989942252636	0.062224678695201874	0.029082641005516052	0.009053405374288559	9.999999974752427e-07	0.012195121496915817	9.999999974752427e-07	0.008547008968889713	-1.3278622645884752e-08	1.622538547962904e-09	9.999999974752427e-07	-1.3278622645884752e-08	-1.3278622645884752e-08	1.622538547962904e-09	9.999999974752427e-07	1.622538547962904e-09	0.4231007397174835	0.04496558755636215	0.010405869223177433	0.2722354531288147	0.010044899769127369	0.021052632480859756	9.999999974752427e-07	0.31625208258628845	0.018691588193178177	0.05226296931505203	0.31625211238861084	0.01785714365541935	0.010989011265337467	1.622538547962904e-09	0.2722354531288147	9.999999974752427e-07	1.622538547962904e-09	0.019417475908994675	1.622538547962904e-09	9.999999974752427e-07	6.666664376098197e-07	0.2291666716337204	0.2722354531288147	9.999999974752427e-07	1.3333333299669903e-06	0.1819043606519699	0.09699182957410812	1.622538547962904e-09	0.0078512541949749	0.2722354531288147	1.622538547962904e-09	1.622538547962904e-09	0.010638297535479069	0.31625205278396606	9.999999974752427e-07	-7.275957614183426e-12	0.31625205278396606	0.010526316240429878	0.009009009227156639	1.622538547962904e-09	0.10256187617778778	1.622538547962904e-09	0.0606570690870285	0.008510754443705082	6.666664376098197e-07	-7.275957614183426e-12	9.999999974752427e-07	1.3999997463542968e-06	0.05226297304034233	0.034559715539216995	0.022432174533605576	2.255546860396862e-10	9.999999974752427e-07	9.999999974752427e-07	9.999999974752427e-07	0.008264463394880295	0.009856700897216797	0.010405868291854858	0.008394084870815277	1.622538547962904e-09	1.622538547962904e-09	0.008510754443705082	0.034559715539216995	0.18190431594848633	0.010044899769127369	0.11764705926179886	0.18190434575080872	0.31625205278396606	0.2722354531288147	0.042105261236429214	0.010405870154500008	9.999999974752427e-07	8.000001798791345e-07	0.18190434575080872	1.622538547962904e-09	0.010044898837804794	0.2722354531288147	0.10256189107894897	0.04190482199192047	9.999999974752427e-07	8.000001798791345e-07	0.00729738175868988	0.18190434575080872	1.622538547962904e-09	0.016949152573943138	0.01947261206805706	9.999999974752427e-07	2.255546860396862e-10	1.622538547962904e-09	0.011627906933426857	0.014580924063920975	9.999999974752427e-07	1.622538547962904e-09	9.999999974752427e-07	9.999999974752427e-07	1.622538547962904e-09	1.622538547962904e-09	1.622538547962904e-09	9.999999974752427e-07	6.000000212225132e-07	0.4494662880897522	0.08000115305185318	9.999999974752427e-07	0.3330483138561249	-1.3278622645884752e-08	0.03483249247074127	9.999999974752427e-07	0.386263370513916	0.009220771491527557	0.08756303787231445	0.38626334071159363	0.013322077691555023	-1.3278622645884752e-08	9.999999974752427e-07	0.2947915494441986	9.999999974752427e-07	0.029411764815449715	9.999999974752427e-07	-1.3278622645884752e-08	0.008118398487567902	0.010526316240429878	0.2947915494441986	0.2947915196418762	-1.3278622645884752e-08	0.01075268816202879	0.2947915196418762	0.04815460741519928	-1.3278622645884752e-08	0.02777777798473835	0.2947915494441986	0.019186578691005707	9.999999974752427e-07	0.008000463247299194	0.38626325130462646	-1.3278622645884752e-08	1.622538547962904e-09	0.38626331090927124	-1.3278622645884752e-08	-1.3278622645884752e-08	-1.3278622645884752e-08	0.1528805047273636	9.999999974752427e-07	0.08756301552057266	0.009048528037965298	9.999999974752427e-07	1.622538547962904e-09	0.009130984544754028	0.02860131859779358	0.08756303787231445	0.009220770560204983	0.04123711213469505	9.999999974752427e-07	-1.3278622645884752e-08	-1.3278622645884752e-08	-1.3278622645884752e-08	0.008003763854503632	0.015048369765281677	0.029999999329447746	1.622538547962904e-09	0.00909090880304575	9.999999974752427e-07	0.009048528969287872	0.009220771491527557	0.2947915196418762	-1.3278622645884752e-08	0.15288051962852478	0.2499999850988388	0.38626334071159363	0.31386175751686096	-1.3278622645884752e-08	0.032608695328235626	0.009130991995334625	9.999999974752427e-07	0.16192904114723206	-2.4010660126805305e-10	-1.3278622645884752e-08	0.36913180351257324	0.1528804898262024	0.06531748175621033	0.009130977094173431	0.028601333498954773	0.00756189227104187	0.16814157366752625	1.622538547962904e-09	-1.3278622645884752e-08	0.021052632480859756	0.009900989942252636	0.027272727340459824	9.999999974752427e-07	0.005203664302825928	0.008620689623057842	0.007044591009616852	-1.3278622645884752e-08	0.008000463247299194	0.008118398487567902	9.999999974752427e-07	-1.3278622645884752e-08	-1.3278622645884752e-08	9.999999974752427e-07	1.622538547962904e-09	0.4417252242565155	0.024390242993831635	9.999999974752427e-07	0.30527326464653015	0.010416666977107525	0.014637134969234467	9.999999974752427e-07	0.3760969042778015	9.999999974752427e-07	0.04878048598766327	0.3760969042778015	0.05099133402109146	9.999999974752427e-07	0.008882244117558002	0.30527329444885254	1.622538547962904e-09	1.622538547962904e-09	1.622538547962904e-09	1.622538547962904e-09	0.030414395034313202	0.012048192322254181	0.29318323731422424	0.30527329444885254	9.999999974752427e-07	0.017391303554177284	0.2670987844467163	0.06562843918800354	1.622538547962904e-09	0.010416666977107525	0.30527329444885254	1.622538547962904e-09	1.622538547962904e-09	1.622538547962904e-09	0.30527329444885254	1.622538547962904e-09	0.010526316240429878	0.3760969042778015	9.999999974752427e-07	9.999999974752427e-07	1.622538547962904e-09	0.14387741684913635	0.025641024112701416	0.07431011646986008	0.032608695328235626	9.999999974752427e-07	0.009615384973585606	1.622538547962904e-09	0.014637134969234467	0.07431010156869888	0.010309278033673763	0.04452749714255333	0.009433962404727936	9.999999974752427e-07	1.622538547962904e-09	1.622538547962904e-09	1.622538547962904e-09	1.622538547962904e-09	0.009569531306624413	1.622538547962904e-09	1.622538547962904e-09	1.622538547962904e-09	0.01123595517128706	9.999999974752427e-07	0.20471768081188202	9.999999974752427e-07	0.14387744665145874	0.2047176957130432	0.3052733242511749	0.30527329444885254	0.026084452867507935	0.009569531306624413	1.622538547962904e-09	0.010101010091602802	0.204717755317688	0.010204081423580647	0.010989011265337467	0.30527329444885254	0.14387741684913635	0.06956726312637329	1.622538547962904e-09	0.01463712751865387	9.999999974752427e-07	0.20471777021884918	0.009803921915590763	9.999999974752427e-07	0.02503982186317444	9.999999974752427e-07	9.999999974752427e-07	0.008882243186235428	0.020576931536197662	9.999999974752427e-07	1.622538547962904e-09	1.622538547962904e-09	1.622538547962904e-09	9.999999974752427e-07	1.622538547962904e-09	1.622538547962904e-09	1.622538547962904e-09	9.999999974752427e-07	1.622538547962904e-09	0.3537144362926483	0.026411600410938263	4.2857209336943924e-07	0.20192477107048035	1.622538547962904e-09	0.027027027681469917	-7.275957614183426e-12	0.28152182698249817	1.622538547962904e-09	0.026411592960357666	0.2815217971801758	0.010256588459014893	9.999999974752427e-07	1.622538547962904e-09	0.20192477107048035	9.999999974752427e-07	1.622538547962904e-09	9.999999974752427e-07	1.622538547962904e-09	0.010256589390337467	1.622538547962904e-09	0.20192474126815796	0.20192478597164154	1.622538547962904e-09	1.622538547962904e-09	0.16246558725833893	0.05873368680477142	1.622538547962904e-09	0.027633357793092728	0.20192477107048035	-1.3278622645884752e-08	1.622538547962904e-09	-1.3278622645884752e-08	0.20192483067512512	0.008206691592931747	9.999999974752427e-07	0.2740027904510498	1.622538547962904e-09	9.999999974752427e-07	1.622538547962904e-09	0.057034820318222046	1.622538547962904e-09	0.02641156315803528	0.03179077059030533	1.622538547962904e-09	9.999999974752427e-07	-1.3278622645884752e-08	0.009401541203260422	0.026411622762680054	0.009916093200445175	0.027633368968963623	4.2857209336943924e-07	1.622538547962904e-09	0.013445600867271423	0.008206691592931747	9.999999974752427e-07	0.013458997011184692	1.2857158253609668e-06	-1.3278622645884752e-08	-1.3278622645884752e-08	1.622538547962904e-09	9.999999974752427e-07	1.622538547962904e-09	0.16246557235717773	1.622538547962904e-09	0.05703481286764145	0.1057061031460762	0.2626262605190277	0.20192477107048035	0.01780684106051922	1.2857121873821598e-06	-1.3278622645884752e-08	9.999999974752427e-07	0.08882559835910797	0.009916089475154877	1.622538547962904e-09	0.20192478597164154	0.05404488742351532	0.027633346617221832	-1.3278622645884752e-08	0.009401543065905571	1.622538547962904e-09	0.1057060956954956	-1.3278622645884752e-08	0.017806850373744965	1.622538547962904e-09	1.622538547962904e-09	4.2857209336943924e-07	1.622538547962904e-09	-7.275957614183426e-12	1.622538547962904e-09	9.999999974752427e-07	1.622538547962904e-09	-1.3278622645884752e-08	9.999999974752427e-07	-1.3278622645884752e-08	0.007519088685512543	1.622538547962904e-09	1.622538547962904e-09	2.255546860396862e-10	0.5330700874328613	0.005072489380836487	5.000001692678779e-07	0.3791336119174957	0.015137091279029846	0.04571787267923355	9.999999974752427e-07	0.4731714725494385	1.622538547962904e-09	0.08930285274982452	0.4731714725494385	0.014180600643157959	0.010177051648497581	9.999999974752427e-07	0.2838803231716156	-1.3278622645884752e-08	1.622538547962904e-09	0.00942906178534031	-1.3278622645884752e-08	0.007485568523406982	9.999999974752427e-07	0.26874327659606934	0.3461630642414093	0.011049933731555939	0.012431889772415161	0.21618442237377167	0.05989852547645569	-1.3278622645884752e-08	1.622538547962904e-09	0.2838802933692932	0.030927835032343864	0.04472164809703827	-1.3278622645884752e-08	0.3934500813484192	1.622538547962904e-09	-1.3278622645884752e-08	0.3934501111507416	0.011049933731555939	0.010177051648497581	-1.3278622645884752e-08	0.16346153616905212	0.04000958427786827	0.08930284529924393	-1.3278622645884752e-08	0.010416666977107525	-1.3278622645884752e-08	0.014316469430923462	0.03628882020711899	0.08930286765098572	1.622538547962904e-09	0.047806039452552795	5.000001692678779e-07	0.028037382289767265	1.622538547962904e-09	1.622538547962904e-09	-1.3278622645884752e-08	-1.3278622645884752e-08	1.5000005078036338e-06	1.622538547962904e-09	-1.3278622645884752e-08	9.999999974752427e-07	-1.3278622645884752e-08	1.622538547962904e-09	0.21618442237377167	0.015137091279029846	0.171462744474411	0.21618443727493286	0.3934501111507416	0.3461630642414093	0.05255880951881409	0.005072489380836487	9.999999974752427e-07	0.02286946028470993	0.1714627593755722	1.622538547962904e-09	0.015137076377868652	0.37913358211517334	0.1495407670736313	0.060237932950258255	0.014316476881504059	0.02286946028470993	0.008695651777088642	0.1714627593755722	1.622538547962904e-09	0.010177051648497581	0.012431911192834377	1.622538547962904e-09	5.000001692678779e-07	9.999999974752427e-07	0.006695017218589783	0.0077964551746845245	-1.3278622645884752e-08	0.030927835032343864	-1.3278622645884752e-08	0.007485572248697281	-1.3278622645884752e-08	0.02777777798473835	-1.3278622645884752e-08	1.622538547962904e-09	0.008695651777088642	0.36692193150520325	0.04854368790984154	5.000001692678779e-07	0.19233906269073486	1.622538547962904e-09	0.02117866277694702	0.019078664481639862	0.26595744490623474	9.999999974752427e-07	0.0752153992652893	0.29844406247138977	0.01907867193222046	9.999999974752427e-07	0.010416666977107525	0.19233909249305725	0.010324249044060707	0.007624350488185883	1.622538547962904e-09	1.622538547962904e-09	1.622538547962904e-09	9.999999974752427e-07	0.19233906269073486	0.19233906269073486	1.622538547962904e-09	0.026356399059295654	0.1634756326675415	0.04025731980800629	1.622538547962904e-09	1.622538547962904e-09	0.19233906269073486	1.622538547962904e-09	0.015332013368606567	0.0117647061124444	0.24910280108451843	0.01778504252433777	-1.3278622645884752e-08	0.24910281598567963	1.622538547962904e-09	9.999999974752427e-07	1.622538547962904e-09	0.11703029274940491	0.015458568930625916	0.07521544396877289	-1.3278622645884752e-08	0.00909090880304575	-1.3278622645884752e-08	0.009573204442858696	0.021178651601076126	0.07521546632051468	0.018691588193178177	0.015458561480045319	5.000001692678779e-07	0.005539208650588989	1.622538547962904e-09	0.017785044386982918	9.999999974752427e-07	0.028220444917678833	1.5000005078036338e-06	1.622538547962904e-09	9.999999974752427e-07	9.999999974752427e-07	-1.3278622645884752e-08	9.999999974752427e-07	0.16347557306289673	1.622538547962904e-09	0.14051920175552368	0.16347557306289673	0.24910281598567963	0.19233901798725128	0.01107838749885559	0.010101010091602802	0.009573204442858696	0.009177438914775848	0.1405191868543625	0.008695651777088642	1.622538547962904e-09	0.2222222238779068	0.1170303225517273	0.041814953088760376	0.011904762126505375	0.009177438914775848	0.010869565419852734	0.14051921665668488	-1.3278622645884752e-08	0.005539208650588989	0.02635638415813446	1.622538547962904e-09	5.000001692678779e-07	0.009999999776482582	0.019078662618994713	1.622538547962904e-09	0.010324249044060707	9.999999974752427e-07	9.999999974752427e-07	1.622538547962904e-09	9.999999974752427e-07	9.999999974752427e-07	1.622538547962904e-09	1.622538547962904e-09	0.012001212686300278	0.43699371814727783	0.05826278030872345	9.999999974752427e-07	0.2679571807384491	9.999999974752427e-07	0.04900254309177399	1.622538547962904e-09	0.3783048689365387	0.009493403136730194	0.06596280634403229	0.3783048391342163	1.622538547962904e-09	9.999999974752427e-07	0.01123595517128706	0.2679571509361267	-2.4010660126805305e-10	1.622538547962904e-09	-1.3278622645884752e-08	1.622538547962904e-09	1.622538547962904e-09	6.666664376098197e-07	0.2545320391654968	0.2679571509361267	0.010989011265337467	1.3333333299669903e-06	0.20756608247756958	0.04900255426764488	1.622538547962904e-09	0.005720056593418121	0.2679571509361267	1.622538547962904e-09	0.01575428992509842	0.010256931185722351	0.3783048391342163	0.01601792871952057	-2.4010660126805305e-10	0.3783048689365387	0.019911106675863266	9.999999974752427e-07	1.622538547962904e-09	0.1568257212638855	0.013005435466766357	0.11561180651187897	0.01815195381641388	6.666664376098197e-07	0.01815195381641388	0.010526316240429878	0.04900252819061279	0.06741572916507721	0.03269492834806442	0.018725495785474777	0.00909090880304575	-2.4010660126805305e-10	1.622538547962904e-09	0.00917431153357029	0.009686267003417015	0.009686268866062164	0.025567827746272087	9.999999974752427e-07	0.043478261679410934	0.01575428992509842	-2.4010660126805305e-10	0.009493403136730194	0.20756609737873077	9.999999974752427e-07	0.15682576596736908	0.20756609737873077	0.3783048689365387	0.2679571211338043	0.030948013067245483	0.025567827746272087	9.999999974752427e-07	9.999999974752427e-07	0.17497771978378296	0.009708737954497337	0.00909090880304575	0.31832000613212585	0.1568257361650467	0.04121395945549011	0.04972795397043228	0.010204081423580647	0.007700018584728241	0.19181180000305176	9.999999974752427e-07	0.011036910116672516	0.022488445043563843	0.016806723549962044	9.999999974752427e-07	0.009615384973585606	1.622538547962904e-09	1.622538547962904e-09	-2.4010660126805305e-10	1.622538547962904e-09	9.999999974752427e-07	1.622538547962904e-09	0.009803921915590763	1.622538547962904e-09	1.622538547962904e-09	9.999999974752427e-07	9.999999974752427e-07	0.3545213043689728	0.02059110254049301	0.010625112801790237	0.21123084425926208	0.02664199471473694	0.0061219222843647	9.999999974752427e-07	0.3018166422843933	0.006626579910516739	0.02059112675487995	0.3018166720867157	0.01864650845527649	-1.3278622645884752e-08	1.622538547962904e-09	0.1669045239686966	0.015181045979261398	9.999999974752427e-07	1.622538547962904e-09	1.622538547962904e-09	0.010238776914775372	1.622538547962904e-09	0.14026254415512085	0.2112308144569397	-1.3278622645884752e-08	1.622538547962904e-09	0.14026251435279846	0.024768419563770294	1.622538547962904e-09	1.622538547962904e-09	0.2112308144569397	-1.3278622645884752e-08	0.011363636702299118	6.912159733474255e-10	0.23242251574993134	-1.3278622645884752e-08	0.006100691854953766	0.29567739367485046	-1.3278622645884752e-08	-1.3278622645884752e-08	1.622538547962904e-09	0.09294700622558594	1.622538547962904e-09	0.06100182980298996	0.01366463303565979	1.622538547962904e-09	0.007563948631286621	0.011995955370366573	0.0061219483613967896	0.030612245202064514	0.00662657618522644	9.073119144886732e-09	-2.4010660126805305e-10	-1.3278622645884752e-08	-1.3278622645884752e-08	-1.3278622645884752e-08	9.999999974752427e-07	0.027936100959777832	0.010625114664435387	0.027522936463356018	0.007871739566326141	9.999999974752427e-07	1.622538547962904e-09	0.006626579910516739	0.14026251435279846	0.010101010091602802	0.09294699132442474	0.14026251435279846	0.29567742347717285	0.21123076975345612	-1.3278622645884752e-08	0.013964534737169743	0.011995954439043999	0.0061219483613967896	0.10661163181066513	1.622538547962904e-09	0.02664199471473694	0.2191026210784912	0.06100182980298996	1.622538547962904e-09	0.013319892808794975	0.0061219483613967896	1.622538547962904e-09	0.10661161690950394	9.999999974752427e-07	-1.3278622645884752e-08	1.622538547962904e-09	1.622538547962904e-09	-2.4010660126805305e-10	1.622538547962904e-09	9.999999974752427e-07	1.622538547962904e-09	0.015181045979261398	1.622538547962904e-09	6.912159733474255e-10	0.010238775983452797	0.007871739566326141	0.006139293313026428	1.622538547962904e-09	1.622538547962904e-09	1.622538547962904e-09	0.36081427335739136	0.07295437157154083	0.008505983278155327	0.2816368341445923	0.009365733712911606	0.026101619005203247	-1.3278622645884752e-08	0.3097529113292694	8.000001798791345e-07	0.07295437157154083	0.3097529113292694	-1.3278622645884752e-08	2.255546860396862e-10	-5.828042048960924e-09	0.22092559933662415	0.024959877133369446	-1.3278622645884752e-08	1.622538547962904e-09	1.622538547962904e-09	-1.3278622645884752e-08	9.999999974752427e-07	0.21155986189842224	0.22092559933662415	2.255546860396862e-10	0.00917431153357029	0.1840570569038391	0.026101604104042053	1.622538547962904e-09	-5.828042048960924e-09	0.22092559933662415	1.622538547962904e-09	-1.3278622645884752e-08	0.008564604446291924	0.2986621558666229	1.622538547962904e-09	9.999999974752427e-07	0.2986621558666229	2.255546860396862e-10	2.255546860396862e-10	1.622538547962904e-09	0.1273503601551056	-5.828042048960924e-09	0.08163265138864517	0.01516491174697876	0.008196720853447914	9.999999974752427e-07	-2.4010660126805305e-10	0.026101619005203247	0.07547169923782349	1.3999997463542968e-06	0.015599853359162807	0.01042632944881916	0.009330726228654385	0.018172089010477066	1.622538547962904e-09	1.622538547962904e-09	0.024959877133369446	0.028257330879569054	9.999999974752427e-07	0.008460652083158493	-1.3278622645884752e-08	9.999999974752427e-07	8.000001798791345e-07	0.14251525700092316	0.009365729987621307	0.1273503601551056	0.14251527190208435	0.2986621558666229	0.2816368341445923	0.00933072715997696	0.05747126415371895	-2.4010660126805305e-10	9.999999974752427e-07	0.14251521229743958	6.000000212225132e-07	0.009365737438201904	0.29009753465652466	0.1273503601551056	0.04308461770415306	-2.4010660126805305e-10	0.009282229468226433	1.622538547962904e-09	0.14251525700092316	9.999999974752427e-07	2.255546860396862e-10	0.027484744787216187	0.017241379246115685	0.009325018152594566	-5.828042048960924e-09	-1.3278622645884752e-08	0.015599831938743591	0.02495986968278885	-2.4010660126805305e-10	9.999999974752427e-07	-1.3278622645884752e-08	0.008460652083158493	0.011090751737356186	1.622538547962904e-09	9.999999974752427e-07	0.016819393262267113
87	-15547.466796875	-1	9	57	76	75	26	89	10	62	48	0	26	84	41	29	91	66	5	0	11	24	14	68	37	85	21	0	0	50	22	3	66	33	67	21	43	7	69	12	0	65	50	77	73	24	43	79	5	42	1	78	57	69	21	34	56	0	70	42	76	31	43	49	25	4	73	63	36	3	21	1	46	80	82	49	14	33	40	77	33	47	9	66	48	69	78	85	57	13	11	50	56	7	32	19	59	7	0	87	47	0.5437127947807312	0.08644906431436539	0.010285336524248123	0.4145510792732239	0.012830331921577454	0.010498285293579102	0.010526316240429878	0.4251323938369751	9.999999974752427e-07	0.08644905686378479	0.44155386090278625	0.06554710865020752	9.999999974752427e-07	9.999999974752427e-07	0.4095746874809265	9.999999974752427e-07	0.005317971110343933	1.622538547962904e-09	1.622538547962904e-09	9.999999974752427e-07	0.02298850566148758	0.39674437046051025	0.4095746576786041	9.999999974752427e-07	0.03314200043678284	0.2897196114063263	0.07604538649320602	1.622538547962904e-09	9.999999974752427e-07	0.4095746576786041	0.0049764662981033325	1.622538547962904e-09	1.622538547962904e-09	0.4145510196685791	0.03333333507180214	-1.3278622645884752e-08	0.42513248324394226	9.999999974752427e-07	9.999999974752427e-07	1.622538547962904e-09	0.22580645978450775	0.012048192322254181	0.1361638456583023	-1.3278622645884752e-08	9.999999974752427e-07	-1.3278622645884752e-08	1.622538547962904e-09	0.010498279705643654	0.1361638605594635	0.030567780137062073	0.02411612868309021	1.622538547962904e-09	0.008196720853447914	0.010869565419852734	9.999999974752427e-07	0.010526316240429878	0.026113219559192657	0.019338728860020638	-2.4010660126805305e-10	-1.3278622645884752e-08	1.622538547962904e-09	-1.3278622645884752e-08	0.030567795038223267	0.2705919146537781	9.999999974752427e-07	0.26527389883995056	0.2705919146537781	0.4251324534416199	0.40957462787628174	0.030927833169698715	0.05588129162788391	1.622538547962904e-09	0.010498277842998505	0.2652738690376282	-1.3278622645884752e-08	0.012830331921577454	0.4145510792732239	0.22250455617904663	0.08634074777364731	1.622538547962904e-09	0.010498279705643654	1.622538547962904e-09	0.26527389883995056	0.036036036908626556	0.009900989942252636	0.062224678695201874	0.029082641005516052	0.009053405374288559	9.999999974752427e-07	0.012195121496915817	9.999999974752427e-07	0.008547008968889713	-1.3278622645884752e-08	1.622538547962904e-09	9.999999974752427e-07	-1.3278622645884752e-08	-1.3278622645884752e-08	1.622538547962904e-09	9.999999974752427e-07	1.622538547962904e-09	0.42310068011283875	0.044965583831071854	0.01040586270391941	0.2722354233264923	0.010044899769127369	0.021052632480859756	9.999999974752427e-07	0.31625205278396606	0.018691588193178177	0.05226296931505203	0.31625208258628845	0.01785714365541935	0.010989011265337467	1.622538547962904e-09	0.2722354829311371	9.999999974752427e-07	1.622538547962904e-09	0.019417475908994675	1.622538547962904e-09	9.999999974752427e-07	6.666664376098197e-07	0.2291666716337204	0.2722355127334595	9.999999974752427e-07	1.3333333299669903e-06	0.18190434575080872	0.09699182957410812	1.622538547962904e-09	0.007851257920265198	0.2722354829311371	1.622538547962904e-09	1.622538547962904e-09	0.010638297535479069	0.31625205278396606	9.999999974752427e-07	-7.275957614183426e-12	0.31625205278396606	0.010526316240429878	0.009009009227156639	1.622538547962904e-09	0.10256189852952957	1.622538547962904e-09	0.06065705418586731	0.008510754443705082	6.666664376098197e-07	-7.275957614183426e-12	9.999999974752427e-07	1.3999997463542968e-06	0.05226297676563263	0.034559715539216995	0.022432170808315277	2.255546860396862e-10	9.999999974752427e-07	9.999999974752427e-07	9.999999974752427e-07	0.008264463394880295	0.009856697171926498	0.01040586456656456	0.008394081145524979	1.622538547962904e-09	1.622538547962904e-09	0.008510754443705082	0.034559715539216995	0.18190431594848633	0.010044899769127369	0.11764705926179886	0.18190433084964752	0.31625205278396606	0.2722354531288147	0.042105261236429214	0.01040586456656456	9.999999974752427e-07	8.000001798791345e-07	0.18190434575080872	1.622538547962904e-09	0.010044898837804794	0.2722353935241699	0.10256186127662659	0.04190482199192047	9.999999974752427e-07	8.000001798791345e-07	0.00729738175868988	0.18190433084964752	1.622538547962904e-09	0.016949152573943138	0.01947261206805706	9.999999974752427e-07	2.255546860396862e-10	1.622538547962904e-09	0.011627906933426857	0.014580927789211273	9.999999974752427e-07	1.622538547962904e-09	9.999999974752427e-07	9.999999974752427e-07	1.622538547962904e-09	1.622538547962904e-09	1.622538547962904e-09	2.255546860396862e-10	6.000000212225132e-07	0.4494662880897522	0.08000115305185318	9.999999974752427e-07	0.3330483138561249	-1.3278622645884752e-08	0.03483249247074127	9.999999974752427e-07	0.386263370513916	0.009220771491527557	0.08756303787231445	0.38626334071159363	0.013322077691555023	-1.3278622645884752e-08	9.999999974752427e-07	0.2947915494441986	9.999999974752427e-07	0.029411764815449715	9.999999974752427e-07	-1.3278622645884752e-08	0.008118398487567902	0.010526316240429878	0.2947915494441986	0.2947915196418762	-1.3278622645884752e-08	0.01075268816202879	0.2947915196418762	0.04815460741519928	-1.3278622645884752e-08	0.02777777798473835	0.2947915494441986	0.019186578691005707	9.999999974752427e-07	0.008000463247299194	0.38626325130462646	-1.3278622645884752e-08	1.622538547962904e-09	0.38626331090927124	-1.3278622645884752e-08	-1.3278622645884752e-08	-1.3278622645884752e-08	0.1528805047273636	9.999999974752427e-07	0.08756301552057266	0.009048528037965298	9.999999974752427e-07	1.622538547962904e-09	0.009130984544754028	0.02860131859779358	0.08756303787231445	0.009220770560204983	0.04123711213469505	9.999999974752427e-07	-1.3278622645884752e-08	-1.3278622645884752e-08	-1.3278622645884752e-08	0.008003763854503632	0.015048369765281677	0.029999999329447746	1.622538547962904e-09	0.00909090880304575	9.999999974752427e-07	0.009048528969287872	0.009220771491527557	0.2947915196418762	-1.3278622645884752e-08	0.15288051962852478	0.2499999850988388	0.38626334071159363	0.31386175751686096	-1.3278622645884752e-08	0.032608695328235626	0.009130991995334625	9.999999974752427e-07	0.16192904114723206	-2.4010660126805305e-10	-1.3278622645884752e-08	0.36913180351257324	0.1528804898262024	0.06531748175621033	0.009130977094173431	0.028601333498954773	0.00756189227104187	0.16814157366752625	1.622538547962904e-09	-1.3278622645884752e-08	0.021052632480859756	0.009900989942252636	0.027272727340459824	9.999999974752427e-07	0.005203664302825928	0.008620689623057842	0.007044591009616852	-1.3278622645884752e-08	0.008000463247299194	0.008118398487567902	9.999999974752427e-07	-1.3278622645884752e-08	-1.3278622645884752e-08	9.999999974752427e-07	1.622538547962904e-09	0.4417252242565155	0.024390242993831635	9.999999974752427e-07	0.30527326464653015	0.010416666977107525	0.014637134969234467	9.999999974752427e-07	0.3760969042778015	9.999999974752427e-07	0.04878048598766327	0.3760969042778015	0.05099133402109146	9.999999974752427e-07	0.008882244117558002	0.30527329444885254	1.622538547962904e-09	1.622538547962904e-09	1.622538547962904e-09	1.622538547962904e-09	0.030414395034313202	0.012048192322254181	0.29318323731422424	0.30527329444885254	9.999999974752427e-07	0.017391303554177284	0.2670987844467163	0.06562843918800354	1.622538547962904e-09	0.010416666977107525	0.30527329444885254	1.622538547962904e-09	1.622538547962904e-09	1.622538547962904e-09	0.30527329444885254	1.622538547962904e-09	0.010526316240429878	0.3760969042778015	9.999999974752427e-07	9.999999974752427e-07	1.622538547962904e-09	0.14387741684913635	0.025641024112701416	0.07431011646986008	0.032608695328235626	9.999999974752427e-07	0.009615384973585606	1.622538547962904e-09	0.014637134969234467	0.07431010156869888	0.010309278033673763	0.04452749714255333	0.009433962404727936	9.999999974752427e-07	1.622538547962904e-09	1.622538547962904e-09	1.622538547962904e-09	1.622538547962904e-09	0.009569531306624413	1.622538547962904e-09	1.622538547962904e-09	1.622538547962904e-09	0.01123595517128706	9.999999974752427e-07	0.20471768081188202	9.999999974752427e-07	0.14387744665145874	0.2047176957130432	0.3052733242511749	0.30527329444885254	0.026084452867507935	0.009569531306624413	1.622538547962904e-09	0.010101010091602802	0.204717755317688	0.010204081423580647	0.010989011265337467	0.30527329444885254	0.14387741684913635	0.06956726312637329	1.622538547962904e-09	0.01463712751865387	9.999999974752427e-07	0.20471777021884918	0.009803921915590763	9.999999974752427e-07	0.02503982186317444	9.999999974752427e-07	9.999999974752427e-07	0.008882243186235428	0.020576931536197662	9.999999974752427e-07	1.622538547962904e-09	1.622538547962904e-09	1.622538547962904e-09	9.999999974752427e-07	1.622538547962904e-09	1.622538547962904e-09	1.622538547962904e-09	9.999999974752427e-07	1.622538547962904e-09	0.3537144362926483	0.026411600410938263	3.333334461785853e-07	0.20192477107048035	1.622538547962904e-09	0.027027027681469917	-7.275957614183426e-12	0.28152182698249817	1.622538547962904e-09	0.026411622762680054	0.2815217971801758	0.010256588459014893	9.999999974752427e-07	1.622538547962904e-09	0.20192477107048035	9.999999974752427e-07	1.622538547962904e-09	9.999999974752427e-07	1.622538547962904e-09	0.010256589390337467	1.622538547962904e-09	0.20192474126815796	0.20192478597164154	1.622538547962904e-09	1.622538547962904e-09	0.16246558725833893	0.05873368680477142	1.622538547962904e-09	0.027633339166641235	0.20192477107048035	-1.3278622645884752e-08	1.622538547962904e-09	-1.3278622645884752e-08	0.20192483067512512	0.008206691592931747	9.999999974752427e-07	0.2740027904510498	1.622538547962904e-09	9.999999974752427e-07	1.622538547962904e-09	0.05703481286764145	1.622538547962904e-09	0.02641153335571289	0.03179077059030533	1.622538547962904e-09	9.999999974752427e-07	-1.3278622645884752e-08	0.009401541203260422	0.026411622762680054	0.009916093200445175	0.027633339166641235	3.333334461785853e-07	1.622538547962904e-09	0.013445600867271423	0.008206691592931747	9.999999974752427e-07	0.013458997011184692	1.3333333299669903e-06	-1.3278622645884752e-08	-1.3278622645884752e-08	1.622538547962904e-09	9.999999974752427e-07	1.622538547962904e-09	0.16246557235717773	1.622538547962904e-09	0.05703481659293175	0.10570608824491501	0.2626262605190277	0.20192477107048035	0.01780684106051922	1.3333333299669903e-06	-1.3278622645884752e-08	9.999999974752427e-07	0.08882559835910797	0.009916089475154877	1.622538547962904e-09	0.20192478597164154	0.05404491350054741	0.027633339166641235	-1.3278622645884752e-08	0.009401543065905571	1.622538547962904e-09	0.1057060956954956	-1.3278622645884752e-08	0.017806850373744965	1.622538547962904e-09	1.622538547962904e-09	6.666664376098197e-07	1.622538547962904e-09	-7.275957614183426e-12	1.622538547962904e-09	9.999999974752427e-07	1.622538547962904e-09	-1.3278622645884752e-08	9.999999974752427e-07	-1.3278622645884752e-08	0.007519088685512543	1.622538547962904e-09	6.666664376098197e-07	2.255546860396862e-10	0.5330701470375061	0.005072489380836487	4.2857209336943924e-07	0.3791336119174957	0.015137098729610443	0.04571789503097534	9.999999974752427e-07	0.47317150235176086	1.622538547962904e-09	0.08930285274982452	0.47317150235176086	0.014180606231093407	0.010177051648497581	9.999999974752427e-07	0.283880352973938	-1.3278622645884752e-08	1.622538547962904e-09	0.009429067373275757	-1.3278622645884752e-08	0.007485583424568176	9.999999974752427e-07	0.2687433063983917	0.3461630940437317	0.011049933731555939	0.012431889772415161	0.21618443727493286	0.059898555278778076	-1.3278622645884752e-08	1.622538547962904e-09	0.2838802933692932	0.030927835032343864	0.04472166299819946	-1.3278622645884752e-08	0.39345017075538635	1.622538547962904e-09	-1.3278622645884752e-08	0.39345014095306396	0.011049933731555939	0.010177051648497581	-1.3278622645884752e-08	0.16346153616905212	0.04000958055257797	0.08930287510156631	-1.3278622645884752e-08	0.010416666977107525	-1.3278622645884752e-08	0.014316469430923462	0.036288827657699585	0.08930285274982452	1.622538547962904e-09	0.0478060245513916	4.2857209336943924e-07	0.028037382289767265	1.622538547962904e-09	1.622538547962904e-09	-1.3278622645884752e-08	-1.3278622645884752e-08	1.5714285837020725e-06	1.622538547962904e-09	-1.3278622645884752e-08	9.999999974752427e-07	-1.3278622645884752e-08	1.622538547962904e-09	0.21618443727493286	0.015137098729610443	0.171462744474411	0.21618443727493286	0.39345014095306396	0.3461630940437317	0.05255882441997528	0.005072489380836487	9.999999974752427e-07	0.02286946028470993	0.1714627593755722	1.622538547962904e-09	0.01513710618019104	0.37913358211517334	0.1495407670736313	0.06023794412612915	0.014316461980342865	0.02286946028470993	0.008695651777088642	0.1714627593755722	1.622538547962904e-09	0.010177051648497581	0.012431896291673183	1.622538547962904e-09	7.142857612052467e-07	9.999999974752427e-07	0.0066950395703315735	0.007796458899974823	-1.3278622645884752e-08	0.030927835032343864	-1.3278622645884752e-08	0.007485583424568176	-1.3278622645884752e-08	0.02777777798473835	-1.3278622645884752e-08	7.142857612052467e-07	0.008695651777088642	0.3669218420982361	0.04854368790984154	4.2857209336943924e-07	0.19233903288841248	1.622538547962904e-09	0.021178677678108215	0.01907866820693016	0.26595741510391235	9.999999974752427e-07	0.0752153992652893	0.2984440326690674	0.01907867193222046	9.999999974752427e-07	0.010416666977107525	0.19233903288841248	0.010324249044060707	0.007624365389347076	1.622538547962904e-09	1.622538547962904e-09	1.622538547962904e-09	9.999999974752427e-07	0.19233901798725128	0.19233904778957367	1.622538547962904e-09	0.026356376707553864	0.16347560286521912	0.04025731980800629	1.622538547962904e-09	1.622538547962904e-09	0.19233901798725128	1.622538547962904e-09	0.015332028269767761	0.0117647061124444	0.24910278618335724	0.01778506115078926	-1.3278622645884752e-08	0.24910277128219604	1.622538547962904e-09	9.999999974752427e-07	1.622538547962904e-09	0.1170303225517273	0.015458554029464722	0.0752154290676117	-1.3278622645884752e-08	0.00909090880304575	-1.3278622645884752e-08	0.009573204442858696	0.02117867022752762	0.0752154216170311	0.018691588193178177	0.015458546578884125	4.2857209336943924e-07	0.005539216101169586	1.622538547962904e-09	0.01778506115078926	9.999999974752427e-07	0.02822047472000122	1.5714285837020725e-06	1.622538547962904e-09	9.999999974752427e-07	9.999999974752427e-07	-1.3278622645884752e-08	9.999999974752427e-07	0.16347560286521912	1.622538547962904e-09	0.14051920175552368	0.16347560286521912	0.24910280108451843	0.19233901798725128	0.011078406125307083	0.010101010091602802	0.009573204442858696	0.009177442640066147	0.14051921665668488	0.008695651777088642	1.622538547962904e-09	0.2222222089767456	0.11703035235404968	0.04181492328643799	0.011904762126505375	0.009177440777420998	0.010869565419852734	0.14051920175552368	-1.3278622645884752e-08	0.005539216101169586	0.026356376707553864	1.622538547962904e-09	7.142857612052467e-07	0.009999999776482582	0.01907867006957531	1.622538547962904e-09	0.010324249044060707	9.999999974752427e-07	9.999999974752427e-07	1.622538547962904e-09	9.999999974752427e-07	9.999999974752427e-07	1.622538547962904e-09	7.142857612052467e-07	0.012001216411590576	0.43699371814727783	0.05826278030872345	9.999999974752427e-07	0.2679571807384491	9.999999974752427e-07	0.04900254309177399	1.622538547962904e-09	0.3783048689365387	0.009493403136730194	0.06596280634403229	0.3783048391342163	1.622538547962904e-09	9.999999974752427e-07	0.01123595517128706	0.2679571509361267	-2.4010660126805305e-10	1.622538547962904e-09	-1.3278622645884752e-08	1.622538547962904e-09	1.622538547962904e-09	6.666664376098197e-07	0.2545320391654968	0.2679571509361267	0.010989011265337467	1.3333333299669903e-06	0.20756608247756958	0.04900255426764488	1.622538547962904e-09	0.005720056593418121	0.2679571509361267	1.622538547962904e-09	0.01575428992509842	0.010256931185722351	0.3783048391342163	0.01601792871952057	-2.4010660126805305e-10	0.3783048689365387	0.019911106675863266	9.999999974752427e-07	1.622538547962904e-09	0.1568257212638855	0.013005435466766357	0.11561180651187897	0.01815195381641388	6.666664376098197e-07	0.01815195381641388	0.010526316240429878	0.04900252819061279	0.06741572916507721	0.03269492834806442	0.018725495785474777	0.00909090880304575	-2.4010660126805305e-10	1.622538547962904e-09	0.00917431153357029	0.009686267003417015	0.009686268866062164	0.025567827746272087	9.999999974752427e-07	0.043478261679410934	0.01575428992509842	-2.4010660126805305e-10	0.009493403136730194	0.20756609737873077	9.999999974752427e-07	0.15682576596736908	0.20756609737873077	0.3783048689365387	0.2679571211338043	0.030948013067245483	0.025567827746272087	9.999999974752427e-07	9.999999974752427e-07	0.17497771978378296	0.009708737954497337	0.00909090880304575	0.31832000613212585	0.1568257361650467	0.04121395945549011	0.04972795397043228	0.010204081423580647	0.007700018584728241	0.19181180000305176	9.999999974752427e-07	0.011036910116672516	0.022488445043563843	0.016806723549962044	9.999999974752427e-07	0.009615384973585606	1.622538547962904e-09	1.622538547962904e-09	-2.4010660126805305e-10	1.622538547962904e-09	9.999999974752427e-07	1.622538547962904e-09	0.009803921915590763	1.622538547962904e-09	1.622538547962904e-09	9.999999974752427e-07	9.999999974752427e-07	0.3545213043689728	0.02059110254049301	0.010625113733112812	0.21123084425926208	0.02664199471473694	0.0061219222843647	9.999999974752427e-07	0.3018166422843933	0.006626579910516739	0.02059112675487995	0.3018166720867157	0.01864650845527649	-1.3278622645884752e-08	1.622538547962904e-09	0.1669045239686966	0.015181045979261398	9.999999974752427e-07	1.622538547962904e-09	1.622538547962904e-09	0.010238776914775372	1.622538547962904e-09	0.14026254415512085	0.2112308144569397	-1.3278622645884752e-08	1.622538547962904e-09	0.14026251435279846	0.024768419563770294	1.622538547962904e-09	1.622538547962904e-09	0.2112308144569397	-1.3278622645884752e-08	0.011363636702299118	6.912159733474255e-10	0.23242251574993134	-1.3278622645884752e-08	0.006100691854953766	0.29567739367485046	-1.3278622645884752e-08	-1.3278622645884752e-08	1.622538547962904e-09	0.09294700622558594	1.622538547962904e-09	0.06100180745124817	0.01366463303565979	1.622538547962904e-09	0.007563948631286621	0.011995955370366573	0.0061219483613967896	0.030612245202064514	0.00662657618522644	9.073119144886732e-09	-2.4010660126805305e-10	-1.3278622645884752e-08	-1.3278622645884752e-08	-1.3278622645884752e-08	9.999999974752427e-07	0.027936100959777832	0.010625113733112812	0.027522936463356018	0.007871739566326141	9.999999974752427e-07	1.622538547962904e-09	0.006626579910516739	0.14026251435279846	0.010101010091602802	0.09294699132442474	0.14026251435279846	0.29567742347717285	0.21123076975345612	-1.3278622645884752e-08	0.013964534737169743	0.011995954439043999	0.0061219483613967896	0.10661163181066513	1.622538547962904e-09	0.02664199471473694	0.2191026210784912	0.061001840978860855	1.622538547962904e-09	0.013319892808794975	0.0061219483613967896	1.622538547962904e-09	0.10661161690950394	9.999999974752427e-07	-1.3278622645884752e-08	1.622538547962904e-09	1.622538547962904e-09	-2.4010660126805305e-10	1.622538547962904e-09	9.999999974752427e-07	1.622538547962904e-09	0.015181045979261398	1.622538547962904e-09	6.912159733474255e-10	0.010238775983452797	0.007871739566326141	0.006139293313026428	1.622538547962904e-09	-2.4010660126805305e-10	1.622538547962904e-09	0.36081427335739136	0.07295437157154083	0.008505983278155327	0.2816368341445923	0.009365733712911606	0.026101619005203247	-1.3278622645884752e-08	0.3097529113292694	8.000001798791345e-07	0.07295437157154083	0.3097529113292694	-1.3278622645884752e-08	2.255546860396862e-10	-5.828042048960924e-09	0.22092559933662415	0.024959877133369446	-1.3278622645884752e-08	1.622538547962904e-09	1.622538547962904e-09	-1.3278622645884752e-08	9.999999974752427e-07	0.21155986189842224	0.22092559933662415	2.255546860396862e-10	0.00917431153357029	0.1840570569038391	0.026101604104042053	1.622538547962904e-09	-5.828042048960924e-09	0.22092559933662415	1.622538547962904e-09	-1.3278622645884752e-08	0.008564604446291924	0.2986621558666229	1.622538547962904e-09	9.999999974752427e-07	0.2986621558666229	2.255546860396862e-10	2.255546860396862e-10	1.622538547962904e-09	0.1273503601551056	-5.828042048960924e-09	0.08163265138864517	0.01516491174697876	0.008196720853447914	9.999999974752427e-07	-2.4010660126805305e-10	0.026101619005203247	0.07547169923782349	1.3999997463542968e-06	0.015599853359162807	0.01042632944881916	0.009330726228654385	0.018172089010477066	1.622538547962904e-09	1.622538547962904e-09	0.024959877133369446	0.028257330879569054	9.999999974752427e-07	0.008460652083158493	-1.3278622645884752e-08	9.999999974752427e-07	8.000001798791345e-07	0.14251525700092316	0.009365729987621307	0.1273503601551056	0.14251527190208435	0.2986621558666229	0.2816368341445923	0.00933072715997696	0.05747126415371895	-2.4010660126805305e-10	9.999999974752427e-07	0.14251521229743958	6.000000212225132e-07	0.009365737438201904	0.29009753465652466	0.1273503601551056	0.04308461770415306	-2.4010660126805305e-10	0.009282229468226433	1.622538547962904e-09	0.14251525700092316	9.999999974752427e-07	2.255546860396862e-10	0.027484744787216187	0.017241379246115685	0.009325018152594566	-5.828042048960924e-09	-1.3278622645884752e-08	0.015599831938743591	0.02495986968278885	-2.4010660126805305e-10	9.999999974752427e-07	-1.3278622645884752e-08	0.008460652083158493	0.011090751737356186	1.622538547962904e-09	9.999999974752427e-07	0.016819393262267113
88	-15547.466796875	-1	9	57	76	75	26	89	10	62	48	0	26	84	41	29	91	66	5	0	11	24	14	68	37	85	21	0	0	50	22	3	66	33	67	21	43	7	69	12	0	65	50	77	73	24	43	79	5	42	1	78	57	69	21	34	56	0	70	42	76	31	43	49	25	4	73	63	36	3	21	1	46	80	82	49	14	33	40	77	33	47	9	66	48	69	78	85	57	13	11	50	56	7	32	19	59	7	0	88	47	0.5437127947807312	0.08644906431436539	0.010285336524248123	0.4145510792732239	0.012830331921577454	0.010498285293579102	0.010526316240429878	0.4251323938369751	9.999999974752427e-07	0.08644905686378479	0.44155386090278625	0.06554710865020752	9.999999974752427e-07	9.999999974752427e-07	0.4095746874809265	9.999999974752427e-07	0.005317971110343933	1.622538547962904e-09	1.622538547962904e-09	9.999999974752427e-07	0.02298850566148758	0.39674437046051025	0.4095746576786041	9.999999974752427e-07	0.03314200043678284	0.2897196114063263	0.07604538649320602	1.622538547962904e-09	9.999999974752427e-07	0.4095746576786041	0.0049764662981033325	1.622538547962904e-09	1.622538547962904e-09	0.4145510196685791	0.03333333507180214	-1.3278622645884752e-08	0.42513248324394226	9.999999974752427e-07	9.999999974752427e-07	1.622538547962904e-09	0.22580645978450775	0.012048192322254181	0.1361638456583023	-1.3278622645884752e-08	9.999999974752427e-07	-1.3278622645884752e-08	1.622538547962904e-09	0.010498279705643654	0.1361638605594635	0.030567780137062073	0.02411612868309021	1.622538547962904e-09	0.008196720853447914	0.010869565419852734	9.999999974752427e-07	0.010526316240429878	0.026113219559192657	0.019338728860020638	-2.4010660126805305e-10	-1.3278622645884752e-08	1.622538547962904e-09	-1.3278622645884752e-08	0.030567795038223267	0.2705919146537781	9.999999974752427e-07	0.26527389883995056	0.2705919146537781	0.4251324534416199	0.40957462787628174	0.030927833169698715	0.05588129162788391	1.622538547962904e-09	0.010498277842998505	0.2652738690376282	-1.3278622645884752e-08	0.012830331921577454	0.4145510792732239	0.22250455617904663	0.08634074777364731	1.622538547962904e-09	0.010498279705643654	1.622538547962904e-09	0.26527389883995056	0.036036036908626556	0.009900989942252636	0.062224678695201874	0.029082641005516052	0.009053405374288559	9.999999974752427e-07	0.012195121496915817	9.999999974752427e-07	0.008547008968889713	-1.3278622645884752e-08	1.622538547962904e-09	9.999999974752427e-07	-1.3278622645884752e-08	-1.3278622645884752e-08	1.622538547962904e-09	9.999999974752427e-07	1.622538547962904e-09	0.4231007397174835	0.04496559500694275	0.01040586642920971	0.2722354531288147	0.010044899769127369	0.021052632480859756	9.999999974752427e-07	0.31625208258628845	0.018691588193178177	0.052262965589761734	0.31625211238861084	0.01785714365541935	0.010989011265337467	1.622538547962904e-09	0.2722354531288147	9.999999974752427e-07	1.622538547962904e-09	0.019417475908994675	1.622538547962904e-09	9.999999974752427e-07	6.666664376098197e-07	0.2291666716337204	0.2722354531288147	9.999999974752427e-07	1.3333333299669903e-06	0.18190433084964752	0.09699182957410812	1.622538547962904e-09	0.0078512541949749	0.2722354531288147	1.622538547962904e-09	1.622538547962904e-09	0.010638297535479069	0.31625205278396606	9.999999974752427e-07	-7.275957614183426e-12	0.31625205278396606	0.010526316240429878	0.009009009227156639	1.622538547962904e-09	0.10256189852952957	1.622538547962904e-09	0.0606570728123188	0.008510754443705082	6.666664376098197e-07	-7.275957614183426e-12	9.999999974752427e-07	1.3999997463542968e-06	0.05226296931505203	0.0345597118139267	0.02243218384683132	2.255546860396862e-10	9.999999974752427e-07	9.999999974752427e-07	9.999999974752427e-07	0.008264463394880295	0.009856700897216797	0.01040586642920971	0.008394062519073486	1.622538547962904e-09	1.622538547962904e-09	0.008510754443705082	0.034559715539216995	0.18190431594848633	0.010044899769127369	0.11764705926179886	0.18190433084964752	0.31625205278396606	0.2722354531288147	0.042105261236429214	0.01040586642920971	9.999999974752427e-07	8.000001798791345e-07	0.18190434575080872	1.622538547962904e-09	0.010044898837804794	0.2722354531288147	0.10256187617778778	0.04190480709075928	9.999999974752427e-07	8.000001798791345e-07	0.007297389209270477	0.1819043606519699	1.622538547962904e-09	0.016949152573943138	0.01947261579334736	9.999999974752427e-07	2.255546860396862e-10	1.622538547962904e-09	0.011627906933426857	0.014580924063920975	9.999999974752427e-07	1.622538547962904e-09	9.999999974752427e-07	9.999999974752427e-07	1.622538547962904e-09	1.622538547962904e-09	1.622538547962904e-09	1.622538547962904e-09	6.000000212225132e-07	0.4494662880897522	0.08000115305185318	9.999999974752427e-07	0.3330483138561249	-1.3278622645884752e-08	0.03483249247074127	9.999999974752427e-07	0.386263370513916	0.009220771491527557	0.08756303787231445	0.38626334071159363	0.013322077691555023	-1.3278622645884752e-08	9.999999974752427e-07	0.2947915494441986	9.999999974752427e-07	0.029411764815449715	9.999999974752427e-07	-1.3278622645884752e-08	0.008118398487567902	0.010526316240429878	0.2947915494441986	0.2947915196418762	-1.3278622645884752e-08	0.01075268816202879	0.2947915196418762	0.04815460741519928	-1.3278622645884752e-08	0.02777777798473835	0.2947915494441986	0.019186578691005707	9.999999974752427e-07	0.008000463247299194	0.38626325130462646	-1.3278622645884752e-08	1.622538547962904e-09	0.38626331090927124	-1.3278622645884752e-08	-1.3278622645884752e-08	-1.3278622645884752e-08	0.1528805047273636	9.999999974752427e-07	0.08756301552057266	0.009048528037965298	9.999999974752427e-07	1.622538547962904e-09	0.009130984544754028	0.02860131859779358	0.08756303787231445	0.009220770560204983	0.04123711213469505	9.999999974752427e-07	-1.3278622645884752e-08	-1.3278622645884752e-08	-1.3278622645884752e-08	0.008003763854503632	0.015048369765281677	0.029999999329447746	1.622538547962904e-09	0.00909090880304575	9.999999974752427e-07	0.009048528969287872	0.009220771491527557	0.2947915196418762	-1.3278622645884752e-08	0.15288051962852478	0.2499999850988388	0.38626334071159363	0.31386175751686096	-1.3278622645884752e-08	0.032608695328235626	0.009130991995334625	9.999999974752427e-07	0.16192904114723206	-2.4010660126805305e-10	-1.3278622645884752e-08	0.36913180351257324	0.1528804898262024	0.06531748175621033	0.009130977094173431	0.028601333498954773	0.00756189227104187	0.16814157366752625	1.622538547962904e-09	-1.3278622645884752e-08	0.021052632480859756	0.009900989942252636	0.027272727340459824	9.999999974752427e-07	0.005203664302825928	0.008620689623057842	0.007044591009616852	-1.3278622645884752e-08	0.008000463247299194	0.008118398487567902	9.999999974752427e-07	-1.3278622645884752e-08	-1.3278622645884752e-08	9.999999974752427e-07	1.622538547962904e-09	0.4417252242565155	0.024390242993831635	9.999999974752427e-07	0.30527326464653015	0.010416666977107525	0.014637134969234467	9.999999974752427e-07	0.3760969042778015	9.999999974752427e-07	0.04878048598766327	0.3760969042778015	0.05099133402109146	9.999999974752427e-07	0.008882244117558002	0.30527329444885254	1.622538547962904e-09	1.622538547962904e-09	1.622538547962904e-09	1.622538547962904e-09	0.030414395034313202	0.012048192322254181	0.29318323731422424	0.30527329444885254	9.999999974752427e-07	0.017391303554177284	0.2670987844467163	0.06562843918800354	1.622538547962904e-09	0.010416666977107525	0.30527329444885254	1.622538547962904e-09	1.622538547962904e-09	1.622538547962904e-09	0.30527329444885254	1.622538547962904e-09	0.010526316240429878	0.3760969042778015	9.999999974752427e-07	9.999999974752427e-07	1.622538547962904e-09	0.14387741684913635	0.025641024112701416	0.07431011646986008	0.032608695328235626	9.999999974752427e-07	0.009615384973585606	1.622538547962904e-09	0.014637134969234467	0.07431010156869888	0.010309278033673763	0.04452749714255333	0.009433962404727936	9.999999974752427e-07	1.622538547962904e-09	1.622538547962904e-09	1.622538547962904e-09	1.622538547962904e-09	0.009569531306624413	1.622538547962904e-09	1.622538547962904e-09	1.622538547962904e-09	0.01123595517128706	9.999999974752427e-07	0.20471768081188202	9.999999974752427e-07	0.14387744665145874	0.2047176957130432	0.3052733242511749	0.30527329444885254	0.026084452867507935	0.009569531306624413	1.622538547962904e-09	0.010101010091602802	0.204717755317688	0.010204081423580647	0.010989011265337467	0.30527329444885254	0.14387741684913635	0.06956726312637329	1.622538547962904e-09	0.01463712751865387	9.999999974752427e-07	0.20471777021884918	0.009803921915590763	9.999999974752427e-07	0.02503982186317444	9.999999974752427e-07	9.999999974752427e-07	0.008882243186235428	0.020576931536197662	9.999999974752427e-07	1.622538547962904e-09	1.622538547962904e-09	1.622538547962904e-09	9.999999974752427e-07	1.622538547962904e-09	1.622538547962904e-09	1.622538547962904e-09	9.999999974752427e-07	1.622538547962904e-09	0.3537144362926483	0.02641158550977707	4.2857209336943924e-07	0.20192477107048035	1.622538547962904e-09	0.027027027681469917	-7.275957614183426e-12	0.28152182698249817	1.622538547962904e-09	0.026411592960357666	0.2815217971801758	0.010256588459014893	9.999999974752427e-07	1.622538547962904e-09	0.20192477107048035	9.999999974752427e-07	1.622538547962904e-09	9.999999974752427e-07	1.622538547962904e-09	0.010256589390337467	1.622538547962904e-09	0.20192474126815796	0.20192478597164154	1.622538547962904e-09	1.622538547962904e-09	0.16246558725833893	0.05873368680477142	1.622538547962904e-09	0.02763333171606064	0.20192477107048035	-1.3278622645884752e-08	1.622538547962904e-09	-1.3278622645884752e-08	0.20192483067512512	0.008206691592931747	9.999999974752427e-07	0.2740027904510498	1.622538547962904e-09	9.999999974752427e-07	1.622538547962904e-09	0.057034820318222046	1.622538547962904e-09	0.026411592960357666	0.03179077059030533	1.622538547962904e-09	9.999999974752427e-07	-1.3278622645884752e-08	0.009401541203260422	0.026411592960357666	0.009916093200445175	0.027633339166641235	4.2857209336943924e-07	1.622538547962904e-09	0.013445600867271423	0.008206691592931747	9.999999974752427e-07	0.013458997011184692	1.2857158253609668e-06	-1.3278622645884752e-08	-1.3278622645884752e-08	1.622538547962904e-09	9.999999974752427e-07	1.622538547962904e-09	0.16246557235717773	1.622538547962904e-09	0.05703481286764145	0.1057061031460762	0.2626262605190277	0.20192477107048035	0.01780684106051922	1.2857121873821598e-06	-1.3278622645884752e-08	9.999999974752427e-07	0.08882559835910797	0.009916089475154877	1.622538547962904e-09	0.20192478597164154	0.0540449358522892	0.027633339166641235	-1.3278622645884752e-08	0.009401543065905571	1.622538547962904e-09	0.1057060956954956	-1.3278622645884752e-08	0.017806850373744965	1.622538547962904e-09	1.622538547962904e-09	4.2857209336943924e-07	1.622538547962904e-09	-7.275957614183426e-12	1.622538547962904e-09	9.999999974752427e-07	1.622538547962904e-09	-1.3278622645884752e-08	9.999999974752427e-07	-1.3278622645884752e-08	0.007519088685512543	1.622538547962904e-09	1.622538547962904e-09	2.255546860396862e-10	0.5330701470375061	0.005072489380836487	5.000001692678779e-07	0.3791336119174957	0.015137098729610443	0.04571789503097534	9.999999974752427e-07	0.47317150235176086	1.622538547962904e-09	0.08930285274982452	0.47317150235176086	0.014180606231093407	0.010177051648497581	9.999999974752427e-07	0.283880352973938	-1.3278622645884752e-08	1.622538547962904e-09	0.009429067373275757	-1.3278622645884752e-08	0.007485583424568176	9.999999974752427e-07	0.2687433063983917	0.3461630940437317	0.011049933731555939	0.012431889772415161	0.21618443727493286	0.059898555278778076	-1.3278622645884752e-08	1.622538547962904e-09	0.2838802933692932	0.030927835032343864	0.04472166299819946	-1.3278622645884752e-08	0.39345017075538635	1.622538547962904e-09	-1.3278622645884752e-08	0.39345014095306396	0.011049933731555939	0.010177051648497581	-1.3278622645884752e-08	0.16346153616905212	0.04000958055257797	0.08930287510156631	-1.3278622645884752e-08	0.010416666977107525	-1.3278622645884752e-08	0.014316469430923462	0.036288827657699585	0.08930285274982452	1.622538547962904e-09	0.0478060245513916	5.000001692678779e-07	0.028037382289767265	1.622538547962904e-09	1.622538547962904e-09	-1.3278622645884752e-08	-1.3278622645884752e-08	1.5000005078036338e-06	1.622538547962904e-09	-1.3278622645884752e-08	9.999999974752427e-07	-1.3278622645884752e-08	1.622538547962904e-09	0.21618443727493286	0.015137098729610443	0.171462744474411	0.21618443727493286	0.39345014095306396	0.3461630940437317	0.05255882441997528	0.005072489380836487	9.999999974752427e-07	0.02286946028470993	0.1714627593755722	1.622538547962904e-09	0.01513710618019104	0.37913358211517334	0.1495407670736313	0.06023794412612915	0.014316461980342865	0.02286946028470993	0.008695651777088642	0.1714627593755722	1.622538547962904e-09	0.010177051648497581	0.012431896291673183	1.622538547962904e-09	5.000001692678779e-07	9.999999974752427e-07	0.0066950395703315735	0.007796458899974823	-1.3278622645884752e-08	0.030927835032343864	-1.3278622645884752e-08	0.007485583424568176	-1.3278622645884752e-08	0.02777777798473835	-1.3278622645884752e-08	9.999999974752427e-07	0.008695651777088642	0.3669218420982361	0.04854368790984154	5.000001692678779e-07	0.19233903288841248	1.622538547962904e-09	0.021178677678108215	0.01907866820693016	0.26595741510391235	9.999999974752427e-07	0.0752153992652893	0.2984440326690674	0.01907867193222046	9.999999974752427e-07	0.010416666977107525	0.19233903288841248	0.010324249044060707	0.007624365389347076	1.622538547962904e-09	1.622538547962904e-09	1.622538547962904e-09	9.999999974752427e-07	0.19233901798725128	0.19233904778957367	1.622538547962904e-09	0.026356376707553864	0.16347560286521912	0.04025731980800629	1.622538547962904e-09	1.622538547962904e-09	0.19233901798725128	1.622538547962904e-09	0.015332028269767761	0.0117647061124444	0.24910278618335724	0.01778506115078926	-1.3278622645884752e-08	0.24910277128219604	1.622538547962904e-09	9.999999974752427e-07	1.622538547962904e-09	0.1170303225517273	0.015458554029464722	0.0752154290676117	-1.3278622645884752e-08	0.00909090880304575	-1.3278622645884752e-08	0.009573204442858696	0.02117867022752762	0.0752154216170311	0.018691588193178177	0.015458546578884125	5.000001692678779e-07	0.005539216101169586	1.622538547962904e-09	0.01778506115078926	9.999999974752427e-07	0.02822047472000122	1.5000005078036338e-06	1.622538547962904e-09	9.999999974752427e-07	9.999999974752427e-07	-1.3278622645884752e-08	9.999999974752427e-07	0.16347560286521912	1.622538547962904e-09	0.14051920175552368	0.16347560286521912	0.24910280108451843	0.19233901798725128	0.011078406125307083	0.010101010091602802	0.009573204442858696	0.009177442640066147	0.14051921665668488	0.008695651777088642	1.622538547962904e-09	0.2222222089767456	0.11703035235404968	0.04181492328643799	0.011904762126505375	0.009177440777420998	0.010869565419852734	0.14051920175552368	-1.3278622645884752e-08	0.005539216101169586	0.026356376707553864	1.622538547962904e-09	5.000001692678779e-07	0.009999999776482582	0.01907867006957531	1.622538547962904e-09	0.010324249044060707	9.999999974752427e-07	9.999999974752427e-07	1.622538547962904e-09	9.999999974752427e-07	9.999999974752427e-07	1.622538547962904e-09	9.999999974752427e-07	0.012001216411590576	0.43699371814727783	0.05826278030872345	9.999999974752427e-07	0.2679571807384491	9.999999974752427e-07	0.04900254309177399	1.622538547962904e-09	0.3783048689365387	0.009493403136730194	0.06596280634403229	0.3783048391342163	1.622538547962904e-09	9.999999974752427e-07	0.01123595517128706	0.2679571509361267	-2.4010660126805305e-10	1.622538547962904e-09	-1.3278622645884752e-08	1.622538547962904e-09	1.622538547962904e-09	6.666664376098197e-07	0.2545320391654968	0.2679571509361267	0.010989011265337467	1.3333333299669903e-06	0.20756608247756958	0.04900255426764488	1.622538547962904e-09	0.005720056593418121	0.2679571509361267	1.622538547962904e-09	0.01575428992509842	0.010256931185722351	0.3783048391342163	0.01601792871952057	-2.4010660126805305e-10	0.3783048689365387	0.019911106675863266	9.999999974752427e-07	1.622538547962904e-09	0.1568257212638855	0.013005435466766357	0.11561180651187897	0.01815195381641388	6.666664376098197e-07	0.01815195381641388	0.010526316240429878	0.04900252819061279	0.06741572916507721	0.03269492834806442	0.018725495785474777	0.00909090880304575	-2.4010660126805305e-10	1.622538547962904e-09	0.00917431153357029	0.009686267003417015	0.009686268866062164	0.025567827746272087	9.999999974752427e-07	0.043478261679410934	0.01575428992509842	-2.4010660126805305e-10	0.009493403136730194	0.20756609737873077	9.999999974752427e-07	0.15682576596736908	0.20756609737873077	0.3783048689365387	0.2679571211338043	0.030948013067245483	0.025567827746272087	9.999999974752427e-07	9.999999974752427e-07	0.17497771978378296	0.009708737954497337	0.00909090880304575	0.31832000613212585	0.1568257361650467	0.04121395945549011	0.04972795397043228	0.010204081423580647	0.007700018584728241	0.19181180000305176	9.999999974752427e-07	0.011036910116672516	0.022488445043563843	0.016806723549962044	9.999999974752427e-07	0.009615384973585606	1.622538547962904e-09	1.622538547962904e-09	-2.4010660126805305e-10	1.622538547962904e-09	9.999999974752427e-07	1.622538547962904e-09	0.009803921915590763	1.622538547962904e-09	1.622538547962904e-09	9.999999974752427e-07	9.999999974752427e-07	0.3545213043689728	0.02059110254049301	0.010625112801790237	0.21123084425926208	0.02664199471473694	0.0061219222843647	9.999999974752427e-07	0.3018166422843933	0.006626579910516739	0.02059112675487995	0.3018166720867157	0.01864650845527649	-1.3278622645884752e-08	1.622538547962904e-09	0.1669045239686966	0.015181045979261398	9.999999974752427e-07	1.622538547962904e-09	1.622538547962904e-09	0.010238776914775372	1.622538547962904e-09	0.14026254415512085	0.2112308144569397	-1.3278622645884752e-08	1.622538547962904e-09	0.14026251435279846	0.024768419563770294	1.622538547962904e-09	1.622538547962904e-09	0.2112308144569397	-1.3278622645884752e-08	0.011363636702299118	6.912159733474255e-10	0.23242251574993134	-1.3278622645884752e-08	0.006100691854953766	0.29567739367485046	-1.3278622645884752e-08	-1.3278622645884752e-08	1.622538547962904e-09	0.09294700622558594	1.622538547962904e-09	0.06100183725357056	0.01366463303565979	1.622538547962904e-09	0.007563948631286621	0.011995955370366573	0.0061219483613967896	0.030612245202064514	0.00662657618522644	1.622538547962904e-09	-2.4010660126805305e-10	-1.3278622645884752e-08	-1.3278622645884752e-08	-1.3278622645884752e-08	9.999999974752427e-07	0.027936100959777832	0.010625114664435387	0.027522936463356018	0.007871739566326141	9.999999974752427e-07	1.622538547962904e-09	0.006626579910516739	0.14026251435279846	0.010101010091602802	0.09294699132442474	0.14026251435279846	0.29567742347717285	0.21123076975345612	-1.3278622645884752e-08	0.013964534737169743	0.011995954439043999	0.0061219483613967896	0.10661163181066513	1.622538547962904e-09	0.02664199471473694	0.2191026210784912	0.06100182235240936	1.622538547962904e-09	0.013319892808794975	0.0061219483613967896	1.622538547962904e-09	0.10661161690950394	9.999999974752427e-07	-1.3278622645884752e-08	1.622538547962904e-09	1.622538547962904e-09	-2.4010660126805305e-10	1.622538547962904e-09	9.999999974752427e-07	1.622538547962904e-09	0.015181045979261398	1.622538547962904e-09	6.912159733474255e-10	0.010238775983452797	0.007871739566326141	0.006139293313026428	1.622538547962904e-09	1.622538547962904e-09	1.622538547962904e-09	0.36081427335739136	0.07295437157154083	0.008505983278155327	0.2816368341445923	0.009365733712911606	0.026101619005203247	-1.3278622645884752e-08	0.3097529113292694	8.000001798791345e-07	0.07295437157154083	0.3097529113292694	-1.3278622645884752e-08	2.255546860396862e-10	-5.828042048960924e-09	0.22092559933662415	0.024959877133369446	-1.3278622645884752e-08	1.622538547962904e-09	1.622538547962904e-09	-1.3278622645884752e-08	9.999999974752427e-07	0.21155986189842224	0.22092559933662415	2.255546860396862e-10	0.00917431153357029	0.1840570569038391	0.026101604104042053	1.622538547962904e-09	-5.828042048960924e-09	0.22092559933662415	1.622538547962904e-09	-1.3278622645884752e-08	0.008564604446291924	0.2986621558666229	1.622538547962904e-09	9.999999974752427e-07	0.2986621558666229	2.255546860396862e-10	2.255546860396862e-10	1.622538547962904e-09	0.1273503601551056	-5.828042048960924e-09	0.08163265138864517	0.01516491174697876	0.008196720853447914	9.999999974752427e-07	-2.4010660126805305e-10	0.026101619005203247	0.07547169923782349	1.3999997463542968e-06	0.015599838458001614	0.01042632944881916	0.009330726228654385	0.018172089010477066	1.622538547962904e-09	1.622538547962904e-09	0.024959877133369446	0.028257330879569054	9.999999974752427e-07	0.008460652083158493	-1.3278622645884752e-08	9.999999974752427e-07	8.000001798791345e-07	0.14251525700092316	0.009365729987621307	0.1273503601551056	0.14251527190208435	0.2986621558666229	0.2816368341445923	0.00933072715997696	0.05747126415371895	-2.4010660126805305e-10	9.999999974752427e-07	0.14251521229743958	6.000000212225132e-07	0.009365737438201904	0.29009753465652466	0.1273503601551056	0.04308459907770157	-2.4010660126805305e-10	0.009282229468226433	1.622538547962904e-09	0.14251525700092316	9.999999974752427e-07	2.255546860396862e-10	0.027484767138957977	0.017241379246115685	0.009325018152594566	-5.828042048960924e-09	-1.3278622645884752e-08	0.015599861741065979	0.02495986968278885	-2.4010660126805305e-10	9.999999974752427e-07	-1.3278622645884752e-08	0.008460652083158493	0.011090751737356186	1.622538547962904e-09	-5.828042048960924e-09	0.016819393262267113
89	-15547.466796875	-1	9	57	76	75	26	89	10	62	48	0	26	84	41	29	91	66	5	0	11	24	14	68	37	85	21	0	0	50	22	3	66	33	67	21	43	7	69	12	0	65	50	77	73	24	43	79	5	42	1	78	57	69	21	34	56	0	70	42	76	31	43	49	25	4	73	63	36	3	21	1	46	80	82	49	14	33	40	77	33	47	9	66	48	69	78	85	57	13	11	50	56	7	32	19	59	7	0	89	47	0.5437127947807312	0.08644906431436539	0.010285336524248123	0.4145510792732239	0.012830331921577454	0.010498285293579102	0.010526316240429878	0.4251323938369751	9.999999974752427e-07	0.08644905686378479	0.44155386090278625	0.06554710865020752	9.999999974752427e-07	9.999999974752427e-07	0.4095746874809265	9.999999974752427e-07	0.005317971110343933	1.622538547962904e-09	1.622538547962904e-09	9.999999974752427e-07	0.02298850566148758	0.39674437046051025	0.4095746576786041	9.999999974752427e-07	0.03314200043678284	0.2897196114063263	0.07604538649320602	1.622538547962904e-09	9.999999974752427e-07	0.4095746576786041	0.0049764662981033325	1.622538547962904e-09	1.622538547962904e-09	0.4145510196685791	0.03333333507180214	-1.3278622645884752e-08	0.42513248324394226	9.999999974752427e-07	9.999999974752427e-07	1.622538547962904e-09	0.22580645978450775	0.012048192322254181	0.1361638456583023	-1.3278622645884752e-08	9.999999974752427e-07	-1.3278622645884752e-08	1.622538547962904e-09	0.010498279705643654	0.1361638605594635	0.030567780137062073	0.02411612868309021	1.622538547962904e-09	0.008196720853447914	0.010869565419852734	9.999999974752427e-07	0.010526316240429878	0.026113219559192657	0.019338728860020638	-2.4010660126805305e-10	-1.3278622645884752e-08	1.622538547962904e-09	-1.3278622645884752e-08	0.030567795038223267	0.2705919146537781	9.999999974752427e-07	0.26527389883995056	0.2705919146537781	0.4251324534416199	0.40957462787628174	0.030927833169698715	0.05588129162788391	1.622538547962904e-09	0.010498277842998505	0.2652738690376282	-1.3278622645884752e-08	0.012830331921577454	0.4145510792732239	0.22250455617904663	0.08634074777364731	1.622538547962904e-09	0.010498279705643654	1.622538547962904e-09	0.26527389883995056	0.036036036908626556	0.009900989942252636	0.062224678695201874	0.029082641005516052	0.009053405374288559	9.999999974752427e-07	0.012195121496915817	9.999999974752427e-07	0.008547008968889713	-1.3278622645884752e-08	1.622538547962904e-09	9.999999974752427e-07	-1.3278622645884752e-08	-1.3278622645884752e-08	1.622538547962904e-09	9.999999974752427e-07	1.622538547962904e-09	0.4231007397174835	0.04496558755636215	0.010405869223177433	0.2722354531288147	0.010044899769127369	0.021052632480859756	9.999999974752427e-07	0.31625208258628845	0.018691588193178177	0.05226296931505203	0.31625211238861084	0.01785714365541935	0.010989011265337467	1.622538547962904e-09	0.2722354531288147	9.999999974752427e-07	1.622538547962904e-09	0.019417475908994675	1.622538547962904e-09	9.999999974752427e-07	6.666664376098197e-07	0.2291666716337204	0.2722354531288147	9.999999974752427e-07	1.3333333299669903e-06	0.1819043606519699	0.09699182957410812	1.622538547962904e-09	0.0078512541949749	0.2722354531288147	1.622538547962904e-09	1.622538547962904e-09	0.010638297535479069	0.31625205278396606	9.999999974752427e-07	-7.275957614183426e-12	0.31625205278396606	0.010526316240429878	0.009009009227156639	1.622538547962904e-09	0.10256187617778778	1.622538547962904e-09	0.0606570690870285	0.008510754443705082	6.666664376098197e-07	-7.275957614183426e-12	9.999999974752427e-07	1.3999997463542968e-06	0.05226297304034233	0.034559715539216995	0.022432174533605576	2.255546860396862e-10	9.999999974752427e-07	9.999999974752427e-07	9.999999974752427e-07	0.008264463394880295	0.009856700897216797	0.010405868291854858	0.008394084870815277	1.622538547962904e-09	1.622538547962904e-09	0.008510754443705082	0.034559715539216995	0.18190431594848633	0.010044899769127369	0.11764705926179886	0.18190434575080872	0.31625205278396606	0.2722354531288147	0.042105261236429214	0.010405870154500008	9.999999974752427e-07	8.000001798791345e-07	0.18190434575080872	1.622538547962904e-09	0.010044898837804794	0.2722354531288147	0.10256189107894897	0.04190482199192047	9.999999974752427e-07	8.000001798791345e-07	0.00729738175868988	0.18190434575080872	1.622538547962904e-09	0.016949152573943138	0.01947261206805706	9.999999974752427e-07	2.255546860396862e-10	1.622538547962904e-09	0.011627906933426857	0.014580924063920975	9.999999974752427e-07	1.622538547962904e-09	9.999999974752427e-07	9.999999974752427e-07	1.622538547962904e-09	1.622538547962904e-09	1.622538547962904e-09	9.999999974752427e-07	6.000000212225132e-07	0.4494662880897522	0.08000115305185318	9.999999974752427e-07	0.3330483138561249	-1.3278622645884752e-08	0.03483249247074127	9.999999974752427e-07	0.386263370513916	0.009220771491527557	0.08756303787231445	0.38626334071159363	0.013322077691555023	-1.3278622645884752e-08	9.999999974752427e-07	0.2947915494441986	9.999999974752427e-07	0.029411764815449715	9.999999974752427e-07	-1.3278622645884752e-08	0.008118398487567902	0.010526316240429878	0.2947915494441986	0.2947915196418762	-1.3278622645884752e-08	0.01075268816202879	0.2947915196418762	0.04815460741519928	-1.3278622645884752e-08	0.02777777798473835	0.2947915494441986	0.019186578691005707	9.999999974752427e-07	0.008000463247299194	0.38626325130462646	-1.3278622645884752e-08	1.622538547962904e-09	0.38626331090927124	-1.3278622645884752e-08	-1.3278622645884752e-08	-1.3278622645884752e-08	0.1528805047273636	9.999999974752427e-07	0.08756301552057266	0.009048528037965298	9.999999974752427e-07	1.622538547962904e-09	0.009130984544754028	0.02860131859779358	0.08756303787231445	0.009220770560204983	0.04123711213469505	9.999999974752427e-07	-1.3278622645884752e-08	-1.3278622645884752e-08	-1.3278622645884752e-08	0.008003763854503632	0.015048369765281677	0.029999999329447746	1.622538547962904e-09	0.00909090880304575	9.999999974752427e-07	0.009048528969287872	0.009220771491527557	0.2947915196418762	-1.3278622645884752e-08	0.15288051962852478	0.2499999850988388	0.38626334071159363	0.31386175751686096	-1.3278622645884752e-08	0.032608695328235626	0.009130991995334625	9.999999974752427e-07	0.16192904114723206	-2.4010660126805305e-10	-1.3278622645884752e-08	0.36913180351257324	0.1528804898262024	0.06531748175621033	0.009130977094173431	0.028601333498954773	0.00756189227104187	0.16814157366752625	1.622538547962904e-09	-1.3278622645884752e-08	0.021052632480859756	0.009900989942252636	0.027272727340459824	9.999999974752427e-07	0.005203664302825928	0.008620689623057842	0.007044591009616852	-1.3278622645884752e-08	0.008000463247299194	0.008118398487567902	9.999999974752427e-07	-1.3278622645884752e-08	-1.3278622645884752e-08	9.999999974752427e-07	1.622538547962904e-09	0.4417252242565155	0.024390242993831635	9.999999974752427e-07	0.30527326464653015	0.010416666977107525	0.014637134969234467	9.999999974752427e-07	0.3760969042778015	9.999999974752427e-07	0.04878048598766327	0.3760969042778015	0.05099133402109146	9.999999974752427e-07	0.008882244117558002	0.30527329444885254	1.622538547962904e-09	1.622538547962904e-09	1.622538547962904e-09	1.622538547962904e-09	0.030414395034313202	0.012048192322254181	0.29318323731422424	0.30527329444885254	9.999999974752427e-07	0.017391303554177284	0.2670987844467163	0.06562843918800354	1.622538547962904e-09	0.010416666977107525	0.30527329444885254	1.622538547962904e-09	1.622538547962904e-09	1.622538547962904e-09	0.30527329444885254	1.622538547962904e-09	0.010526316240429878	0.3760969042778015	9.999999974752427e-07	9.999999974752427e-07	1.622538547962904e-09	0.14387741684913635	0.025641024112701416	0.07431011646986008	0.032608695328235626	9.999999974752427e-07	0.009615384973585606	1.622538547962904e-09	0.014637134969234467	0.07431010156869888	0.010309278033673763	0.04452749714255333	0.009433962404727936	9.999999974752427e-07	1.622538547962904e-09	1.622538547962904e-09	1.622538547962904e-09	1.622538547962904e-09	0.009569531306624413	1.622538547962904e-09	1.622538547962904e-09	1.622538547962904e-09	0.01123595517128706	9.999999974752427e-07	0.20471768081188202	9.999999974752427e-07	0.14387744665145874	0.2047176957130432	0.3052733242511749	0.30527329444885254	0.026084452867507935	0.009569531306624413	1.622538547962904e-09	0.010101010091602802	0.204717755317688	0.010204081423580647	0.010989011265337467	0.30527329444885254	0.14387741684913635	0.06956726312637329	1.622538547962904e-09	0.01463712751865387	9.999999974752427e-07	0.20471777021884918	0.009803921915590763	9.999999974752427e-07	0.02503982186317444	9.999999974752427e-07	9.999999974752427e-07	0.008882243186235428	0.020576931536197662	9.999999974752427e-07	1.622538547962904e-09	1.622538547962904e-09	1.622538547962904e-09	9.999999974752427e-07	1.622538547962904e-09	1.622538547962904e-09	1.622538547962904e-09	9.999999974752427e-07	1.622538547962904e-09	0.3537144362926483	0.026411600410938263	4.2857209336943924e-07	0.20192477107048035	1.622538547962904e-09	0.027027027681469917	-7.275957614183426e-12	0.28152182698249817	1.622538547962904e-09	0.026411622762680054	0.2815217971801758	0.010256588459014893	9.999999974752427e-07	1.622538547962904e-09	0.20192477107048035	9.999999974752427e-07	1.622538547962904e-09	9.999999974752427e-07	1.622538547962904e-09	0.010256589390337467	1.622538547962904e-09	0.20192474126815796	0.20192478597164154	1.622538547962904e-09	1.622538547962904e-09	0.16246558725833893	0.05873368680477142	1.622538547962904e-09	0.027633339166641235	0.20192477107048035	-1.3278622645884752e-08	1.622538547962904e-09	-1.3278622645884752e-08	0.20192483067512512	0.008206691592931747	9.999999974752427e-07	0.2740027904510498	1.622538547962904e-09	9.999999974752427e-07	1.622538547962904e-09	0.05703481286764145	1.622538547962904e-09	0.02641153335571289	0.03179077059030533	1.622538547962904e-09	9.999999974752427e-07	-1.3278622645884752e-08	0.009401541203260422	0.026411622762680054	0.009916093200445175	0.027633339166641235	4.2857209336943924e-07	1.622538547962904e-09	0.013445600867271423	0.008206691592931747	9.999999974752427e-07	0.013458997011184692	1.2857158253609668e-06	-1.3278622645884752e-08	-1.3278622645884752e-08	1.622538547962904e-09	9.999999974752427e-07	1.622538547962904e-09	0.16246557235717773	1.622538547962904e-09	0.05703481659293175	0.10570608824491501	0.2626262605190277	0.20192477107048035	0.01780684106051922	1.2857121873821598e-06	-1.3278622645884752e-08	9.999999974752427e-07	0.08882559835910797	0.009916089475154877	1.622538547962904e-09	0.20192478597164154	0.05404491350054741	0.027633339166641235	-1.3278622645884752e-08	0.009401543065905571	1.622538547962904e-09	0.1057060956954956	-1.3278622645884752e-08	0.017806850373744965	1.622538547962904e-09	1.622538547962904e-09	4.2857209336943924e-07	1.622538547962904e-09	-7.275957614183426e-12	1.622538547962904e-09	9.999999974752427e-07	1.622538547962904e-09	-1.3278622645884752e-08	9.999999974752427e-07	-1.3278622645884752e-08	0.007519088685512543	1.622538547962904e-09	-7.275957614183426e-12	2.255546860396862e-10	0.5330701470375061	0.005072489380836487	5.000001692678779e-07	0.3791336119174957	0.015137098729610443	0.04571789503097534	9.999999974752427e-07	0.47317150235176086	1.622538547962904e-09	0.08930285274982452	0.47317150235176086	0.014180606231093407	0.010177051648497581	9.999999974752427e-07	0.283880352973938	-1.3278622645884752e-08	1.622538547962904e-09	0.009429067373275757	-1.3278622645884752e-08	0.007485583424568176	9.999999974752427e-07	0.2687433063983917	0.3461630940437317	0.011049933731555939	0.012431889772415161	0.21618443727493286	0.059898555278778076	-1.3278622645884752e-08	1.622538547962904e-09	0.2838802933692932	0.030927835032343864	0.04472166299819946	-1.3278622645884752e-08	0.39345017075538635	1.622538547962904e-09	-1.3278622645884752e-08	0.39345014095306396	0.011049933731555939	0.010177051648497581	-1.3278622645884752e-08	0.16346153616905212	0.04000958055257797	0.08930287510156631	-1.3278622645884752e-08	0.010416666977107525	-1.3278622645884752e-08	0.014316469430923462	0.036288827657699585	0.08930285274982452	1.622538547962904e-09	0.0478060245513916	5.000001692678779e-07	0.028037382289767265	1.622538547962904e-09	1.622538547962904e-09	-1.3278622645884752e-08	-1.3278622645884752e-08	1.5000005078036338e-06	1.622538547962904e-09	-1.3278622645884752e-08	9.999999974752427e-07	-1.3278622645884752e-08	1.622538547962904e-09	0.21618443727493286	0.015137098729610443	0.171462744474411	0.21618443727493286	0.39345014095306396	0.3461630940437317	0.05255882441997528	0.005072489380836487	9.999999974752427e-07	0.02286946028470993	0.1714627593755722	1.622538547962904e-09	0.01513710618019104	0.37913358211517334	0.1495407670736313	0.06023794412612915	0.014316461980342865	0.02286946028470993	0.008695651777088642	0.1714627593755722	1.622538547962904e-09	0.010177051648497581	0.012431896291673183	1.622538547962904e-09	5.000001692678779e-07	9.999999974752427e-07	0.0066950395703315735	0.007796458899974823	-1.3278622645884752e-08	0.030927835032343864	-1.3278622645884752e-08	0.007485583424568176	-1.3278622645884752e-08	0.02777777798473835	-1.3278622645884752e-08	9.999999974752427e-07	0.008695651777088642	0.3669218420982361	0.04854368790984154	5.000001692678779e-07	0.19233903288841248	1.622538547962904e-09	0.021178677678108215	0.019078683108091354	0.26595741510391235	9.999999974752427e-07	0.0752153992652893	0.29844406247138977	0.01907867193222046	9.999999974752427e-07	0.010416666977107525	0.19233903288841248	0.010324249044060707	0.007624365389347076	1.622538547962904e-09	1.622538547962904e-09	1.622538547962904e-09	9.999999974752427e-07	0.19233901798725128	0.19233904778957367	1.622538547962904e-09	0.026356376707553864	0.16347560286521912	0.04025733470916748	1.622538547962904e-09	1.622538547962904e-09	0.19233901798725128	1.622538547962904e-09	0.015332028269767761	0.0117647061124444	0.24910278618335724	0.01778506115078926	-1.3278622645884752e-08	0.24910277128219604	1.622538547962904e-09	9.999999974752427e-07	1.622538547962904e-09	0.1170303225517273	0.015458554029464722	0.0752154290676117	-1.3278622645884752e-08	0.00909090880304575	-1.3278622645884752e-08	0.009573204442858696	0.02117866277694702	0.0752154216170311	0.018691588193178177	0.015458546578884125	5.000001692678779e-07	0.005539216101169586	1.622538547962904e-09	0.01778506115078926	9.999999974752427e-07	0.02822050452232361	1.5000005078036338e-06	1.622538547962904e-09	9.999999974752427e-07	9.999999974752427e-07	-1.3278622645884752e-08	9.999999974752427e-07	0.16347560286521912	1.622538547962904e-09	0.14051920175552368	0.16347560286521912	0.24910280108451843	0.19233901798725128	0.011078406125307083	0.010101010091602802	0.009573204442858696	0.009177446365356445	0.14051921665668488	0.008695651777088642	1.622538547962904e-09	0.2222222089767456	0.11703035235404968	0.04181492328643799	0.011904762126505375	0.009177446365356445	0.010869565419852734	0.14051920175552368	-1.3278622645884752e-08	0.005539216101169586	0.026356376707553864	1.622538547962904e-09	5.000001692678779e-07	0.009999999776482582	0.019078677520155907	1.622538547962904e-09	0.010324249044060707	9.999999974752427e-07	9.999999974752427e-07	1.622538547962904e-09	9.999999974752427e-07	9.999999974752427e-07	1.622538547962904e-09	1.622538547962904e-09	0.012001227587461472	0.43699365854263306	0.05826278030872345	9.999999974752427e-07	0.2679571807384491	9.999999974752427e-07	0.04900255799293518	1.622538547962904e-09	0.37830495834350586	0.009493403136730194	0.06596280634403229	0.37830492854118347	1.622538547962904e-09	9.999999974752427e-07	0.01123595517128706	0.2679571509361267	-2.4010660126805305e-10	1.622538547962904e-09	-1.3278622645884752e-08	1.622538547962904e-09	1.622538547962904e-09	6.666664376098197e-07	0.2545320391654968	0.2679571509361267	0.010989011265337467	1.3333333299669903e-06	0.20756608247756958	0.04900253936648369	1.622538547962904e-09	0.005720056593418121	0.2679571509361267	1.622538547962904e-09	0.01575428992509842	0.010256909765303135	0.3783048093318939	0.01601792871952057	-2.4010660126805305e-10	0.3783048391342163	0.019911106675863266	9.999999974752427e-07	1.622538547962904e-09	0.1568257212638855	0.013005435466766357	0.11561180651187897	0.01815195381641388	6.666664376098197e-07	0.01815195381641388	0.010526316240429878	0.04900252819061279	0.06741572916507721	0.03269492834806442	0.018725495785474777	0.00909090880304575	-2.4010660126805305e-10	1.622538547962904e-09	0.00917431153357029	0.009686263278126717	0.009686261415481567	0.025567827746272087	9.999999974752427e-07	0.043478261679410934	0.01575428992509842	-2.4010660126805305e-10	0.009493403136730194	0.20756609737873077	9.999999974752427e-07	0.15682576596736908	0.20756609737873077	0.3783048093318939	0.2679571211338043	0.030948013067245483	0.025567827746272087	9.999999974752427e-07	9.999999974752427e-07	0.17497771978378296	0.009708737954497337	0.00909090880304575	0.31831997632980347	0.1568257361650467	0.04121395945549011	0.04972793906927109	0.010204081423580647	0.007700018584728241	0.19181180000305176	9.999999974752427e-07	0.011036910116672516	0.022488445043563843	0.016806723549962044	9.999999974752427e-07	0.009615384973585606	1.622538547962904e-09	1.622538547962904e-09	-2.4010660126805305e-10	1.622538547962904e-09	9.999999974752427e-07	1.622538547962904e-09	0.009803921915590763	1.622538547962904e-09	1.622538547962904e-09	1.622538547962904e-09	9.999999974752427e-07	0.3545213043689728	0.02059110254049301	0.010625112801790237	0.21123084425926208	0.02664199471473694	0.0061219222843647	6.666664376098197e-07	0.3018166422843933	0.006626579910516739	0.02059112675487995	0.3018166720867157	0.01864650845527649	-1.3278622645884752e-08	1.622538547962904e-09	0.1669045239686966	0.015181045979261398	9.999999974752427e-07	1.622538547962904e-09	1.622538547962904e-09	0.010238776914775372	1.622538547962904e-09	0.14026254415512085	0.2112308144569397	-1.3278622645884752e-08	1.622538547962904e-09	0.14026251435279846	0.024768419563770294	1.622538547962904e-09	1.622538547962904e-09	0.2112308144569397	-1.3278622645884752e-08	0.011363636702299118	6.912159733474255e-10	0.23242251574993134	-1.3278622645884752e-08	0.006100691854953766	0.29567739367485046	-1.3278622645884752e-08	-1.3278622645884752e-08	1.622538547962904e-09	0.09294700622558594	1.622538547962904e-09	0.06100180745124817	0.01366463303565979	1.622538547962904e-09	0.007563948631286621	0.011995955370366573	0.0061219483613967896	0.030612245202064514	0.00662657618522644	9.073119144886732e-09	-2.4010660126805305e-10	-1.3278622645884752e-08	-1.3278622645884752e-08	-1.3278622645884752e-08	9.999999974752427e-07	0.027936100959777832	0.010625114664435387	0.027522936463356018	0.007871739566326141	9.999999974752427e-07	1.622538547962904e-09	0.006626579910516739	0.14026251435279846	0.010101010091602802	0.09294699132442474	0.14026251435279846	0.29567742347717285	0.21123076975345612	-1.3278622645884752e-08	0.013964534737169743	0.011995954439043999	0.0061219483613967896	0.10661163181066513	1.622538547962904e-09	0.02664199471473694	0.2191026210784912	0.061001840978860855	1.622538547962904e-09	0.013319892808794975	0.0061219483613967896	1.622538547962904e-09	0.10661161690950394	9.999999974752427e-07	-1.3278622645884752e-08	1.622538547962904e-09	1.622538547962904e-09	-2.4010660126805305e-10	1.622538547962904e-09	1.3333333299669903e-06	1.622538547962904e-09	0.015181045979261398	1.622538547962904e-09	6.912159733474255e-10	0.010238775983452797	0.007871739566326141	0.006139293313026428	1.622538547962904e-09	6.666664376098197e-07	1.622538547962904e-09	0.36081433296203613	0.07295437157154083	0.008505983278155327	0.2816368341445923	0.009365733712911606	0.026101619005203247	-1.3278622645884752e-08	0.309752881526947	8.000001798791345e-07	0.07295437157154083	0.309752881526947	-1.3278622645884752e-08	2.255546860396862e-10	-5.828042048960924e-09	0.22092559933662415	0.024959862232208252	-1.3278622645884752e-08	1.622538547962904e-09	1.622538547962904e-09	-1.3278622645884752e-08	9.999999974752427e-07	0.21155986189842224	0.22092559933662415	2.255546860396862e-10	0.00917431153357029	0.1840570569038391	0.026101574301719666	1.622538547962904e-09	-5.828042048960924e-09	0.22092559933662415	1.622538547962904e-09	-1.3278622645884752e-08	0.008564617484807968	0.29866212606430054	1.622538547962904e-09	9.999999974752427e-07	0.29866212606430054	2.255546860396862e-10	2.255546860396862e-10	1.622538547962904e-09	0.1273503601551056	-5.828042048960924e-09	0.08163265138864517	0.01516491174697876	0.008196720853447914	9.999999974752427e-07	-2.4010660126805305e-10	0.026101619005203247	0.07547169923782349	1.3999997463542968e-06	0.015599853359162807	0.01042632944881916	0.009330726228654385	0.018172089010477066	1.622538547962904e-09	1.622538547962904e-09	0.024959862232208252	0.028257330879569054	9.999999974752427e-07	0.008460663259029388	-1.3278622645884752e-08	9.999999974752427e-07	8.000001798791345e-07	0.14251525700092316	0.009365729987621307	0.1273503601551056	0.14251527190208435	0.29866212606430054	0.2816368341445923	0.00933072715997696	0.05747126415371895	-2.4010660126805305e-10	9.999999974752427e-07	0.14251521229743958	6.000000212225132e-07	0.009365737438201904	0.29009750485420227	0.1273503601551056	0.04308461770415306	-2.4010660126805305e-10	0.009282227605581284	1.622538547962904e-09	0.14251525700092316	9.999999974752427e-07	2.255546860396862e-10	0.027484744787216187	0.017241379246115685	0.009325018152594566	-5.828042048960924e-09	-1.3278622645884752e-08	0.015599831938743591	0.02495986968278885	-2.4010660126805305e-10	9.999999974752427e-07	-1.3278622645884752e-08	0.008460666984319687	0.01109074056148529	1.622538547962904e-09	-1.3278622645884752e-08	0.016819391399621964
90	-15547.466796875	-1	9	57	76	75	26	89	10	62	48	0	26	84	41	29	91	66	5	0	11	24	14	68	37	85	21	0	0	50	22	3	66	33	67	21	43	7	69	12	0	65	50	77	73	24	43	79	5	42	1	78	57	69	21	34	56	0	70	42	76	31	43	49	25	4	73	63	36	3	21	1	46	80	82	49	14	33	40	77	33	47	9	66	48	69	78	85	57	13	11	50	56	7	32	19	59	7	0	90	47	0.5437127947807312	0.08644906431436539	0.010285336524248123	0.4145510792732239	0.012830331921577454	0.010498285293579102	0.010526316240429878	0.4251323938369751	9.999999974752427e-07	0.08644905686378479	0.44155386090278625	0.06554710865020752	9.999999974752427e-07	9.999999974752427e-07	0.4095746874809265	9.999999974752427e-07	0.005317971110343933	1.622538547962904e-09	1.622538547962904e-09	9.999999974752427e-07	0.02298850566148758	0.39674437046051025	0.4095746576786041	9.999999974752427e-07	0.03314200043678284	0.2897196114063263	0.07604538649320602	1.622538547962904e-09	9.999999974752427e-07	0.4095746576786041	0.0049764662981033325	1.622538547962904e-09	1.622538547962904e-09	0.4145510196685791	0.03333333507180214	-1.3278622645884752e-08	0.42513248324394226	9.999999974752427e-07	9.999999974752427e-07	1.622538547962904e-09	0.22580645978450775	0.012048192322254181	0.1361638456583023	-1.3278622645884752e-08	9.999999974752427e-07	-1.3278622645884752e-08	1.622538547962904e-09	0.010498279705643654	0.1361638605594635	0.030567780137062073	0.02411612868309021	1.622538547962904e-09	0.008196720853447914	0.010869565419852734	9.999999974752427e-07	0.010526316240429878	0.026113219559192657	0.019338728860020638	-2.4010660126805305e-10	-1.3278622645884752e-08	1.622538547962904e-09	-1.3278622645884752e-08	0.030567795038223267	0.2705919146537781	9.999999974752427e-07	0.26527389883995056	0.2705919146537781	0.4251324534416199	0.40957462787628174	0.030927833169698715	0.05588129162788391	1.622538547962904e-09	0.010498277842998505	0.2652738690376282	-1.3278622645884752e-08	0.012830331921577454	0.4145510792732239	0.22250455617904663	0.08634074777364731	1.622538547962904e-09	0.010498279705643654	1.622538547962904e-09	0.26527389883995056	0.036036036908626556	0.009900989942252636	0.062224678695201874	0.029082641005516052	0.009053405374288559	9.999999974752427e-07	0.012195121496915817	9.999999974752427e-07	0.008547008968889713	-1.3278622645884752e-08	1.622538547962904e-09	9.999999974752427e-07	-1.3278622645884752e-08	-1.3278622645884752e-08	1.622538547962904e-09	9.999999974752427e-07	1.622538547962904e-09	0.4231007397174835	0.04496558755636215	0.010405869223177433	0.2722354531288147	0.010044899769127369	0.021052632480859756	9.999999974752427e-07	0.31625208258628845	0.018691588193178177	0.05226296931505203	0.31625211238861084	0.01785714365541935	0.010989011265337467	1.622538547962904e-09	0.2722354531288147	9.999999974752427e-07	1.622538547962904e-09	0.019417475908994675	1.622538547962904e-09	9.999999974752427e-07	6.666664376098197e-07	0.2291666716337204	0.2722354531288147	9.999999974752427e-07	1.3333333299669903e-06	0.1819043606519699	0.09699182957410812	1.622538547962904e-09	0.0078512541949749	0.2722354531288147	1.622538547962904e-09	1.622538547962904e-09	0.010638297535479069	0.31625205278396606	9.999999974752427e-07	-7.275957614183426e-12	0.31625205278396606	0.010526316240429878	0.009009009227156639	1.622538547962904e-09	0.10256187617778778	1.622538547962904e-09	0.0606570690870285	0.008510754443705082	6.666664376098197e-07	-7.275957614183426e-12	9.999999974752427e-07	1.3999997463542968e-06	0.05226297304034233	0.034559715539216995	0.022432174533605576	2.255546860396862e-10	9.999999974752427e-07	9.999999974752427e-07	9.999999974752427e-07	0.008264463394880295	0.009856700897216797	0.010405868291854858	0.008394084870815277	1.622538547962904e-09	1.622538547962904e-09	0.008510754443705082	0.034559715539216995	0.18190431594848633	0.010044899769127369	0.11764705926179886	0.18190434575080872	0.31625205278396606	0.2722354531288147	0.042105261236429214	0.010405870154500008	9.999999974752427e-07	8.000001798791345e-07	0.18190434575080872	1.622538547962904e-09	0.010044898837804794	0.2722354531288147	0.10256189107894897	0.04190482199192047	9.999999974752427e-07	8.000001798791345e-07	0.00729738175868988	0.18190434575080872	1.622538547962904e-09	0.016949152573943138	0.01947261206805706	9.999999974752427e-07	2.255546860396862e-10	1.622538547962904e-09	0.011627906933426857	0.014580924063920975	9.999999974752427e-07	1.622538547962904e-09	9.999999974752427e-07	9.999999974752427e-07	1.622538547962904e-09	1.622538547962904e-09	1.622538547962904e-09	9.999999974752427e-07	6.000000212225132e-07	0.4494662880897522	0.08000115305185318	9.999999974752427e-07	0.3330483138561249	-1.3278622645884752e-08	0.03483249247074127	9.999999974752427e-07	0.386263370513916	0.009220771491527557	0.08756303787231445	0.38626334071159363	0.013322077691555023	-1.3278622645884752e-08	9.999999974752427e-07	0.2947915494441986	9.999999974752427e-07	0.029411764815449715	9.999999974752427e-07	-1.3278622645884752e-08	0.008118398487567902	0.010526316240429878	0.2947915494441986	0.2947915196418762	-1.3278622645884752e-08	0.01075268816202879	0.2947915196418762	0.04815460741519928	-1.3278622645884752e-08	0.02777777798473835	0.2947915494441986	0.019186578691005707	9.999999974752427e-07	0.008000463247299194	0.38626325130462646	-1.3278622645884752e-08	1.622538547962904e-09	0.38626331090927124	-1.3278622645884752e-08	-1.3278622645884752e-08	-1.3278622645884752e-08	0.1528805047273636	9.999999974752427e-07	0.08756301552057266	0.009048528037965298	9.999999974752427e-07	1.622538547962904e-09	0.009130984544754028	0.02860131859779358	0.08756303787231445	0.009220770560204983	0.04123711213469505	9.999999974752427e-07	-1.3278622645884752e-08	-1.3278622645884752e-08	-1.3278622645884752e-08	0.008003763854503632	0.015048369765281677	0.029999999329447746	1.622538547962904e-09	0.00909090880304575	9.999999974752427e-07	0.009048528969287872	0.009220771491527557	0.2947915196418762	-1.3278622645884752e-08	0.15288051962852478	0.2499999850988388	0.38626334071159363	0.31386175751686096	-1.3278622645884752e-08	0.032608695328235626	0.009130991995334625	9.999999974752427e-07	0.16192904114723206	-2.4010660126805305e-10	-1.3278622645884752e-08	0.36913180351257324	0.1528804898262024	0.06531748175621033	0.009130977094173431	0.028601333498954773	0.00756189227104187	0.16814157366752625	1.622538547962904e-09	-1.3278622645884752e-08	0.021052632480859756	0.009900989942252636	0.027272727340459824	9.999999974752427e-07	0.005203664302825928	0.008620689623057842	0.007044591009616852	-1.3278622645884752e-08	0.008000463247299194	0.008118398487567902	9.999999974752427e-07	-1.3278622645884752e-08	-1.3278622645884752e-08	9.999999974752427e-07	1.622538547962904e-09	0.4417252242565155	0.024390242993831635	9.999999974752427e-07	0.30527326464653015	0.010416666977107525	0.014637134969234467	9.999999974752427e-07	0.3760969042778015	9.999999974752427e-07	0.04878048598766327	0.3760969042778015	0.05099133402109146	9.999999974752427e-07	0.008882244117558002	0.30527329444885254	1.622538547962904e-09	1.622538547962904e-09	1.622538547962904e-09	1.622538547962904e-09	0.030414395034313202	0.012048192322254181	0.29318323731422424	0.30527329444885254	9.999999974752427e-07	0.017391303554177284	0.2670987844467163	0.06562843918800354	1.622538547962904e-09	0.010416666977107525	0.30527329444885254	1.622538547962904e-09	1.622538547962904e-09	1.622538547962904e-09	0.30527329444885254	1.622538547962904e-09	0.010526316240429878	0.3760969042778015	9.999999974752427e-07	9.999999974752427e-07	1.622538547962904e-09	0.14387741684913635	0.025641024112701416	0.07431011646986008	0.032608695328235626	9.999999974752427e-07	0.009615384973585606	1.622538547962904e-09	0.014637134969234467	0.07431010156869888	0.010309278033673763	0.04452749714255333	0.009433962404727936	9.999999974752427e-07	1.622538547962904e-09	1.622538547962904e-09	1.622538547962904e-09	1.622538547962904e-09	0.009569531306624413	1.622538547962904e-09	1.622538547962904e-09	1.622538547962904e-09	0.01123595517128706	9.999999974752427e-07	0.20471768081188202	9.999999974752427e-07	0.14387744665145874	0.2047176957130432	0.3052733242511749	0.30527329444885254	0.026084452867507935	0.009569531306624413	1.622538547962904e-09	0.010101010091602802	0.204717755317688	0.010204081423580647	0.010989011265337467	0.30527329444885254	0.14387741684913635	0.06956726312637329	1.622538547962904e-09	0.01463712751865387	9.999999974752427e-07	0.20471777021884918	0.009803921915590763	9.999999974752427e-07	0.02503982186317444	9.999999974752427e-07	9.999999974752427e-07	0.008882243186235428	0.020576931536197662	9.999999974752427e-07	1.622538547962904e-09	1.622538547962904e-09	1.622538547962904e-09	9.999999974752427e-07	1.622538547962904e-09	1.622538547962904e-09	1.622538547962904e-09	9.999999974752427e-07	1.622538547962904e-09	0.3537144362926483	0.026411600410938263	4.2857209336943924e-07	0.20192477107048035	1.622538547962904e-09	0.027027027681469917	-7.275957614183426e-12	0.28152182698249817	1.622538547962904e-09	0.026411592960357666	0.2815217971801758	0.010256588459014893	9.999999974752427e-07	1.622538547962904e-09	0.20192477107048035	9.999999974752427e-07	1.622538547962904e-09	9.999999974752427e-07	1.622538547962904e-09	0.010256589390337467	1.622538547962904e-09	0.20192474126815796	0.20192478597164154	1.622538547962904e-09	1.622538547962904e-09	0.16246558725833893	0.05873368680477142	1.622538547962904e-09	0.027633335441350937	0.20192477107048035	-1.3278622645884752e-08	1.622538547962904e-09	-1.3278622645884752e-08	0.20192483067512512	0.008206691592931747	9.999999974752427e-07	0.2740027904510498	1.622538547962904e-09	9.999999974752427e-07	1.622538547962904e-09	0.057034820318222046	1.622538547962904e-09	0.02641156315803528	0.03179077059030533	1.622538547962904e-09	9.999999974752427e-07	-1.3278622645884752e-08	0.009401541203260422	0.026411622762680054	0.009916093200445175	0.02763335406780243	4.2857209336943924e-07	1.622538547962904e-09	0.013445600867271423	0.008206691592931747	9.999999974752427e-07	0.013458997011184692	1.2857158253609668e-06	-1.3278622645884752e-08	-1.3278622645884752e-08	1.622538547962904e-09	9.999999974752427e-07	1.622538547962904e-09	0.16246557235717773	1.622538547962904e-09	0.05703481286764145	0.1057061031460762	0.2626262605190277	0.20192477107048035	0.01780684106051922	1.2857121873821598e-06	-1.3278622645884752e-08	9.999999974752427e-07	0.08882559835910797	0.009916089475154877	1.622538547962904e-09	0.20192478597164154	0.054044902324676514	0.027633346617221832	-1.3278622645884752e-08	0.009401543065905571	1.622538547962904e-09	0.1057060956954956	-1.3278622645884752e-08	0.017806850373744965	1.622538547962904e-09	1.622538547962904e-09	4.2857209336943924e-07	1.622538547962904e-09	-7.275957614183426e-12	1.622538547962904e-09	9.999999974752427e-07	1.622538547962904e-09	-1.3278622645884752e-08	9.999999974752427e-07	-1.3278622645884752e-08	0.007519088685512543	1.622538547962904e-09	1.622538547962904e-09	2.255546860396862e-10	0.5330701470375061	0.005072489380836487	5.000001692678779e-07	0.3791336119174957	0.015137098729610443	0.04571789503097534	9.999999974752427e-07	0.47317150235176086	1.622538547962904e-09	0.08930285274982452	0.47317150235176086	0.014180606231093407	0.010177051648497581	9.999999974752427e-07	0.283880352973938	-1.3278622645884752e-08	1.622538547962904e-09	0.009429067373275757	-1.3278622645884752e-08	0.007485583424568176	9.999999974752427e-07	0.2687433063983917	0.3461630940437317	0.011049933731555939	0.012431889772415161	0.21618443727493286	0.059898555278778076	-1.3278622645884752e-08	1.622538547962904e-09	0.2838802933692932	0.030927835032343864	0.04472166299819946	-1.3278622645884752e-08	0.39345017075538635	1.622538547962904e-09	-1.3278622645884752e-08	0.39345014095306396	0.011049933731555939	0.010177051648497581	-1.3278622645884752e-08	0.16346153616905212	0.04000958055257797	0.08930287510156631	-1.3278622645884752e-08	0.010416666977107525	-1.3278622645884752e-08	0.014316469430923462	0.036288827657699585	0.08930285274982452	1.622538547962904e-09	0.0478060245513916	5.000001692678779e-07	0.028037382289767265	1.622538547962904e-09	1.622538547962904e-09	-1.3278622645884752e-08	-1.3278622645884752e-08	1.5000005078036338e-06	1.622538547962904e-09	-1.3278622645884752e-08	9.999999974752427e-07	-1.3278622645884752e-08	1.622538547962904e-09	0.21618443727493286	0.015137098729610443	0.171462744474411	0.21618443727493286	0.39345014095306396	0.3461630940437317	0.05255882441997528	0.005072489380836487	9.999999974752427e-07	0.02286946028470993	0.1714627593755722	1.622538547962904e-09	0.01513710618019104	0.37913358211517334	0.1495407670736313	0.06023794412612915	0.014316461980342865	0.02286946028470993	0.008695651777088642	0.1714627593755722	1.622538547962904e-09	0.010177051648497581	0.012431896291673183	1.622538547962904e-09	5.000001692678779e-07	9.999999974752427e-07	0.0066950395703315735	0.007796458899974823	-1.3278622645884752e-08	0.030927835032343864	-1.3278622645884752e-08	0.007485583424568176	-1.3278622645884752e-08	0.02777777798473835	-1.3278622645884752e-08	9.999999974752427e-07	0.008695651777088642	0.3669218420982361	0.04854368790984154	5.000001692678779e-07	0.19233903288841248	1.622538547962904e-09	0.021178677678108215	0.01907866820693016	0.26595741510391235	9.999999974752427e-07	0.07521536946296692	0.2984440326690674	0.01907867193222046	9.999999974752427e-07	0.010416666977107525	0.19233903288841248	0.010324249044060707	0.007624365389347076	1.622538547962904e-09	1.622538547962904e-09	1.622538547962904e-09	9.999999974752427e-07	0.19233901798725128	0.19233904778957367	1.622538547962904e-09	0.026356376707553864	0.16347560286521912	0.04025731980800629	1.622538547962904e-09	1.622538547962904e-09	0.19233901798725128	1.622538547962904e-09	0.015332028269767761	0.0117647061124444	0.24910278618335724	0.01778506115078926	-1.3278622645884752e-08	0.24910277128219604	1.622538547962904e-09	9.999999974752427e-07	1.622538547962904e-09	0.11703035235404968	0.015458554029464722	0.0752154290676117	-1.3278622645884752e-08	0.00909090880304575	-1.3278622645884752e-08	0.009573204442858696	0.02117867022752762	0.0752154216170311	0.018691588193178177	0.015458539128303528	5.000001692678779e-07	0.005539216101169586	1.622538547962904e-09	0.01778506115078926	9.999999974752427e-07	0.02822047472000122	1.5000005078036338e-06	1.622538547962904e-09	9.999999974752427e-07	9.999999974752427e-07	-1.3278622645884752e-08	9.999999974752427e-07	0.16347560286521912	1.622538547962904e-09	0.14051920175552368	0.16347560286521912	0.24910280108451843	0.19233901798725128	0.011078406125307083	0.010101010091602802	0.009573204442858696	0.009177442640066147	0.14051921665668488	0.008695651777088642	1.622538547962904e-09	0.2222222089767456	0.11703035235404968	0.04181492328643799	0.011904762126505375	0.009177440777420998	0.010869565419852734	0.14051920175552368	-1.3278622645884752e-08	0.005539216101169586	0.026356376707553864	1.622538547962904e-09	5.000001692678779e-07	0.009999999776482582	0.01907867006957531	1.622538547962904e-09	0.010324249044060707	9.999999974752427e-07	9.999999974752427e-07	1.622538547962904e-09	9.999999974752427e-07	9.999999974752427e-07	1.622538547962904e-09	1.622538547962904e-09	0.012001216411590576	0.43699365854263306	0.05826278030872345	9.999999974752427e-07	0.2679571509361267	9.999999974752427e-07	0.049002572894096375	1.622538547962904e-09	0.37830492854118347	0.009493403136730194	0.06596280634403229	0.37830492854118347	1.622538547962904e-09	9.999999974752427e-07	0.01123595517128706	0.26795709133148193	-2.4010660126805305e-10	1.622538547962904e-09	-1.3278622645884752e-08	1.622538547962904e-09	1.622538547962904e-09	6.666664376098197e-07	0.25453197956085205	0.2679571211338043	0.010989011265337467	1.3333333299669903e-06	0.2075660675764084	0.04900256544351578	1.622538547962904e-09	0.005720078945159912	0.26795709133148193	1.622538547962904e-09	0.015754275023937225	0.010256909765303135	0.37830477952957153	0.01601792871952057	-2.4010660126805305e-10	0.37830477952957153	0.019911102950572968	9.999999974752427e-07	1.622538547962904e-09	0.1568257361650467	0.013005442917346954	0.11561182141304016	0.01815195381641388	6.666664376098197e-07	0.018151961266994476	0.010526316240429878	0.04900252819061279	0.06741572916507721	0.03269492834806442	0.018725519999861717	0.00909090880304575	-2.4010660126805305e-10	1.622538547962904e-09	0.00917431153357029	0.00968627817928791	0.009686276316642761	0.025567827746272087	9.999999974752427e-07	0.043478261679410934	0.015754275023937225	-2.4010660126805305e-10	0.009493403136730194	0.20756608247756958	9.999999974752427e-07	0.1568257063627243	0.20756608247756958	0.37830477952957153	0.26795709133148193	0.030948005616664886	0.025567827746272087	9.999999974752427e-07	9.999999974752427e-07	0.17497771978378296	0.009708737954497337	0.00909090880304575	0.3183199465274811	0.15682575106620789	0.041213929653167725	0.04972793906927109	0.010204081423580647	0.007700018584728241	0.19181178510189056	9.999999974752427e-07	0.011036906391382217	0.022488489747047424	0.016806723549962044	9.999999974752427e-07	0.009615384973585606	1.622538547962904e-09	1.622538547962904e-09	-2.4010660126805305e-10	1.622538547962904e-09	9.999999974752427e-07	1.622538547962904e-09	0.009803921915590763	1.622538547962904e-09	1.622538547962904e-09	1.622538547962904e-09	9.999999974752427e-07	0.3545213043689728	0.02059110254049301	0.010625112801790237	0.21123084425926208	0.02664199471473694	0.0061219222843647	9.999999974752427e-07	0.3018166422843933	0.006626579910516739	0.02059112675487995	0.3018166720867157	0.01864650845527649	-1.3278622645884752e-08	1.622538547962904e-09	0.1669045239686966	0.015181045979261398	9.999999974752427e-07	1.622538547962904e-09	1.622538547962904e-09	0.010238776914775372	1.622538547962904e-09	0.14026254415512085	0.2112308144569397	-1.3278622645884752e-08	1.622538547962904e-09	0.14026251435279846	0.024768419563770294	1.622538547962904e-09	1.622538547962904e-09	0.2112308144569397	-1.3278622645884752e-08	0.011363636702299118	6.912159733474255e-10	0.23242251574993134	-1.3278622645884752e-08	0.006100691854953766	0.29567739367485046	-1.3278622645884752e-08	-1.3278622645884752e-08	1.622538547962904e-09	0.09294700622558594	1.622538547962904e-09	0.061001814901828766	0.01366463303565979	1.622538547962904e-09	0.007563948631286621	0.011995955370366573	0.0061219483613967896	0.030612245202064514	0.00662657618522644	9.073119144886732e-09	-2.4010660126805305e-10	-1.3278622645884752e-08	-1.3278622645884752e-08	-1.3278622645884752e-08	9.999999974752427e-07	0.027936100959777832	0.010625114664435387	0.027522936463356018	0.007871739566326141	9.999999974752427e-07	1.622538547962904e-09	0.006626579910516739	0.14026251435279846	0.010101010091602802	0.09294699132442474	0.14026251435279846	0.29567742347717285	0.21123076975345612	-1.3278622645884752e-08	0.013964534737169743	0.011995954439043999	0.0061219483613967896	0.10661163181066513	1.622538547962904e-09	0.02664199471473694	0.2191026210784912	0.06100183352828026	9.073119144886732e-09	0.013319892808794975	0.0061219483613967896	1.622538547962904e-09	0.10661161690950394	9.999999974752427e-07	-1.3278622645884752e-08	1.622538547962904e-09	1.622538547962904e-09	-2.4010660126805305e-10	1.622538547962904e-09	9.999999974752427e-07	1.622538547962904e-09	0.015181045979261398	1.622538547962904e-09	6.912159733474255e-10	0.010238775983452797	0.007871739566326141	0.006139293313026428	1.622538547962904e-09	1.622538547962904e-09	1.622538547962904e-09	0.36081427335739136	0.07295437157154083	0.008505983278155327	0.2816368341445923	0.009365733712911606	0.026101619005203247	-1.3278622645884752e-08	0.3097529113292694	8.000001798791345e-07	0.07295437157154083	0.3097529113292694	-1.3278622645884752e-08	2.255546860396862e-10	-5.828042048960924e-09	0.22092559933662415	0.024959877133369446	-1.3278622645884752e-08	1.622538547962904e-09	1.622538547962904e-09	-1.3278622645884752e-08	9.999999974752427e-07	0.21155986189842224	0.22092559933662415	2.255546860396862e-10	0.00917431153357029	0.1840570569038391	0.026101604104042053	1.622538547962904e-09	-5.828042048960924e-09	0.22092559933662415	1.622538547962904e-09	-1.3278622645884752e-08	0.008564604446291924	0.2986621558666229	1.622538547962904e-09	9.999999974752427e-07	0.2986621558666229	2.255546860396862e-10	2.255546860396862e-10	1.622538547962904e-09	0.1273503601551056	-5.828042048960924e-09	0.08163265138864517	0.01516491174697876	0.008196720853447914	9.999999974752427e-07	-2.4010660126805305e-10	0.026101619005203247	0.07547169923782349	1.3999997463542968e-06	0.015599853359162807	0.01042632944881916	0.009330726228654385	0.018172089010477066	1.622538547962904e-09	1.622538547962904e-09	0.024959877133369446	0.028257330879569054	9.999999974752427e-07	0.008460652083158493	-1.3278622645884752e-08	9.999999974752427e-07	8.000001798791345e-07	0.14251525700092316	0.009365729987621307	0.1273503601551056	0.14251527190208435	0.2986621558666229	0.2816368341445923	0.00933072715997696	0.05747126415371895	-2.4010660126805305e-10	9.999999974752427e-07	0.14251521229743958	6.000000212225132e-07	0.009365737438201904	0.29009753465652466	0.1273503601551056	0.04308461770415306	-2.4010660126805305e-10	0.009282229468226433	1.622538547962904e-09	0.14251525700092316	9.999999974752427e-07	2.255546860396862e-10	0.027484744787216187	0.017241379246115685	0.009325018152594566	-5.828042048960924e-09	-1.3278622645884752e-08	0.015599831938743591	0.02495986968278885	-2.4010660126805305e-10	9.999999974752427e-07	-1.3278622645884752e-08	0.008460652083158493	0.011090751737356186	1.622538547962904e-09	9.999999974752427e-07	0.016819393262267113
91	-15547.466796875	-1	9	57	76	75	26	89	10	62	48	0	26	84	41	29	91	66	5	0	11	24	14	68	37	85	21	0	0	50	22	3	66	33	67	21	43	7	69	12	0	65	50	77	73	24	43	79	5	42	1	78	57	69	21	34	56	0	70	42	76	31	43	49	25	4	73	63	36	3	21	1	46	80	82	49	14	33	40	77	33	47	9	66	48	69	78	85	57	13	11	50	56	7	32	19	59	7	0	91	47	0.5437127947807312	0.08644906431436539	0.010285336524248123	0.4145510792732239	0.012830331921577454	0.010498285293579102	0.010526316240429878	0.4251323938369751	9.999999974752427e-07	0.08644905686378479	0.44155386090278625	0.06554710865020752	9.999999974752427e-07	9.999999974752427e-07	0.4095746874809265	9.999999974752427e-07	0.005317971110343933	1.622538547962904e-09	1.622538547962904e-09	9.999999974752427e-07	0.02298850566148758	0.39674437046051025	0.4095746576786041	9.999999974752427e-07	0.03314200043678284	0.2897196114063263	0.07604538649320602	1.622538547962904e-09	9.999999974752427e-07	0.4095746576786041	0.0049764662981033325	1.622538547962904e-09	1.622538547962904e-09	0.4145510196685791	0.03333333507180214	-1.3278622645884752e-08	0.42513248324394226	9.999999974752427e-07	9.999999974752427e-07	1.622538547962904e-09	0.22580645978450775	0.012048192322254181	0.1361638456583023	-1.3278622645884752e-08	9.999999974752427e-07	-1.3278622645884752e-08	1.622538547962904e-09	0.010498279705643654	0.1361638605594635	0.030567780137062073	0.02411612868309021	1.622538547962904e-09	0.008196720853447914	0.010869565419852734	9.999999974752427e-07	0.010526316240429878	0.026113219559192657	0.019338728860020638	-2.4010660126805305e-10	-1.3278622645884752e-08	1.622538547962904e-09	-1.3278622645884752e-08	0.030567795038223267	0.2705919146537781	9.999999974752427e-07	0.26527389883995056	0.2705919146537781	0.4251324534416199	0.40957462787628174	0.030927833169698715	0.05588129162788391	1.622538547962904e-09	0.010498277842998505	0.2652738690376282	-1.3278622645884752e-08	0.012830331921577454	0.4145510792732239	0.22250455617904663	0.08634074777364731	1.622538547962904e-09	0.010498279705643654	1.622538547962904e-09	0.26527389883995056	0.036036036908626556	0.009900989942252636	0.062224678695201874	0.029082641005516052	0.009053405374288559	9.999999974752427e-07	0.012195121496915817	9.999999974752427e-07	0.008547008968889713	-1.3278622645884752e-08	1.622538547962904e-09	9.999999974752427e-07	-1.3278622645884752e-08	-1.3278622645884752e-08	1.622538547962904e-09	9.999999974752427e-07	1.622538547962904e-09	0.42310068011283875	0.04496558755636215	0.010405869223177433	0.2722354531288147	0.010044899769127369	0.021052632480859756	9.999999974752427e-07	0.31625208258628845	0.018691588193178177	0.05226296931505203	0.31625208258628845	0.01785714365541935	0.010989011265337467	1.622538547962904e-09	0.2722354531288147	6.666664376098197e-07	1.622538547962904e-09	0.019417475908994675	1.622538547962904e-09	9.999999974752427e-07	6.666664376098197e-07	0.2291666716337204	0.2722354531288147	9.999999974752427e-07	1.3333333299669903e-06	0.1819043606519699	0.09699185937643051	1.622538547962904e-09	0.0078512541949749	0.2722354531288147	1.622538547962904e-09	1.622538547962904e-09	0.010638297535479069	0.31625211238861084	9.999999974752427e-07	-7.275957614183426e-12	0.31625208258628845	0.010526316240429878	0.009009009227156639	1.622538547962904e-09	0.10256187617778778	1.622538547962904e-09	0.0606570690870285	0.008510754443705082	6.666664376098197e-07	-7.275957614183426e-12	9.999999974752427e-07	1.3999997463542968e-06	0.05226297304034233	0.034559715539216995	0.022432174533605576	2.255546860396862e-10	9.999999974752427e-07	9.999999974752427e-07	9.999999974752427e-07	0.008264463394880295	0.009856726974248886	0.010405868291854858	0.008394084870815277	1.622538547962904e-09	1.622538547962904e-09	0.008510754443705082	0.034559715539216995	0.18190431594848633	0.010044899769127369	0.11764705926179886	0.18190434575080872	0.31625211238861084	0.2722354531288147	0.042105261236429214	0.010405870154500008	9.999999974752427e-07	8.000001798791345e-07	0.18190434575080872	1.622538547962904e-09	0.010044898837804794	0.2722354531288147	0.10256189107894897	0.04190482199192047	9.999999974752427e-07	8.000001798791345e-07	0.00729738175868988	0.18190434575080872	1.622538547962904e-09	0.016949152573943138	0.01947261206805706	9.999999974752427e-07	2.255546860396862e-10	1.622538547962904e-09	0.011627906933426857	0.014580924063920975	1.3333333299669903e-06	1.622538547962904e-09	9.999999974752427e-07	9.999999974752427e-07	1.622538547962904e-09	1.622538547962904e-09	1.622538547962904e-09	6.666664376098197e-07	6.000000212225132e-07	0.449466347694397	0.08000115305185318	9.999999974752427e-07	0.3330483138561249	-1.3278622645884752e-08	0.034832462668418884	9.999999974752427e-07	0.386263370513916	0.009220771491527557	0.08756303787231445	0.38626331090927124	0.01332206092774868	-1.3278622645884752e-08	9.999999974752427e-07	0.2947915494441986	9.999999974752427e-07	0.029411764815449715	9.999999974752427e-07	-1.3278622645884752e-08	0.008118398487567902	0.010526316240429878	0.2947915494441986	0.2947915196418762	-1.3278622645884752e-08	0.01075268816202879	0.2947915196418762	0.0481545627117157	-1.3278622645884752e-08	0.02777777798473835	0.2947915494441986	0.019186578691005707	9.999999974752427e-07	0.008000485599040985	0.3862632215023041	-1.3278622645884752e-08	1.622538547962904e-09	0.38626331090927124	-1.3278622645884752e-08	-1.3278622645884752e-08	-1.3278622645884752e-08	0.1528805047273636	9.999999974752427e-07	0.08756301552057266	0.009048528037965298	9.999999974752427e-07	1.622538547962904e-09	0.009131006896495819	0.02860131859779358	0.08756303787231445	0.009220770560204983	0.04123711213469505	9.999999974752427e-07	-1.3278622645884752e-08	-1.3278622645884752e-08	-1.3278622645884752e-08	0.00800374150276184	0.01504833996295929	0.029999999329447746	1.622538547962904e-09	0.00909090880304575	9.999999974752427e-07	0.009048528969287872	0.009220771491527557	0.2947915196418762	-1.3278622645884752e-08	0.15288051962852478	0.2499999850988388	0.38626325130462646	0.31386175751686096	-1.3278622645884752e-08	0.032608695328235626	0.009130999445915222	9.999999974752427e-07	0.16192904114723206	-2.4010660126805305e-10	-1.3278622645884752e-08	0.369131863117218	0.1528804898262024	0.06531748175621033	0.009130991995334625	0.028601333498954773	0.00756189227104187	0.16814157366752625	1.622538547962904e-09	-1.3278622645884752e-08	0.021052632480859756	0.009900989942252636	0.027272727340459824	9.999999974752427e-07	0.005203664302825928	0.008620689623057842	0.007044568657875061	-1.3278622645884752e-08	0.008000485599040985	0.008118398487567902	9.999999974752427e-07	-1.3278622645884752e-08	-1.3278622645884752e-08	9.999999974752427e-07	1.622538547962904e-09	0.4417252242565155	0.024390242993831635	9.999999974752427e-07	0.30527326464653015	0.010416666977107525	0.014637134969234467	9.999999974752427e-07	0.3760969042778015	9.999999974752427e-07	0.04878048598766327	0.3760969042778015	0.05099131911993027	9.999999974752427e-07	0.008882244117558002	0.30527329444885254	1.622538547962904e-09	1.622538547962904e-09	1.622538547962904e-09	1.622538547962904e-09	0.030414409935474396	0.012048192322254181	0.29318323731422424	0.30527329444885254	9.999999974752427e-07	0.017391303554177284	0.2670987844467163	0.06562846153974533	1.622538547962904e-09	0.010416666977107525	0.30527329444885254	1.622538547962904e-09	1.622538547962904e-09	1.622538547962904e-09	0.30527329444885254	1.622538547962904e-09	0.010526316240429878	0.3760969042778015	9.999999974752427e-07	9.999999974752427e-07	1.622538547962904e-09	0.14387741684913635	0.025641024112701416	0.07431011646986008	0.032608695328235626	9.999999974752427e-07	0.009615384973585606	1.622538547962904e-09	0.014637134969234467	0.07431010156869888	0.010309278033673763	0.04452749714255333	0.009433962404727936	9.999999974752427e-07	1.622538547962904e-09	1.622538547962904e-09	1.622538547962904e-09	1.622538547962904e-09	0.009569531306624413	1.622538547962904e-09	1.622538547962904e-09	1.622538547962904e-09	0.01123595517128706	9.999999974752427e-07	0.20471768081188202	9.999999974752427e-07	0.14387744665145874	0.2047176957130432	0.3052733242511749	0.30527329444885254	0.026084452867507935	0.009569531306624413	1.622538547962904e-09	0.010101010091602802	0.204717755317688	0.010204081423580647	0.010989011265337467	0.30527329444885254	0.14387741684913635	0.06956726312637329	1.622538547962904e-09	0.01463712751865387	9.999999974752427e-07	0.20471777021884918	0.009803921915590763	9.999999974752427e-07	0.02503982186317444	9.999999974752427e-07	9.999999974752427e-07	0.008882243186235428	0.020576931536197662	9.999999974752427e-07	1.622538547962904e-09	1.622538547962904e-09	1.622538547962904e-09	9.999999974752427e-07	1.622538547962904e-09	1.622538547962904e-09	1.622538547962904e-09	1.622538547962904e-09	1.622538547962904e-09	0.3537144362926483	0.026411600410938263	4.2857209336943924e-07	0.20192477107048035	1.622538547962904e-09	0.027027027681469917	-7.275957614183426e-12	0.28152182698249817	1.622538547962904e-09	0.026411622762680054	0.2815217971801758	0.010256588459014893	9.999999974752427e-07	1.622538547962904e-09	0.20192477107048035	6.666664376098197e-07	1.622538547962904e-09	9.999999974752427e-07	1.622538547962904e-09	0.010256589390337467	1.622538547962904e-09	0.20192474126815796	0.20192478597164154	1.622538547962904e-09	1.622538547962904e-09	0.16246558725833893	0.05873368680477142	1.622538547962904e-09	0.027633339166641235	0.20192477107048035	-1.3278622645884752e-08	1.622538547962904e-09	-1.3278622645884752e-08	0.20192483067512512	0.008206691592931747	9.999999974752427e-07	0.2740027904510498	1.622538547962904e-09	9.999999974752427e-07	1.622538547962904e-09	0.05703481286764145	1.622538547962904e-09	0.02641153335571289	0.03179077059030533	1.622538547962904e-09	9.999999974752427e-07	-1.3278622645884752e-08	0.009401541203260422	0.026411622762680054	0.009916093200445175	0.027633339166641235	4.2857209336943924e-07	1.622538547962904e-09	0.013445600867271423	0.008206691592931747	9.999999974752427e-07	0.013458997011184692	1.2857158253609668e-06	-1.3278622645884752e-08	-1.3278622645884752e-08	1.622538547962904e-09	9.999999974752427e-07	1.622538547962904e-09	0.16246557235717773	1.622538547962904e-09	0.05703481659293175	0.10570608824491501	0.2626262605190277	0.20192477107048035	0.01780684106051922	1.2857121873821598e-06	-1.3278622645884752e-08	9.999999974752427e-07	0.08882559835910797	0.009916089475154877	1.622538547962904e-09	0.20192478597164154	0.05404491350054741	0.027633339166641235	-1.3278622645884752e-08	0.009401543065905571	1.622538547962904e-09	0.1057060956954956	-1.3278622645884752e-08	0.017806850373744965	1.622538547962904e-09	1.622538547962904e-09	4.2857209336943924e-07	1.622538547962904e-09	-7.275957614183426e-12	1.622538547962904e-09	1.3333333299669903e-06	1.622538547962904e-09	-1.3278622645884752e-08	9.999999974752427e-07	-1.3278622645884752e-08	0.007519088685512543	1.622538547962904e-09	6.666664376098197e-07	2.255546860396862e-10	0.5330700278282166	0.005072489380836487	5.000001692678779e-07	0.3791336119174957	0.015137098729610443	0.045717909932136536	9.999999974752427e-07	0.473171591758728	1.622538547962904e-09	0.08930285274982452	0.473171591758728	0.01418062299489975	0.010177051648497581	9.999999974752427e-07	0.283880352973938	-1.3278622645884752e-08	1.622538547962904e-09	0.009429078549146652	-1.3278622645884752e-08	0.007485583424568176	9.999999974752427e-07	0.2687433063983917	0.3461630940437317	0.011049933731555939	0.012431889772415161	0.21618443727493286	0.05989857017993927	-1.3278622645884752e-08	1.622538547962904e-09	0.2838802933692932	0.030927835032343864	0.04472166299819946	-1.3278622645884752e-08	0.39345017075538635	1.622538547962904e-09	-1.3278622645884752e-08	0.39345014095306396	0.011049933731555939	0.010177051648497581	-1.3278622645884752e-08	0.16346153616905212	0.04000958055257797	0.08930287510156631	-1.3278622645884752e-08	0.010416666977107525	-1.3278622645884752e-08	0.014316469430923462	0.036288827657699585	0.08930285274982452	1.622538547962904e-09	0.0478060245513916	5.000001692678779e-07	0.028037382289767265	1.622538547962904e-09	1.622538547962904e-09	-1.3278622645884752e-08	-1.3278622645884752e-08	1.5000005078036338e-06	1.622538547962904e-09	-1.3278622645884752e-08	9.999999974752427e-07	-1.3278622645884752e-08	1.622538547962904e-09	0.21618443727493286	0.015137098729610443	0.171462744474411	0.21618443727493286	0.39345014095306396	0.3461630940437317	0.05255882441997528	0.005072489380836487	9.999999974752427e-07	0.02286946028470993	0.1714627593755722	1.622538547962904e-09	0.01513710618019104	0.37913358211517334	0.1495407670736313	0.06023794412612915	0.014316461980342865	0.02286946028470993	0.008695651777088642	0.1714627593755722	1.622538547962904e-09	0.010177051648497581	0.012431896291673183	1.622538547962904e-09	5.000001692678779e-07	9.999999974752427e-07	0.0066950395703315735	0.007796458899974823	-1.3278622645884752e-08	0.030927835032343864	-1.3278622645884752e-08	0.007485583424568176	-1.3278622645884752e-08	0.02777777798473835	-1.3278622645884752e-08	-1.3278622645884752e-08	0.008695651777088642	0.3669218420982361	0.04854368790984154	5.000001692678779e-07	0.19233903288841248	1.622538547962904e-09	0.021178677678108215	0.01907866820693016	0.26595741510391235	9.999999974752427e-07	0.0752153992652893	0.2984440326690674	0.01907867193222046	9.999999974752427e-07	0.010416666977107525	0.19233903288841248	0.010324252769351006	0.007624365389347076	1.622538547962904e-09	1.622538547962904e-09	1.622538547962904e-09	9.999999974752427e-07	0.19233901798725128	0.19233904778957367	1.622538547962904e-09	0.026356376707553864	0.16347560286521912	0.04025731980800629	1.622538547962904e-09	1.622538547962904e-09	0.19233901798725128	1.622538547962904e-09	0.015332028269767761	0.0117647061124444	0.24910278618335724	0.01778506115078926	-1.3278622645884752e-08	0.24910277128219604	1.622538547962904e-09	9.999999974752427e-07	1.622538547962904e-09	0.1170303225517273	0.015458554029464722	0.0752154290676117	-1.3278622645884752e-08	0.00909090880304575	-1.3278622645884752e-08	0.009573204442858696	0.02117867022752762	0.0752154216170311	0.018691588193178177	0.015458546578884125	5.000001692678779e-07	0.005539216101169586	1.622538547962904e-09	0.01778506115078926	9.999999974752427e-07	0.02822047472000122	1.5000005078036338e-06	1.622538547962904e-09	9.999999974752427e-07	9.999999974752427e-07	-1.3278622645884752e-08	9.999999974752427e-07	0.16347560286521912	1.622538547962904e-09	0.14051920175552368	0.16347560286521912	0.24910280108451843	0.19233901798725128	0.011078406125307083	0.010101010091602802	0.009573204442858696	0.009177442640066147	0.14051921665668488	0.008695651777088642	1.622538547962904e-09	0.2222222089767456	0.11703035235404968	0.04181492328643799	0.011904762126505375	0.009177440777420998	0.010869565419852734	0.14051920175552368	-1.3278622645884752e-08	0.005539216101169586	0.026356376707553864	1.622538547962904e-09	5.000001692678779e-07	0.009999999776482582	0.01907867006957531	1.622538547962904e-09	0.010324250906705856	9.999999974752427e-07	9.999999974752427e-07	1.622538547962904e-09	9.999999974752427e-07	9.999999974752427e-07	1.622538547962904e-09	-2.4010660126805305e-10	0.012001216411590576	0.43699368834495544	0.05826278030872345	9.999999974752427e-07	0.2679571807384491	9.999999974752427e-07	0.04900255799293518	1.622538547962904e-09	0.3783048987388611	0.009493403136730194	0.06596280634403229	0.3783048689365387	1.622538547962904e-09	9.999999974752427e-07	0.01123595517128706	0.2679571509361267	-2.4010660126805305e-10	1.622538547962904e-09	-1.3278622645884752e-08	1.622538547962904e-09	1.622538547962904e-09	6.666664376098197e-07	0.2545320391654968	0.2679571509361267	0.010989011265337467	1.3333333299669903e-06	0.20756608247756958	0.04900254309177399	1.622538547962904e-09	0.005720056593418121	0.2679571509361267	1.622538547962904e-09	0.01575428992509842	0.010256917215883732	0.3783048689365387	0.01601792871952057	-2.4010660126805305e-10	0.3783048391342163	0.019911106675863266	9.999999974752427e-07	1.622538547962904e-09	0.1568257212638855	0.013005435466766357	0.11561180651187897	0.01815195381641388	6.666664376098197e-07	0.01815195381641388	0.010526316240429878	0.049002498388290405	0.06741572916507721	0.03269492834806442	0.018725495785474777	0.00909090880304575	-2.4010660126805305e-10	1.622538547962904e-09	0.00917431153357029	0.009686248376965523	0.00968625396490097	0.025567827746272087	9.999999974752427e-07	0.043478261679410934	0.01575428992509842	-2.4010660126805305e-10	0.009493403136730194	0.20756609737873077	9.999999974752427e-07	0.15682576596736908	0.20756609737873077	0.3783048391342163	0.2679571211338043	0.030948013067245483	0.025567827746272087	9.999999974752427e-07	9.999999974752427e-07	0.17497771978378296	0.009708737954497337	0.00909090880304575	0.31831997632980347	0.1568257361650467	0.04121395945549011	0.04972793906927109	0.010204081423580647	0.007700018584728241	0.19181180000305176	9.999999974752427e-07	0.011036910116672516	0.022488445043563843	0.016806723549962044	9.999999974752427e-07	0.009615384973585606	1.622538547962904e-09	1.622538547962904e-09	-2.4010660126805305e-10	1.622538547962904e-09	9.999999974752427e-07	1.622538547962904e-09	0.009803921915590763	1.622538547962904e-09	1.622538547962904e-09	-2.4010660126805305e-10	9.999999974752427e-07	0.3545212745666504	0.02059110254049301	0.010625112801790237	0.21123084425926208	0.02664199471473694	0.006121926009654999	9.999999974752427e-07	0.3018167018890381	0.006626579910516739	0.02059112675487995	0.3018166720867157	0.018646493554115295	-1.3278622645884752e-08	1.622538547962904e-09	0.1669045239686966	0.015181045979261398	9.999999974752427e-07	1.622538547962904e-09	1.622538547962904e-09	0.010238776914775372	1.622538547962904e-09	0.14026254415512085	0.2112308144569397	-1.3278622645884752e-08	1.622538547962904e-09	0.14026251435279846	0.02476842701435089	1.622538547962904e-09	1.622538547962904e-09	0.2112308144569397	-1.3278622645884752e-08	0.011363636702299118	6.912159733474255e-10	0.23242251574993134	-1.3278622645884752e-08	0.006100691854953766	0.29567739367485046	-1.3278622645884752e-08	-1.3278622645884752e-08	1.622538547962904e-09	0.09294700622558594	1.622538547962904e-09	0.06100180745124817	0.01366463303565979	1.622538547962904e-09	0.007563948631286621	0.011995955370366573	0.0061219483613967896	0.030612245202064514	0.00662657618522644	9.073119144886732e-09	-2.4010660126805305e-10	-1.3278622645884752e-08	-1.3278622645884752e-08	-1.3278622645884752e-08	9.999999974752427e-07	0.027936100959777832	0.010625114664435387	0.027522936463356018	0.007871739566326141	9.999999974752427e-07	1.622538547962904e-09	0.006626579910516739	0.14026251435279846	0.010101010091602802	0.09294699132442474	0.14026251435279846	0.29567742347717285	0.21123076975345612	-1.3278622645884752e-08	0.013964534737169743	0.011995954439043999	0.0061219483613967896	0.10661163181066513	1.622538547962904e-09	0.02664199471473694	0.2191026210784912	0.061001840978860855	1.622538547962904e-09	0.013319892808794975	0.0061219483613967896	1.622538547962904e-09	0.10661161690950394	9.999999974752427e-07	-1.3278622645884752e-08	1.622538547962904e-09	1.622538547962904e-09	-2.4010660126805305e-10	1.622538547962904e-09	9.999999974752427e-07	1.622538547962904e-09	0.015181045979261398	1.622538547962904e-09	6.912159733474255e-10	0.010238775983452797	0.007871739566326141	0.006139278411865234	1.622538547962904e-09	1.622538547962904e-09	1.622538547962904e-09	0.3608144223690033	0.07295437157154083	0.008505983278155327	0.2816368341445923	0.009365733712911606	0.02610155940055847	-1.3278622645884752e-08	0.309752881526947	8.000001798791345e-07	0.07295437157154083	0.309752881526947	-1.3278622645884752e-08	2.255546860396862e-10	-5.828042048960924e-09	0.22092559933662415	0.024959832429885864	-1.3278622645884752e-08	1.622538547962904e-09	1.622538547962904e-09	-1.3278622645884752e-08	9.999999974752427e-07	0.21155986189842224	0.22092559933662415	2.255546860396862e-10	0.00917431153357029	0.1840570569038391	0.02610158920288086	1.622538547962904e-09	-5.828042048960924e-09	0.22092559933662415	1.622538547962904e-09	-1.3278622645884752e-08	0.008564593270421028	0.29866212606430054	1.622538547962904e-09	9.999999974752427e-07	0.2986621558666229	2.255546860396862e-10	2.255546860396862e-10	1.622538547962904e-09	0.1273503601551056	-5.828042048960924e-09	0.08163265138864517	0.01516491174697876	0.008196720853447914	9.999999974752427e-07	-2.4010660126805305e-10	0.026101581752300262	0.07547169923782349	1.3999997463542968e-06	0.015599853359162807	0.01042632944881916	0.009330726228654385	0.018172089010477066	1.622538547962904e-09	1.622538547962904e-09	0.024959802627563477	0.028257330879569054	9.999999974752427e-07	0.008460648357868195	-1.3278622645884752e-08	9.999999974752427e-07	8.000001798791345e-07	0.14251525700092316	0.009365729987621307	0.1273503601551056	0.14251527190208435	0.29866212606430054	0.2816368341445923	0.00933072715997696	0.05747126415371895	-2.4010660126805305e-10	9.999999974752427e-07	0.14251521229743958	6.000000212225132e-07	0.009365737438201904	0.29009753465652466	0.1273503601551056	0.04308461770415306	-2.4010660126805305e-10	0.009282203391194344	1.622538547962904e-09	0.14251525700092316	9.999999974752427e-07	2.255546860396862e-10	0.027484744787216187	0.017241379246115685	0.009325018152594566	-5.828042048960924e-09	-1.3278622645884752e-08	0.015599831938743591	0.024959828704595566	-2.4010660126805305e-10	9.999999974752427e-07	-1.3278622645884752e-08	0.008460644632577896	0.01109069213271141	1.622538547962904e-09	1.622538547962904e-09	0.016819370910525322
92	-15547.466796875	-1	9	57	76	75	26	89	10	62	48	0	26	84	41	29	91	66	5	0	11	24	14	68	37	85	21	0	0	50	22	3	66	33	67	21	43	7	69	12	0	65	50	77	73	24	43	79	5	42	1	78	57	69	21	34	56	0	70	42	76	31	43	49	25	4	73	63	36	3	21	1	46	80	82	49	14	33	40	77	33	47	9	66	48	69	78	85	57	13	11	50	56	7	32	19	59	7	0	92	47	0.5437127947807312	0.08644906431436539	0.010285336524248123	0.4145510792732239	0.012830331921577454	0.010498285293579102	0.010526316240429878	0.4251324534416199	9.999999974752427e-07	0.08644905686378479	0.44155386090278625	0.06554710865020752	9.999999974752427e-07	9.999999974752427e-07	0.4095746874809265	9.999999974752427e-07	0.005317971110343933	1.622538547962904e-09	1.622538547962904e-09	9.999999974752427e-07	0.02298850566148758	0.39674437046051025	0.4095746576786041	9.999999974752427e-07	0.03314200043678284	0.2897196114063263	0.07604538649320602	1.622538547962904e-09	9.999999974752427e-07	0.4095746576786041	0.0049764662981033325	1.622538547962904e-09	1.622538547962904e-09	0.4145510196685791	0.03333333507180214	-1.3278622645884752e-08	0.42513248324394226	9.999999974752427e-07	9.999999974752427e-07	1.622538547962904e-09	0.22580645978450775	0.012048192322254181	0.1361638456583023	-1.3278622645884752e-08	9.999999974752427e-07	-1.3278622645884752e-08	1.622538547962904e-09	0.010498279705643654	0.1361638605594635	0.030567780137062073	0.02411612868309021	1.622538547962904e-09	0.008196720853447914	0.010869565419852734	9.999999974752427e-07	0.010526316240429878	0.026113219559192657	0.019338728860020638	-2.4010660126805305e-10	-1.3278622645884752e-08	1.622538547962904e-09	-1.3278622645884752e-08	0.030567795038223267	0.2705919146537781	9.999999974752427e-07	0.26527389883995056	0.2705919146537781	0.42513248324394226	0.40957462787628174	0.030927833169698715	0.05588129162788391	1.622538547962904e-09	0.010498277842998505	0.2652738690376282	-1.3278622645884752e-08	0.012830331921577454	0.4145510792732239	0.22250455617904663	0.08634074777364731	1.622538547962904e-09	0.010498279705643654	1.622538547962904e-09	0.26527389883995056	0.036036036908626556	0.009900989942252636	0.062224678695201874	0.029082641005516052	0.009053405374288559	9.999999974752427e-07	0.012195121496915817	9.999999974752427e-07	0.008547008968889713	-1.3278622645884752e-08	1.622538547962904e-09	9.999999974752427e-07	-1.3278622645884752e-08	-1.3278622645884752e-08	1.622538547962904e-09	-1.3278622645884752e-08	1.622538547962904e-09	0.42310065031051636	0.04496558755636215	0.010405869223177433	0.2722354531288147	0.010044899769127369	0.021052632480859756	9.999999974752427e-07	0.31625211238861084	0.018691588193178177	0.05226296931505203	0.31625205278396606	0.01785714365541935	0.010989011265337467	1.622538547962904e-09	0.2722354531288147	9.999999974752427e-07	1.622538547962904e-09	0.019417475908994675	1.622538547962904e-09	9.999999974752427e-07	6.666664376098197e-07	0.2291666716337204	0.2722354531288147	9.999999974752427e-07	1.3333333299669903e-06	0.1819043606519699	0.09699185937643051	1.622538547962904e-09	0.0078512541949749	0.2722354531288147	1.622538547962904e-09	1.622538547962904e-09	0.010638297535479069	0.31625205278396606	9.999999974752427e-07	-7.275957614183426e-12	0.31625205278396606	0.010526316240429878	0.009009009227156639	1.622538547962904e-09	0.10256187617778778	1.622538547962904e-09	0.0606570690870285	0.008510754443705082	6.666664376098197e-07	-7.275957614183426e-12	9.999999974752427e-07	1.3999997463542968e-06	0.05226297304034233	0.034559715539216995	0.022432174533605576	2.255546860396862e-10	9.999999974752427e-07	9.999999974752427e-07	9.999999974752427e-07	0.008264463394880295	0.009856734424829483	0.010405868291854858	0.008394084870815277	1.622538547962904e-09	1.622538547962904e-09	0.008510754443705082	0.034559715539216995	0.18190431594848633	0.010044899769127369	0.11764705926179886	0.18190434575080872	0.31625205278396606	0.2722354531288147	0.042105261236429214	0.010405870154500008	9.999999974752427e-07	8.000001798791345e-07	0.18190434575080872	1.622538547962904e-09	0.010044898837804794	0.2722354531288147	0.10256189107894897	0.04190482199192047	9.999999974752427e-07	8.000001798791345e-07	0.00729738175868988	0.18190434575080872	1.622538547962904e-09	0.016949152573943138	0.01947261206805706	9.999999974752427e-07	2.255546860396862e-10	1.622538547962904e-09	0.011627906933426857	0.014580924063920975	9.999999974752427e-07	1.622538547962904e-09	9.999999974752427e-07	9.999999974752427e-07	1.622538547962904e-09	1.622538547962904e-09	1.622538547962904e-09	1.622538547962904e-09	6.000000212225132e-07	0.4494664669036865	0.08000115305185318	9.999999974752427e-07	0.3330483138561249	-1.3278622645884752e-08	0.034832462668418884	9.999999974752427e-07	0.38626334071159363	0.009220771491527557	0.08756303787231445	0.38626331090927124	0.01332206092774868	-1.3278622645884752e-08	9.999999974752427e-07	0.2947915494441986	9.999999974752427e-07	0.029411764815449715	9.999999974752427e-07	-1.3278622645884752e-08	0.008118398487567902	0.010526316240429878	0.2947915494441986	0.2947915196418762	-1.3278622645884752e-08	0.01075268816202879	0.2947915196418762	0.04815451800823212	-1.3278622645884752e-08	0.02777777798473835	0.2947915494441986	0.019186578691005707	9.999999974752427e-07	0.008000500500202179	0.38626325130462646	-1.3278622645884752e-08	1.622538547962904e-09	0.38626334071159363	-1.3278622645884752e-08	-1.3278622645884752e-08	-1.3278622645884752e-08	0.1528805047273636	9.999999974752427e-07	0.08756301552057266	0.009048528037965298	9.999999974752427e-07	1.622538547962904e-09	0.009130999445915222	0.02860131859779358	0.08756303787231445	0.009220770560204983	0.04123711213469505	9.999999974752427e-07	-1.3278622645884752e-08	-1.3278622645884752e-08	-1.3278622645884752e-08	0.00800371915102005	0.015048310160636902	0.029999999329447746	1.622538547962904e-09	0.00909090880304575	9.999999974752427e-07	0.009048528969287872	0.009220771491527557	0.2947915196418762	-1.3278622645884752e-08	0.15288051962852478	0.2499999850988388	0.38626328110694885	0.31386175751686096	-1.3278622645884752e-08	0.032608695328235626	0.009131006896495819	9.999999974752427e-07	0.16192904114723206	-2.4010660126805305e-10	-1.3278622645884752e-08	0.369131863117218	0.1528804898262024	0.06531748175621033	0.009131021797657013	0.028601333498954773	0.00756189227104187	0.16814157366752625	1.622538547962904e-09	-1.3278622645884752e-08	0.021052632480859756	0.009900989942252636	0.027272727340459824	9.999999974752427e-07	0.005203664302825928	0.008620689623057842	0.00704454630613327	-1.3278622645884752e-08	0.008000500500202179	0.008118398487567902	9.999999974752427e-07	-1.3278622645884752e-08	-1.3278622645884752e-08	-1.3278622645884752e-08	1.622538547962904e-09	0.4417252540588379	0.024390242993831635	9.999999974752427e-07	0.30527326464653015	0.010416666977107525	0.014637134969234467	9.999999974752427e-07	0.3760969042778015	9.999999974752427e-07	0.04878048598766327	0.3760969042778015	0.05099131911993027	9.999999974752427e-07	0.008882244117558002	0.30527329444885254	1.622538547962904e-09	1.622538547962904e-09	1.622538547962904e-09	1.622538547962904e-09	0.030414380133152008	0.012048192322254181	0.29318323731422424	0.30527329444885254	9.999999974752427e-07	0.017391303554177284	0.2670987844467163	0.06562845408916473	1.622538547962904e-09	0.010416666977107525	0.30527329444885254	1.622538547962904e-09	1.622538547962904e-09	1.622538547962904e-09	0.30527329444885254	1.622538547962904e-09	0.010526316240429878	0.3760969638824463	9.999999974752427e-07	9.999999974752427e-07	1.622538547962904e-09	0.14387741684913635	0.025641024112701416	0.07431011646986008	0.032608695328235626	9.999999974752427e-07	0.009615384973585606	1.622538547962904e-09	0.014637120068073273	0.07431010156869888	0.010309278033673763	0.04452749714255333	0.009433962404727936	9.999999974752427e-07	1.622538547962904e-09	1.622538547962904e-09	1.622538547962904e-09	1.622538547962904e-09	0.009569531306624413	1.622538547962904e-09	1.622538547962904e-09	1.622538547962904e-09	0.01123595517128706	9.999999974752427e-07	0.20471768081188202	9.999999974752427e-07	0.14387744665145874	0.2047176957130432	0.3052733242511749	0.30527329444885254	0.026084452867507935	0.009569531306624413	1.622538547962904e-09	0.010101010091602802	0.204717755317688	0.010204081423580647	0.010989011265337467	0.30527329444885254	0.14387741684913635	0.06956726312637329	1.622538547962904e-09	0.01463712751865387	9.999999974752427e-07	0.20471777021884918	0.009803921915590763	9.999999974752427e-07	0.02503982186317444	9.999999974752427e-07	9.999999974752427e-07	0.008882243186235428	0.02057691663503647	9.999999974752427e-07	1.622538547962904e-09	1.622538547962904e-09	1.622538547962904e-09	9.999999974752427e-07	1.622538547962904e-09	1.622538547962904e-09	1.622538547962904e-09	1.622538547962904e-09	1.622538547962904e-09	0.3537144064903259	0.026411600410938263	4.2857209336943924e-07	0.20192477107048035	1.622538547962904e-09	0.027027027681469917	-7.275957614183426e-12	0.2815217971801758	1.622538547962904e-09	0.026411622762680054	0.2815217971801758	0.010256588459014893	9.999999974752427e-07	1.622538547962904e-09	0.20192477107048035	9.999999974752427e-07	1.622538547962904e-09	9.999999974752427e-07	1.622538547962904e-09	0.010256589390337467	1.622538547962904e-09	0.20192474126815796	0.20192478597164154	1.622538547962904e-09	1.622538547962904e-09	0.16246558725833893	0.05873367190361023	1.622538547962904e-09	0.027633339166641235	0.20192477107048035	-1.3278622645884752e-08	1.622538547962904e-09	-1.3278622645884752e-08	0.20192483067512512	0.008206691592931747	9.999999974752427e-07	0.2740027904510498	1.622538547962904e-09	9.999999974752427e-07	1.622538547962904e-09	0.05703481286764145	1.622538547962904e-09	0.02641153335571289	0.03179077059030533	1.622538547962904e-09	9.999999974752427e-07	-1.3278622645884752e-08	0.009401541203260422	0.026411622762680054	0.009916093200445175	0.027633339166641235	4.2857209336943924e-07	1.622538547962904e-09	0.013445600867271423	0.008206691592931747	9.999999974752427e-07	0.013458982110023499	1.2857158253609668e-06	-1.3278622645884752e-08	-1.3278622645884752e-08	1.622538547962904e-09	9.999999974752427e-07	1.622538547962904e-09	0.16246557235717773	1.622538547962904e-09	0.05703481659293175	0.10570608824491501	0.2626262605190277	0.20192477107048035	0.01780684106051922	1.2857121873821598e-06	-1.3278622645884752e-08	9.999999974752427e-07	0.08882559835910797	0.009916089475154877	1.622538547962904e-09	0.20192478597164154	0.05404491350054741	0.027633339166641235	-1.3278622645884752e-08	0.009401543065905571	1.622538547962904e-09	0.1057060956954956	-1.3278622645884752e-08	0.017806850373744965	1.622538547962904e-09	1.622538547962904e-09	4.2857209336943924e-07	1.622538547962904e-09	-7.275957614183426e-12	1.622538547962904e-09	9.999999974752427e-07	1.622538547962904e-09	-1.3278622645884752e-08	9.999999974752427e-07	-1.3278622645884752e-08	0.007519081234931946	1.622538547962904e-09	1.622538547962904e-09	2.255546860396862e-10	0.5330701470375061	0.005072489380836487	5.000001692678779e-07	0.3791336119174957	0.015137098729610443	0.04571789503097534	9.999999974752427e-07	0.47317150235176086	1.622538547962904e-09	0.08930285274982452	0.47317150235176086	0.014180606231093407	0.010177051648497581	9.999999974752427e-07	0.283880352973938	-1.3278622645884752e-08	1.622538547962904e-09	0.009429067373275757	-1.3278622645884752e-08	0.007485583424568176	9.999999974752427e-07	0.2687433063983917	0.3461630940437317	0.011049933731555939	0.012431889772415161	0.21618443727493286	0.059898555278778076	-1.3278622645884752e-08	1.622538547962904e-09	0.2838802933692932	0.030927835032343864	0.04472166299819946	-1.3278622645884752e-08	0.39345017075538635	1.622538547962904e-09	-1.3278622645884752e-08	0.39345014095306396	0.011049933731555939	0.010177051648497581	-1.3278622645884752e-08	0.16346153616905212	0.04000958055257797	0.08930287510156631	-1.3278622645884752e-08	0.010416666977107525	-1.3278622645884752e-08	0.014316469430923462	0.036288827657699585	0.08930285274982452	1.622538547962904e-09	0.0478060245513916	5.000001692678779e-07	0.028037382289767265	1.622538547962904e-09	1.622538547962904e-09	-1.3278622645884752e-08	-1.3278622645884752e-08	1.5000005078036338e-06	1.622538547962904e-09	-1.3278622645884752e-08	9.999999974752427e-07	-1.3278622645884752e-08	1.622538547962904e-09	0.21618443727493286	0.015137098729610443	0.171462744474411	0.21618443727493286	0.39345014095306396	0.3461630940437317	0.05255882441997528	0.005072489380836487	9.999999974752427e-07	0.02286946028470993	0.1714627593755722	1.622538547962904e-09	0.01513710618019104	0.37913358211517334	0.1495407670736313	0.06023794412612915	0.014316461980342865	0.02286946028470993	0.008695651777088642	0.1714627593755722	1.622538547962904e-09	0.010177051648497581	0.012431896291673183	1.622538547962904e-09	5.000001692678779e-07	9.999999974752427e-07	0.0066950395703315735	0.007796458899974823	-1.3278622645884752e-08	0.030927835032343864	-1.3278622645884752e-08	0.007485583424568176	-1.3278622645884752e-08	0.02777777798473835	-1.3278622645884752e-08	9.999999974752427e-07	0.008695651777088642	0.3669218420982361	0.04854368790984154	5.000001692678779e-07	0.19233903288841248	1.622538547962904e-09	0.021178677678108215	0.01907866820693016	0.26595741510391235	9.999999974752427e-07	0.0752153992652893	0.2984440326690674	0.01907867193222046	9.999999974752427e-07	0.010416666977107525	0.19233903288841248	0.010324249044060707	0.007624365389347076	1.622538547962904e-09	1.622538547962904e-09	1.622538547962904e-09	9.999999974752427e-07	0.19233901798725128	0.19233904778957367	1.622538547962904e-09	0.026356376707553864	0.16347560286521912	0.04025731980800629	1.622538547962904e-09	1.622538547962904e-09	0.19233901798725128	1.622538547962904e-09	0.015332028269767761	0.0117647061124444	0.24910278618335724	0.01778506115078926	-1.3278622645884752e-08	0.24910277128219604	1.622538547962904e-09	9.999999974752427e-07	1.622538547962904e-09	0.1170303225517273	0.015458554029464722	0.0752154290676117	-1.3278622645884752e-08	0.00909090880304575	-1.3278622645884752e-08	0.009573204442858696	0.02117867022752762	0.0752154216170311	0.018691588193178177	0.015458546578884125	5.000001692678779e-07	0.005539216101169586	1.622538547962904e-09	0.01778506115078926	9.999999974752427e-07	0.02822047472000122	1.5000005078036338e-06	1.622538547962904e-09	9.999999974752427e-07	9.999999974752427e-07	-1.3278622645884752e-08	9.999999974752427e-07	0.16347560286521912	1.622538547962904e-09	0.14051920175552368	0.16347560286521912	0.24910280108451843	0.19233901798725128	0.011078406125307083	0.010101010091602802	0.009573204442858696	0.009177442640066147	0.14051921665668488	0.008695651777088642	1.622538547962904e-09	0.2222222089767456	0.11703035235404968	0.04181492328643799	0.011904762126505375	0.009177440777420998	0.010869565419852734	0.14051920175552368	-1.3278622645884752e-08	0.005539216101169586	0.026356376707553864	1.622538547962904e-09	5.000001692678779e-07	0.009999999776482582	0.01907867006957531	1.622538547962904e-09	0.010324249044060707	9.999999974752427e-07	9.999999974752427e-07	1.622538547962904e-09	9.999999974752427e-07	9.999999974752427e-07	1.622538547962904e-09	9.999999974752427e-07	0.012001216411590576	0.43699365854263306	0.05826278030872345	9.999999974752427e-07	0.2679571807384491	9.999999974752427e-07	0.04900255799293518	1.622538547962904e-09	0.3783048987388611	0.009493403136730194	0.06596280634403229	0.3783048987388611	1.622538547962904e-09	9.999999974752427e-07	0.01123595517128706	0.2679571509361267	-2.4010660126805305e-10	1.622538547962904e-09	-1.3278622645884752e-08	1.622538547962904e-09	1.622538547962904e-09	6.666664376098197e-07	0.2545320391654968	0.2679571509361267	0.010989011265337467	1.3333333299669903e-06	0.20756608247756958	0.04900254309177399	1.622538547962904e-09	0.005720056593418121	0.2679571509361267	1.622538547962904e-09	0.01575428992509842	0.010256909765303135	0.37830477952957153	0.01601792871952057	-2.4010660126805305e-10	0.37830477952957153	0.019911106675863266	9.999999974752427e-07	1.622538547962904e-09	0.1568257212638855	0.013005435466766357	0.11561180651187897	0.01815195381641388	6.666664376098197e-07	0.01815195381641388	0.010526316240429878	0.049002498388290405	0.06741572916507721	0.03269492834806442	0.018725495785474777	0.00909090880304575	-2.4010660126805305e-10	1.622538547962904e-09	0.00917431153357029	0.009686233475804329	0.00968623161315918	0.025567827746272087	9.999999974752427e-07	0.043478261679410934	0.01575428992509842	-2.4010660126805305e-10	0.009493403136730194	0.20756609737873077	9.999999974752427e-07	0.15682576596736908	0.20756609737873077	0.37830477952957153	0.2679571211338043	0.030948013067245483	0.025567827746272087	9.999999974752427e-07	9.999999974752427e-07	0.17497771978378296	0.009708737954497337	0.00909090880304575	0.31831997632980347	0.1568257361650467	0.04121395945549011	0.04972793161869049	0.010204081423580647	0.007700018584728241	0.19181180000305176	9.999999974752427e-07	0.011036910116672516	0.022488445043563843	0.016806723549962044	9.999999974752427e-07	0.009615384973585606	1.622538547962904e-09	1.622538547962904e-09	-2.4010660126805305e-10	1.622538547962904e-09	9.999999974752427e-07	1.622538547962904e-09	0.009803921915590763	1.622538547962904e-09	1.622538547962904e-09	1.622538547962904e-09	9.999999974752427e-07	0.3545212745666504	0.02059110254049301	0.010625112801790237	0.21123084425926208	0.02664199471473694	0.006121918559074402	9.999999974752427e-07	0.3018167018890381	0.006626579910516739	0.02059112675487995	0.3018167018890381	0.018646515905857086	-1.3278622645884752e-08	1.622538547962904e-09	0.1669045239686966	0.015181045979261398	9.999999974752427e-07	1.622538547962904e-09	1.622538547962904e-09	0.010238776914775372	1.622538547962904e-09	0.14026254415512085	0.2112308144569397	-1.3278622645884752e-08	1.622538547962904e-09	0.14026251435279846	0.02476842701435089	1.622538547962904e-09	1.622538547962904e-09	0.2112308144569397	-1.3278622645884752e-08	0.011363636702299118	6.912159733474255e-10	0.23242251574993134	-1.3278622645884752e-08	0.006100691854953766	0.29567739367485046	-1.3278622645884752e-08	-1.3278622645884752e-08	1.622538547962904e-09	0.09294700622558594	1.622538547962904e-09	0.06100180745124817	0.01366463303565979	1.622538547962904e-09	0.007563948631286621	0.011995955370366573	0.0061219558119773865	0.030612245202064514	0.00662657618522644	9.073119144886732e-09	-2.4010660126805305e-10	-1.3278622645884752e-08	-1.3278622645884752e-08	-1.3278622645884752e-08	9.999999974752427e-07	0.027936115860939026	0.010625114664435387	0.027522936463356018	0.007871739566326141	9.999999974752427e-07	1.622538547962904e-09	0.006626579910516739	0.14026251435279846	0.010101010091602802	0.09294699132442474	0.14026251435279846	0.29567739367485046	0.21123076975345612	-1.3278622645884752e-08	0.013964534737169743	0.011995954439043999	0.0061219558119773865	0.10661163181066513	1.622538547962904e-09	0.02664199471473694	0.2191026210784912	0.061001840978860855	1.622538547962904e-09	0.013319892808794975	0.0061219558119773865	1.622538547962904e-09	0.10661161690950394	9.999999974752427e-07	-1.3278622645884752e-08	1.622538547962904e-09	1.622538547962904e-09	-2.4010660126805305e-10	1.622538547962904e-09	9.999999974752427e-07	1.622538547962904e-09	0.015181045979261398	1.622538547962904e-09	6.912159733474255e-10	0.010238775983452797	0.007871739566326141	0.0061392635107040405	1.622538547962904e-09	1.622538547962904e-09	1.622538547962904e-09	0.36081427335739136	0.07295437157154083	0.008505983278155327	0.2816368341445923	0.009365733712911606	0.026101604104042053	-1.3278622645884752e-08	0.309752881526947	8.000001798791345e-07	0.07295437157154083	0.309752881526947	-1.3278622645884752e-08	2.255546860396862e-10	-5.828042048960924e-09	0.22092559933662415	0.024959862232208252	-1.3278622645884752e-08	1.622538547962904e-09	1.622538547962904e-09	-1.3278622645884752e-08	9.999999974752427e-07	0.21155986189842224	0.22092559933662415	2.255546860396862e-10	0.00917431153357029	0.1840570569038391	0.02610163390636444	1.622538547962904e-09	-5.828042048960924e-09	0.22092559933662415	1.622538547962904e-09	-1.3278622645884752e-08	0.008564582094550133	0.29866209626197815	1.622538547962904e-09	9.999999974752427e-07	0.29866212606430054	2.255546860396862e-10	2.255546860396862e-10	1.622538547962904e-09	0.1273503601551056	-5.828042048960924e-09	0.08163265138864517	0.01516491174697876	0.008196720853447914	9.999999974752427e-07	-2.4010660126805305e-10	0.02610161155462265	0.07547169923782349	1.3999997463542968e-06	0.015599853359162807	0.01042632944881916	0.009330726228654385	0.018172089010477066	1.622538547962904e-09	1.622538547962904e-09	0.024959862232208252	0.028257330879569054	9.999999974752427e-07	0.008460655808448792	-1.3278622645884752e-08	9.999999974752427e-07	8.000001798791345e-07	0.14251525700092316	0.009365729987621307	0.1273503601551056	0.14251527190208435	0.29866209626197815	0.2816368341445923	0.00933072715997696	0.05747126415371895	-2.4010660126805305e-10	9.999999974752427e-07	0.14251521229743958	6.000000212225132e-07	0.009365737438201904	0.2900974750518799	0.1273503601551056	0.04308461770415306	-2.4010660126805305e-10	0.009282222017645836	1.622538547962904e-09	0.14251525700092316	9.999999974752427e-07	2.255546860396862e-10	0.027484744787216187	0.017241379246115685	0.009325018152594566	-5.828042048960924e-09	-1.3278622645884752e-08	0.015599831938743591	0.02495986968278885	-2.4010660126805305e-10	9.999999974752427e-07	-1.3278622645884752e-08	0.008460652083158493	0.011090727522969246	1.622538547962904e-09	-2.4010660126805305e-10	0.016819389536976814
93	-15547.466796875	-1	9	57	76	75	26	89	10	62	48	0	26	84	41	29	91	66	5	0	11	24	14	68	37	85	21	0	0	50	22	3	66	33	67	21	43	7	69	12	0	65	50	77	73	24	43	79	5	42	1	78	57	69	21	34	56	0	70	42	76	31	43	49	25	4	73	63	36	3	21	1	46	80	82	49	14	33	40	77	33	47	9	66	48	69	78	85	57	13	11	50	56	7	32	19	59	7	0	93	47	0.5437127351760864	0.08644906431436539	0.010285336524248123	0.4145510494709015	0.01283031702041626	0.010498270392417908	0.010526316240429878	0.4251324534416199	9.999999974752427e-07	0.08644905686378479	0.44155386090278625	0.06554709374904633	9.999999974752427e-07	9.999999974752427e-07	0.4095746576786041	9.999999974752427e-07	0.005317971110343933	1.622538547962904e-09	1.622538547962904e-09	9.999999974752427e-07	0.02298850566148758	0.3967443108558655	0.4095746874809265	9.999999974752427e-07	0.03314200043678284	0.2897196114063263	0.07604538649320602	1.622538547962904e-09	9.999999974752427e-07	0.4095746576786041	0.004976451396942139	1.622538547962904e-09	1.622538547962904e-09	0.4145510792732239	0.03333333507180214	-1.3278622645884752e-08	0.4251324236392975	9.999999974752427e-07	9.999999974752427e-07	1.622538547962904e-09	0.22580645978450775	0.012048192322254181	0.1361638456583023	-1.3278622645884752e-08	9.999999974752427e-07	-1.3278622645884752e-08	1.622538547962904e-09	0.010498279705643654	0.1361638605594635	0.030567780137062073	0.02411612868309021	1.622538547962904e-09	0.008196720853447914	0.010869565419852734	9.999999974752427e-07	0.010526316240429878	0.026113204658031464	0.019338728860020638	-2.4010660126805305e-10	-1.3278622645884752e-08	1.622538547962904e-09	-1.3278622645884752e-08	0.030567795038223267	0.2705919146537781	9.999999974752427e-07	0.26527389883995056	0.2705919146537781	0.4251324236392975	0.40957462787628174	0.030927833169698715	0.05588129162788391	1.622538547962904e-09	0.010498274117708206	0.2652738690376282	-1.3278622645884752e-08	0.01283031702041626	0.4145510792732239	0.22250455617904663	0.08634074777364731	1.622538547962904e-09	0.010498272255063057	1.622538547962904e-09	0.26527389883995056	0.036036036908626556	0.009900989942252636	0.062224678695201874	0.029082641005516052	0.009053405374288559	9.999999974752427e-07	0.012195121496915817	9.999999974752427e-07	0.008547008968889713	-1.3278622645884752e-08	1.622538547962904e-09	9.999999974752427e-07	-1.3278622645884752e-08	-1.3278622645884752e-08	1.622538547962904e-09	1.622538547962904e-09	1.622538547962904e-09	0.4231007397174835	0.04496558755636215	0.010405869223177433	0.2722354531288147	0.010044899769127369	0.021052632480859756	9.999999974752427e-07	0.31625208258628845	0.018691588193178177	0.05226296931505203	0.31625211238861084	0.01785714365541935	0.010989011265337467	1.622538547962904e-09	0.2722354531288147	9.999999974752427e-07	1.622538547962904e-09	0.019417475908994675	1.622538547962904e-09	9.999999974752427e-07	6.666664376098197e-07	0.2291666716337204	0.2722354531288147	9.999999974752427e-07	1.3333333299669903e-06	0.1819043606519699	0.09699182957410812	1.622538547962904e-09	0.0078512541949749	0.2722354531288147	1.622538547962904e-09	1.622538547962904e-09	0.010638297535479069	0.31625205278396606	9.999999974752427e-07	-7.275957614183426e-12	0.31625205278396606	0.010526316240429878	0.009009009227156639	1.622538547962904e-09	0.10256187617778778	1.622538547962904e-09	0.0606570690870285	0.008510754443705082	6.666664376098197e-07	-7.275957614183426e-12	9.999999974752427e-07	1.3999997463542968e-06	0.05226297304034233	0.034559715539216995	0.022432174533605576	2.255546860396862e-10	9.999999974752427e-07	9.999999974752427e-07	9.999999974752427e-07	0.008264463394880295	0.009856700897216797	0.010405868291854858	0.008394084870815277	1.622538547962904e-09	1.622538547962904e-09	0.008510754443705082	0.034559715539216995	0.18190431594848633	0.010044899769127369	0.11764705926179886	0.18190434575080872	0.31625205278396606	0.2722354531288147	0.042105261236429214	0.010405870154500008	9.999999974752427e-07	8.000001798791345e-07	0.18190434575080872	1.622538547962904e-09	0.010044898837804794	0.2722354531288147	0.10256189107894897	0.04190482199192047	9.999999974752427e-07	8.000001798791345e-07	0.00729738175868988	0.18190434575080872	1.622538547962904e-09	0.016949152573943138	0.01947261206805706	9.999999974752427e-07	2.255546860396862e-10	1.622538547962904e-09	0.011627906933426857	0.014580924063920975	9.999999974752427e-07	1.622538547962904e-09	9.999999974752427e-07	9.999999974752427e-07	1.622538547962904e-09	1.622538547962904e-09	1.622538547962904e-09	9.999999974752427e-07	6.000000212225132e-07	0.449466347694397	0.08000115305185318	9.999999974752427e-07	0.3330483138561249	-1.3278622645884752e-08	0.03483244776725769	9.999999974752427e-07	0.38626334071159363	0.009220771491527557	0.08756303787231445	0.38626334071159363	0.013322031125426292	-1.3278622645884752e-08	9.999999974752427e-07	0.2947915494441986	9.999999974752427e-07	0.029411764815449715	9.999999974752427e-07	-1.3278622645884752e-08	0.008118398487567902	0.010526316240429878	0.2947915494441986	0.2947915196418762	-1.3278622645884752e-08	0.01075268816202879	0.2947915196418762	0.048154592514038086	-1.3278622645884752e-08	0.02777777798473835	0.2947915494441986	0.019186578691005707	9.999999974752427e-07	0.008000500500202179	0.38626325130462646	-1.3278622645884752e-08	1.622538547962904e-09	0.38626334071159363	-1.3278622645884752e-08	-1.3278622645884752e-08	-1.3278622645884752e-08	0.1528805047273636	9.999999974752427e-07	0.08756301552057266	0.009048528037965298	9.999999974752427e-07	1.622538547962904e-09	0.009131006896495819	0.02860131859779358	0.08756303787231445	0.009220770560204983	0.04123711213469505	9.999999974752427e-07	-1.3278622645884752e-08	-1.3278622645884752e-08	-1.3278622645884752e-08	0.00800374150276184	0.01504833996295929	0.029999999329447746	1.622538547962904e-09	0.00909090880304575	9.999999974752427e-07	0.009048528969287872	0.009220771491527557	0.2947915196418762	-1.3278622645884752e-08	0.15288051962852478	0.2499999850988388	0.38626334071159363	0.31386175751686096	-1.3278622645884752e-08	0.032608695328235626	0.009130999445915222	9.999999974752427e-07	0.16192904114723206	-2.4010660126805305e-10	-1.3278622645884752e-08	0.369131863117218	0.1528804898262024	0.06531748175621033	0.009131021797657013	0.028601333498954773	0.00756189227104187	0.16814157366752625	1.622538547962904e-09	-1.3278622645884752e-08	0.021052632480859756	0.009900989942252636	0.027272727340459824	9.999999974752427e-07	0.005203664302825928	0.008620689623057842	0.007044568657875061	-1.3278622645884752e-08	0.008000500500202179	0.008118398487567902	9.999999974752427e-07	-1.3278622645884752e-08	-1.3278622645884752e-08	9.999999974752427e-07	1.622538547962904e-09	0.4417252242565155	0.024390242993831635	9.999999974752427e-07	0.30527329444885254	0.010416666977107525	0.014637134969234467	9.999999974752427e-07	0.3760969042778015	9.999999974752427e-07	0.04878048598766327	0.3760969042778015	0.05099133402109146	9.999999974752427e-07	0.008882244117558002	0.30527329444885254	1.622538547962904e-09	1.622538547962904e-09	1.622538547962904e-09	1.622538547962904e-09	0.030414395034313202	0.012048192322254181	0.29318323731422424	0.30527329444885254	9.999999974752427e-07	0.017391303554177284	0.2670987844467163	0.06562843918800354	1.622538547962904e-09	0.010416666977107525	0.30527326464653015	1.622538547962904e-09	1.622538547962904e-09	1.622538547962904e-09	0.3052733540534973	1.622538547962904e-09	0.010526316240429878	0.3760969042778015	9.999999974752427e-07	9.999999974752427e-07	1.622538547962904e-09	0.14387741684913635	0.025641024112701416	0.07431011646986008	0.032608695328235626	9.999999974752427e-07	0.009615384973585606	1.622538547962904e-09	0.014637134969234467	0.07431010156869888	0.010309278033673763	0.04452749714255333	0.009433962404727936	9.999999974752427e-07	1.622538547962904e-09	1.622538547962904e-09	1.622538547962904e-09	1.622538547962904e-09	0.009569531306624413	1.622538547962904e-09	1.622538547962904e-09	1.622538547962904e-09	0.01123595517128706	9.999999974752427e-07	0.20471768081188202	9.999999974752427e-07	0.14387744665145874	0.2047176957130432	0.3052733540534973	0.30527329444885254	0.026084452867507935	0.009569531306624413	1.622538547962904e-09	0.010101010091602802	0.204717755317688	0.010204081423580647	0.010989011265337467	0.30527329444885254	0.14387741684913635	0.06956726312637329	1.622538547962904e-09	0.01463712751865387	9.999999974752427e-07	0.20471777021884918	0.009803921915590763	9.999999974752427e-07	0.02503982186317444	9.999999974752427e-07	9.999999974752427e-07	0.008882243186235428	0.020576931536197662	9.999999974752427e-07	1.622538547962904e-09	1.622538547962904e-09	1.622538547962904e-09	9.999999974752427e-07	1.622538547962904e-09	1.622538547962904e-09	1.622538547962904e-09	1.622538547962904e-09	1.622538547962904e-09	0.3537144660949707	0.026411600410938263	4.2857209336943924e-07	0.20192478597164154	1.622538547962904e-09	0.027027027681469917	-7.275957614183426e-12	0.28152185678482056	1.622538547962904e-09	0.026411622762680054	0.28152182698249817	0.010256588459014893	9.999999974752427e-07	1.622538547962904e-09	0.20192478597164154	9.999999974752427e-07	1.622538547962904e-09	9.999999974752427e-07	1.622538547962904e-09	0.010256589390337467	1.622538547962904e-09	0.20192477107048035	0.20192471146583557	1.622538547962904e-09	1.622538547962904e-09	0.16246560215950012	0.05873367190361023	1.622538547962904e-09	0.027633339166641235	0.20192475616931915	-1.3278622645884752e-08	1.622538547962904e-09	-1.3278622645884752e-08	0.20192475616931915	0.008206713944673538	9.999999974752427e-07	0.2740027904510498	1.622538547962904e-09	9.999999974752427e-07	1.622538547962904e-09	0.05703481286764145	1.622538547962904e-09	0.02641153335571289	0.03179077059030533	1.622538547962904e-09	9.999999974752427e-07	-1.3278622645884752e-08	0.009401541203260422	0.026411622762680054	0.009916093200445175	0.027633339166641235	4.2857209336943924e-07	1.622538547962904e-09	0.013445645570755005	0.008206715807318687	9.999999974752427e-07	0.013458982110023499	1.2857158253609668e-06	-1.3278622645884752e-08	-1.3278622645884752e-08	1.622538547962904e-09	9.999999974752427e-07	1.622538547962904e-09	0.16246560215950012	1.622538547962904e-09	0.05703481659293175	0.10570608824491501	0.2626262903213501	0.20192481577396393	0.01780686341226101	1.2857121873821598e-06	-1.3278622645884752e-08	9.999999974752427e-07	0.08882559835910797	0.009916089475154877	1.622538547962904e-09	0.20192478597164154	0.05404491350054741	0.027633339166641235	-1.3278622645884752e-08	0.009401543065905571	1.622538547962904e-09	0.1057060956954956	-1.3278622645884752e-08	0.017806872725486755	1.622538547962904e-09	1.622538547962904e-09	4.2857209336943924e-07	1.622538547962904e-09	-7.275957614183426e-12	1.622538547962904e-09	9.999999974752427e-07	1.622538547962904e-09	-1.3278622645884752e-08	9.999999974752427e-07	-1.3278622645884752e-08	0.007519088685512543	1.622538547962904e-09	-1.3278622645884752e-08	2.255546860396862e-10	0.5330701470375061	0.005072489380836487	5.000001692678779e-07	0.3791336715221405	0.015137098729610443	0.045717887580394745	9.999999974752427e-07	0.47317150235176086	1.622538547962904e-09	0.08930285274982452	0.47317150235176086	0.014180608093738556	0.010177051648497581	9.999999974752427e-07	0.283880352973938	-1.3278622645884752e-08	1.622538547962904e-09	0.009429065510630608	-1.3278622645884752e-08	0.007485575973987579	9.999999974752427e-07	0.2687433063983917	0.3461630940437317	0.011049933731555939	0.012431889772415161	0.21618443727493286	0.059898510575294495	-1.3278622645884752e-08	1.622538547962904e-09	0.2838802933692932	0.030927835032343864	0.04472166299819946	-1.3278622645884752e-08	0.39345017075538635	1.622538547962904e-09	-1.3278622645884752e-08	0.39345014095306396	0.011049933731555939	0.010177051648497581	-1.3278622645884752e-08	0.16346153616905212	0.04000958055257797	0.08930287510156631	-1.3278622645884752e-08	0.010416666977107525	-1.3278622645884752e-08	0.01431649923324585	0.03628882020711899	0.08930285274982452	1.622538547962904e-09	0.0478060245513916	5.000001692678779e-07	0.028037382289767265	1.622538547962904e-09	1.622538547962904e-09	-1.3278622645884752e-08	-1.3278622645884752e-08	1.5000005078036338e-06	1.622538547962904e-09	-1.3278622645884752e-08	9.999999974752427e-07	-1.3278622645884752e-08	1.622538547962904e-09	0.21618443727493286	0.015137098729610443	0.171462744474411	0.21618443727493286	0.39345014095306396	0.3461630940437317	0.05255882441997528	0.005072489380836487	9.999999974752427e-07	0.02286946028470993	0.1714627593755722	1.622538547962904e-09	0.01513710618019104	0.3791336119174957	0.1495407670736313	0.06023794412612915	0.014316491782665253	0.02286946028470993	0.008695651777088642	0.1714627593755722	1.622538547962904e-09	0.010177051648497581	0.012431896291673183	1.622538547962904e-09	5.000001692678779e-07	9.999999974752427e-07	0.00669502466917038	0.007796458899974823	-1.3278622645884752e-08	0.030927835032343864	-1.3278622645884752e-08	0.007485575973987579	-1.3278622645884752e-08	0.02777777798473835	-1.3278622645884752e-08	-1.3278622645884752e-08	0.008695651777088642	0.3669218420982361	0.04854368790984154	5.000001692678779e-07	0.19233903288841248	1.622538547962904e-09	0.021178677678108215	0.01907866820693016	0.26595741510391235	9.999999974752427e-07	0.0752153992652893	0.2984440326690674	0.01907867193222046	9.999999974752427e-07	0.010416666977107525	0.19233903288841248	0.010324249044060707	0.007624365389347076	1.622538547962904e-09	1.622538547962904e-09	1.622538547962904e-09	9.999999974752427e-07	0.19233901798725128	0.19233904778957367	1.622538547962904e-09	0.026356376707553864	0.16347560286521912	0.04025731980800629	1.622538547962904e-09	1.622538547962904e-09	0.19233901798725128	1.622538547962904e-09	0.015332028269767761	0.0117647061124444	0.24910278618335724	0.01778506115078926	-1.3278622645884752e-08	0.24910277128219604	1.622538547962904e-09	9.999999974752427e-07	1.622538547962904e-09	0.1170303225517273	0.015458554029464722	0.0752154290676117	-1.3278622645884752e-08	0.00909090880304575	-1.3278622645884752e-08	0.009573204442858696	0.02117867022752762	0.0752154216170311	0.018691588193178177	0.015458546578884125	5.000001692678779e-07	0.005539216101169586	1.622538547962904e-09	0.01778506115078926	9.999999974752427e-07	0.02822047472000122	1.5000005078036338e-06	1.622538547962904e-09	9.999999974752427e-07	9.999999974752427e-07	-1.3278622645884752e-08	9.999999974752427e-07	0.16347560286521912	1.622538547962904e-09	0.14051920175552368	0.16347560286521912	0.24910280108451843	0.19233901798725128	0.011078406125307083	0.010101010091602802	0.009573204442858696	0.009177442640066147	0.14051921665668488	0.008695651777088642	1.622538547962904e-09	0.2222222089767456	0.11703035235404968	0.04181492328643799	0.011904762126505375	0.009177440777420998	0.010869565419852734	0.14051920175552368	-1.3278622645884752e-08	0.005539216101169586	0.026356376707553864	1.622538547962904e-09	5.000001692678779e-07	0.009999999776482582	0.01907867006957531	1.622538547962904e-09	0.010324249044060707	9.999999974752427e-07	9.999999974752427e-07	1.622538547962904e-09	9.999999974752427e-07	9.999999974752427e-07	1.622538547962904e-09	9.999999974752427e-07	0.012001216411590576	0.43699371814727783	0.05826278030872345	9.999999974752427e-07	0.2679571807384491	9.999999974752427e-07	0.04900254309177399	1.622538547962904e-09	0.3783048689365387	0.009493403136730194	0.06596280634403229	0.3783048391342163	1.622538547962904e-09	9.999999974752427e-07	0.01123595517128706	0.2679571509361267	-2.4010660126805305e-10	1.622538547962904e-09	-1.3278622645884752e-08	1.622538547962904e-09	1.622538547962904e-09	6.666664376098197e-07	0.2545320391654968	0.2679571509361267	0.010989011265337467	1.3333333299669903e-06	0.20756608247756958	0.04900255426764488	1.622538547962904e-09	0.005720056593418121	0.2679571509361267	1.622538547962904e-09	0.01575428992509842	0.010256931185722351	0.3783048391342163	0.01601792871952057	-2.4010660126805305e-10	0.3783048689365387	0.019911106675863266	9.999999974752427e-07	1.622538547962904e-09	0.1568257212638855	0.013005435466766357	0.11561180651187897	0.01815195381641388	6.666664376098197e-07	0.01815195381641388	0.010526316240429878	0.04900252819061279	0.06741572916507721	0.03269492834806442	0.018725495785474777	0.00909090880304575	-2.4010660126805305e-10	1.622538547962904e-09	0.00917431153357029	0.009686267003417015	0.009686268866062164	0.025567827746272087	9.999999974752427e-07	0.043478261679410934	0.01575428992509842	-2.4010660126805305e-10	0.009493403136730194	0.20756609737873077	9.999999974752427e-07	0.15682576596736908	0.20756609737873077	0.3783048689365387	0.2679571211338043	0.030948013067245483	0.025567827746272087	9.999999974752427e-07	9.999999974752427e-07	0.17497771978378296	0.009708737954497337	0.00909090880304575	0.31832000613212585	0.1568257361650467	0.04121395945549011	0.04972795397043228	0.010204081423580647	0.007700018584728241	0.19181180000305176	9.999999974752427e-07	0.011036910116672516	0.022488445043563843	0.016806723549962044	9.999999974752427e-07	0.009615384973585606	1.622538547962904e-09	1.622538547962904e-09	-2.4010660126805305e-10	1.622538547962904e-09	9.999999974752427e-07	1.622538547962904e-09	0.009803921915590763	1.622538547962904e-09	1.622538547962904e-09	9.999999974752427e-07	9.999999974752427e-07	0.35452133417129517	0.02059110254049301	0.010625112801790237	0.21123084425926208	0.02664199471473694	0.006121918559074402	9.999999974752427e-07	0.3018167018890381	0.006626579910516739	0.02059112675487995	0.3018167018890381	0.01864650845527649	-1.3278622645884752e-08	1.622538547962904e-09	0.1669045239686966	0.015181045979261398	9.999999974752427e-07	1.622538547962904e-09	1.622538547962904e-09	0.010238776914775372	1.622538547962904e-09	0.14026254415512085	0.2112308144569397	-1.3278622645884752e-08	1.622538547962904e-09	0.14026251435279846	0.02476842701435089	1.622538547962904e-09	1.622538547962904e-09	0.2112308144569397	-1.3278622645884752e-08	0.011363636702299118	6.912159733474255e-10	0.23242250084877014	-1.3278622645884752e-08	0.006100691854953766	0.29567742347717285	-1.3278622645884752e-08	-1.3278622645884752e-08	1.622538547962904e-09	0.09294700622558594	1.622538547962904e-09	0.06100180745124817	0.01366463303565979	1.622538547962904e-09	0.007563948631286621	0.011995955370366573	0.0061219483613967896	0.030612245202064514	0.00662657618522644	9.073119144886732e-09	-2.4010660126805305e-10	-1.3278622645884752e-08	-1.3278622645884752e-08	-1.3278622645884752e-08	9.999999974752427e-07	0.027936086058616638	0.010625114664435387	0.027522936463356018	0.007871739566326141	9.999999974752427e-07	1.622538547962904e-09	0.006626579910516739	0.14026251435279846	0.010101010091602802	0.09294699132442474	0.14026251435279846	0.29567742347717285	0.21123076975345612	-1.3278622645884752e-08	0.013964534737169743	0.011995954439043999	0.0061219483613967896	0.10661163181066513	1.622538547962904e-09	0.02664199471473694	0.2191026508808136	0.061001840978860855	1.622538547962904e-09	0.013319900259375572	0.0061219558119773865	1.622538547962904e-09	0.10661161690950394	9.999999974752427e-07	-1.3278622645884752e-08	1.622538547962904e-09	1.622538547962904e-09	-2.4010660126805305e-10	1.622538547962904e-09	9.999999974752427e-07	1.622538547962904e-09	0.015181045979261398	1.622538547962904e-09	6.912159733474255e-10	0.010238775983452797	0.007871739566326141	0.006139293313026428	1.622538547962904e-09	6.912159733474255e-10	1.622538547962904e-09	0.36081427335739136	0.07295437157154083	0.008505983278155327	0.2816368341445923	0.009365733712911606	0.026101619005203247	-1.3278622645884752e-08	0.3097529113292694	8.000001798791345e-07	0.07295437157154083	0.3097529113292694	-1.3278622645884752e-08	2.255546860396862e-10	-5.828042048960924e-09	0.22092559933662415	0.024959877133369446	-1.3278622645884752e-08	1.622538547962904e-09	1.622538547962904e-09	-1.3278622645884752e-08	9.999999974752427e-07	0.21155986189842224	0.22092559933662415	2.255546860396862e-10	0.00917431153357029	0.1840570569038391	0.026101604104042053	1.622538547962904e-09	-5.828042048960924e-09	0.22092559933662415	1.622538547962904e-09	-1.3278622645884752e-08	0.008564604446291924	0.2986621558666229	1.622538547962904e-09	9.999999974752427e-07	0.2986621558666229	2.255546860396862e-10	2.255546860396862e-10	1.622538547962904e-09	0.1273503601551056	-5.828042048960924e-09	0.08163265138864517	0.01516491174697876	0.008196720853447914	9.999999974752427e-07	-2.4010660126805305e-10	0.026101619005203247	0.07547169923782349	1.3999997463542968e-06	0.015599853359162807	0.01042632944881916	0.009330726228654385	0.018172089010477066	1.622538547962904e-09	1.622538547962904e-09	0.024959877133369446	0.028257330879569054	9.999999974752427e-07	0.008460652083158493	-1.3278622645884752e-08	9.999999974752427e-07	8.000001798791345e-07	0.14251525700092316	0.009365729987621307	0.1273503601551056	0.14251527190208435	0.2986621558666229	0.2816368341445923	0.00933072715997696	0.05747126415371895	-2.4010660126805305e-10	9.999999974752427e-07	0.14251521229743958	6.000000212225132e-07	0.009365737438201904	0.29009753465652466	0.1273503601551056	0.04308461770415306	-2.4010660126805305e-10	0.009282229468226433	1.622538547962904e-09	0.14251525700092316	9.999999974752427e-07	2.255546860396862e-10	0.027484744787216187	0.017241379246115685	0.009325018152594566	-5.828042048960924e-09	-1.3278622645884752e-08	0.015599831938743591	0.02495986968278885	-2.4010660126805305e-10	9.999999974752427e-07	-1.3278622645884752e-08	0.008460652083158493	0.011090751737356186	1.622538547962904e-09	9.999999974752427e-07	0.016819393262267113
94	-15547.466796875	-1	9	57	76	75	26	89	10	62	48	0	26	84	41	29	91	66	5	0	11	24	14	68	37	85	21	0	0	50	22	3	66	33	67	21	43	7	69	12	0	65	50	77	73	24	43	79	5	42	1	78	57	69	21	34	56	0	70	42	76	31	43	49	25	4	73	63	36	3	21	1	46	80	82	49	14	33	40	77	33	47	9	66	48	69	78	85	57	13	11	50	56	7	32	19	59	7	0	94	47	0.5437127947807312	0.08644906431436539	0.010285336524248123	0.4145510792732239	0.012830331921577454	0.010498285293579102	0.010526316240429878	0.4251323938369751	9.999999974752427e-07	0.08644905686378479	0.44155386090278625	0.06554710865020752	9.999999974752427e-07	9.999999974752427e-07	0.4095746874809265	9.999999974752427e-07	0.005317971110343933	1.622538547962904e-09	1.622538547962904e-09	9.999999974752427e-07	0.02298850566148758	0.39674437046051025	0.4095746576786041	9.999999974752427e-07	0.03314200043678284	0.2897196114063263	0.07604538649320602	1.622538547962904e-09	9.999999974752427e-07	0.4095746576786041	0.0049764662981033325	1.622538547962904e-09	1.622538547962904e-09	0.4145510196685791	0.03333333507180214	-1.3278622645884752e-08	0.42513248324394226	9.999999974752427e-07	9.999999974752427e-07	1.622538547962904e-09	0.22580645978450775	0.012048192322254181	0.1361638456583023	-1.3278622645884752e-08	9.999999974752427e-07	-1.3278622645884752e-08	1.622538547962904e-09	0.010498279705643654	0.1361638605594635	0.030567780137062073	0.02411612868309021	1.622538547962904e-09	0.008196720853447914	0.010869565419852734	9.999999974752427e-07	0.010526316240429878	0.026113219559192657	0.019338728860020638	-2.4010660126805305e-10	-1.3278622645884752e-08	1.622538547962904e-09	-1.3278622645884752e-08	0.030567795038223267	0.2705919146537781	9.999999974752427e-07	0.26527389883995056	0.2705919146537781	0.4251324534416199	0.40957462787628174	0.030927833169698715	0.05588129162788391	1.622538547962904e-09	0.010498277842998505	0.2652738690376282	-1.3278622645884752e-08	0.012830331921577454	0.4145510792732239	0.22250455617904663	0.08634074777364731	1.622538547962904e-09	0.010498279705643654	1.622538547962904e-09	0.26527389883995056	0.036036036908626556	0.009900989942252636	0.062224678695201874	0.029082641005516052	0.009053405374288559	9.999999974752427e-07	0.012195121496915817	9.999999974752427e-07	0.008547008968889713	-1.3278622645884752e-08	1.622538547962904e-09	9.999999974752427e-07	-1.3278622645884752e-08	-1.3278622645884752e-08	1.622538547962904e-09	9.999999974752427e-07	1.622538547962904e-09	0.4231007397174835	0.04496558755636215	0.010405869223177433	0.2722354531288147	0.010044899769127369	0.021052632480859756	9.999999974752427e-07	0.31625208258628845	0.018691588193178177	0.05226296931505203	0.31625211238861084	0.01785714365541935	0.010989011265337467	1.622538547962904e-09	0.2722354531288147	9.999999974752427e-07	1.622538547962904e-09	0.019417475908994675	1.622538547962904e-09	9.999999974752427e-07	6.666664376098197e-07	0.2291666716337204	0.2722354531288147	9.999999974752427e-07	1.3333333299669903e-06	0.1819043606519699	0.09699182957410812	1.622538547962904e-09	0.0078512541949749	0.2722354531288147	1.622538547962904e-09	1.622538547962904e-09	0.010638297535479069	0.31625205278396606	9.999999974752427e-07	-7.275957614183426e-12	0.31625205278396606	0.010526316240429878	0.009009009227156639	1.622538547962904e-09	0.10256187617778778	1.622538547962904e-09	0.0606570690870285	0.008510754443705082	6.666664376098197e-07	-7.275957614183426e-12	9.999999974752427e-07	1.3999997463542968e-06	0.05226297304034233	0.034559715539216995	0.022432174533605576	2.255546860396862e-10	9.999999974752427e-07	9.999999974752427e-07	9.999999974752427e-07	0.008264463394880295	0.009856700897216797	0.010405868291854858	0.008394084870815277	1.622538547962904e-09	1.622538547962904e-09	0.008510754443705082	0.034559715539216995	0.18190431594848633	0.010044899769127369	0.11764705926179886	0.18190434575080872	0.31625205278396606	0.2722354531288147	0.042105261236429214	0.010405870154500008	9.999999974752427e-07	8.000001798791345e-07	0.18190434575080872	1.622538547962904e-09	0.010044898837804794	0.2722354531288147	0.10256189107894897	0.04190482199192047	9.999999974752427e-07	8.000001798791345e-07	0.00729738175868988	0.18190434575080872	1.622538547962904e-09	0.016949152573943138	0.01947261206805706	9.999999974752427e-07	2.255546860396862e-10	1.622538547962904e-09	0.011627906933426857	0.014580924063920975	9.999999974752427e-07	1.622538547962904e-09	9.999999974752427e-07	9.999999974752427e-07	1.622538547962904e-09	1.622538547962904e-09	1.622538547962904e-09	9.999999974752427e-07	6.000000212225132e-07	0.4494662880897522	0.08000115305185318	9.999999974752427e-07	0.3330483138561249	-1.3278622645884752e-08	0.03483249247074127	9.999999974752427e-07	0.386263370513916	0.009220771491527557	0.08756303787231445	0.38626334071159363	0.013322077691555023	-1.3278622645884752e-08	9.999999974752427e-07	0.2947915494441986	9.999999974752427e-07	0.029411764815449715	9.999999974752427e-07	-1.3278622645884752e-08	0.008118398487567902	0.010526316240429878	0.2947915494441986	0.2947915196418762	-1.3278622645884752e-08	0.01075268816202879	0.2947915196418762	0.04815460741519928	-1.3278622645884752e-08	0.02777777798473835	0.2947915494441986	0.019186578691005707	9.999999974752427e-07	0.008000463247299194	0.38626325130462646	-1.3278622645884752e-08	1.622538547962904e-09	0.38626331090927124	-1.3278622645884752e-08	-1.3278622645884752e-08	-1.3278622645884752e-08	0.1528805047273636	9.999999974752427e-07	0.08756301552057266	0.009048528037965298	9.999999974752427e-07	1.622538547962904e-09	0.009130984544754028	0.02860131859779358	0.08756303787231445	0.009220770560204983	0.04123711213469505	9.999999974752427e-07	-1.3278622645884752e-08	-1.3278622645884752e-08	-1.3278622645884752e-08	0.008003763854503632	0.015048369765281677	0.029999999329447746	1.622538547962904e-09	0.00909090880304575	9.999999974752427e-07	0.009048528969287872	0.009220771491527557	0.2947915196418762	-1.3278622645884752e-08	0.15288051962852478	0.2499999850988388	0.38626334071159363	0.31386175751686096	-1.3278622645884752e-08	0.032608695328235626	0.009130991995334625	9.999999974752427e-07	0.16192904114723206	-2.4010660126805305e-10	-1.3278622645884752e-08	0.36913180351257324	0.1528804898262024	0.06531748175621033	0.009130977094173431	0.028601333498954773	0.00756189227104187	0.16814157366752625	1.622538547962904e-09	-1.3278622645884752e-08	0.021052632480859756	0.009900989942252636	0.027272727340459824	9.999999974752427e-07	0.005203664302825928	0.008620689623057842	0.007044591009616852	-1.3278622645884752e-08	0.008000463247299194	0.008118398487567902	9.999999974752427e-07	-1.3278622645884752e-08	-1.3278622645884752e-08	9.999999974752427e-07	1.622538547962904e-09	0.4417252242565155	0.024390242993831635	9.999999974752427e-07	0.30527326464653015	0.010416666977107525	0.014637134969234467	9.999999974752427e-07	0.3760969042778015	9.999999974752427e-07	0.04878048598766327	0.3760969042778015	0.05099133402109146	9.999999974752427e-07	0.008882244117558002	0.30527329444885254	1.622538547962904e-09	1.622538547962904e-09	1.622538547962904e-09	1.622538547962904e-09	0.030414395034313202	0.012048192322254181	0.29318323731422424	0.30527329444885254	9.999999974752427e-07	0.017391303554177284	0.2670987844467163	0.06562843918800354	1.622538547962904e-09	0.010416666977107525	0.30527329444885254	1.622538547962904e-09	1.622538547962904e-09	1.622538547962904e-09	0.30527329444885254	1.622538547962904e-09	0.010526316240429878	0.3760969042778015	9.999999974752427e-07	9.999999974752427e-07	1.622538547962904e-09	0.14387741684913635	0.025641024112701416	0.07431011646986008	0.032608695328235626	9.999999974752427e-07	0.009615384973585606	1.622538547962904e-09	0.014637134969234467	0.07431010156869888	0.010309278033673763	0.04452749714255333	0.009433962404727936	9.999999974752427e-07	1.622538547962904e-09	1.622538547962904e-09	1.622538547962904e-09	1.622538547962904e-09	0.009569531306624413	1.622538547962904e-09	1.622538547962904e-09	1.622538547962904e-09	0.01123595517128706	9.999999974752427e-07	0.20471768081188202	9.999999974752427e-07	0.14387744665145874	0.2047176957130432	0.3052733242511749	0.30527329444885254	0.026084452867507935	0.009569531306624413	1.622538547962904e-09	0.010101010091602802	0.204717755317688	0.010204081423580647	0.010989011265337467	0.30527329444885254	0.14387741684913635	0.06956726312637329	1.622538547962904e-09	0.01463712751865387	9.999999974752427e-07	0.20471777021884918	0.009803921915590763	9.999999974752427e-07	0.02503982186317444	9.999999974752427e-07	9.999999974752427e-07	0.008882243186235428	0.020576931536197662	9.999999974752427e-07	1.622538547962904e-09	1.622538547962904e-09	1.622538547962904e-09	9.999999974752427e-07	1.622538547962904e-09	1.622538547962904e-09	1.622538547962904e-09	9.999999974752427e-07	1.622538547962904e-09	0.3537144362926483	0.026411600410938263	4.2857209336943924e-07	0.20192477107048035	1.622538547962904e-09	0.027027027681469917	-7.275957614183426e-12	0.28152182698249817	1.622538547962904e-09	0.026411622762680054	0.2815217971801758	0.010256588459014893	9.999999974752427e-07	1.622538547962904e-09	0.20192477107048035	9.999999974752427e-07	1.622538547962904e-09	9.999999974752427e-07	1.622538547962904e-09	0.010256589390337467	1.622538547962904e-09	0.20192474126815796	0.20192478597164154	1.622538547962904e-09	1.622538547962904e-09	0.16246558725833893	0.05873368680477142	1.622538547962904e-09	0.027633339166641235	0.20192477107048035	-1.3278622645884752e-08	1.622538547962904e-09	-1.3278622645884752e-08	0.20192483067512512	0.008206691592931747	9.999999974752427e-07	0.2740027904510498	1.622538547962904e-09	9.999999974752427e-07	1.622538547962904e-09	0.05703481286764145	1.622538547962904e-09	0.02641153335571289	0.03179077059030533	1.622538547962904e-09	9.999999974752427e-07	-1.3278622645884752e-08	0.009401541203260422	0.026411622762680054	0.009916093200445175	0.027633339166641235	4.2857209336943924e-07	1.622538547962904e-09	0.013445600867271423	0.008206691592931747	9.999999974752427e-07	0.013458997011184692	1.2857158253609668e-06	-1.3278622645884752e-08	-1.3278622645884752e-08	1.622538547962904e-09	9.999999974752427e-07	1.622538547962904e-09	0.16246557235717773	1.622538547962904e-09	0.05703481659293175	0.10570608824491501	0.2626262605190277	0.20192477107048035	0.01780684106051922	1.2857121873821598e-06	-1.3278622645884752e-08	9.999999974752427e-07	0.08882559835910797	0.009916089475154877	1.622538547962904e-09	0.20192478597164154	0.05404491350054741	0.027633339166641235	-1.3278622645884752e-08	0.009401543065905571	1.622538547962904e-09	0.1057060956954956	-1.3278622645884752e-08	0.017806850373744965	1.622538547962904e-09	1.622538547962904e-09	4.2857209336943924e-07	1.622538547962904e-09	-7.275957614183426e-12	1.622538547962904e-09	9.999999974752427e-07	1.622538547962904e-09	-1.3278622645884752e-08	9.999999974752427e-07	-1.3278622645884752e-08	0.007519088685512543	1.622538547962904e-09	9.999999974752427e-07	2.255546860396862e-10	0.5330701470375061	0.005072489380836487	5.000001692678779e-07	0.3791336119174957	0.015137098729610443	0.04571789503097534	9.999999974752427e-07	0.47317150235176086	1.622538547962904e-09	0.08930285274982452	0.47317150235176086	0.014180606231093407	0.010177051648497581	9.999999974752427e-07	0.283880352973938	-1.3278622645884752e-08	1.622538547962904e-09	0.009429067373275757	-1.3278622645884752e-08	0.007485583424568176	9.999999974752427e-07	0.2687433063983917	0.3461630940437317	0.011049933731555939	0.012431889772415161	0.21618443727493286	0.059898555278778076	-1.3278622645884752e-08	1.622538547962904e-09	0.2838802933692932	0.030927835032343864	0.04472166299819946	-1.3278622645884752e-08	0.39345017075538635	1.622538547962904e-09	-1.3278622645884752e-08	0.39345014095306396	0.011049933731555939	0.010177051648497581	-1.3278622645884752e-08	0.16346153616905212	0.04000958055257797	0.08930287510156631	-1.3278622645884752e-08	0.010416666977107525	-1.3278622645884752e-08	0.014316469430923462	0.036288827657699585	0.08930285274982452	1.622538547962904e-09	0.0478060245513916	5.000001692678779e-07	0.028037382289767265	1.622538547962904e-09	1.622538547962904e-09	-1.3278622645884752e-08	-1.3278622645884752e-08	1.5000005078036338e-06	1.622538547962904e-09	-1.3278622645884752e-08	9.999999974752427e-07	-1.3278622645884752e-08	1.622538547962904e-09	0.21618443727493286	0.015137098729610443	0.171462744474411	0.21618443727493286	0.39345014095306396	0.3461630940437317	0.05255882441997528	0.005072489380836487	9.999999974752427e-07	0.02286946028470993	0.1714627593755722	1.622538547962904e-09	0.01513710618019104	0.37913358211517334	0.1495407670736313	0.06023794412612915	0.014316461980342865	0.02286946028470993	0.008695651777088642	0.1714627593755722	1.622538547962904e-09	0.010177051648497581	0.012431896291673183	1.622538547962904e-09	5.000001692678779e-07	9.999999974752427e-07	0.0066950395703315735	0.007796458899974823	-1.3278622645884752e-08	0.030927835032343864	-1.3278622645884752e-08	0.007485583424568176	-1.3278622645884752e-08	0.02777777798473835	-1.3278622645884752e-08	9.999999974752427e-07	0.008695651777088642	0.36692190170288086	0.04854368790984154	5.000001692678779e-07	0.19233903288841248	1.622538547962904e-09	0.02117866277694702	0.019078664481639862	0.26595741510391235	9.999999974752427e-07	0.0752153992652893	0.2984440326690674	0.019078657031059265	9.999999974752427e-07	0.010416666977107525	0.19233903288841248	0.010324249044060707	0.007624365389347076	1.622538547962904e-09	1.622538547962904e-09	1.622538547962904e-09	9.999999974752427e-07	0.19233901798725128	0.19233904778957367	1.622538547962904e-09	0.026356376707553864	0.16347560286521912	0.040257349610328674	1.622538547962904e-09	1.622538547962904e-09	0.19233901798725128	1.622538547962904e-09	0.015332028269767761	0.0117647061124444	0.24910278618335724	0.01778506115078926	-1.3278622645884752e-08	0.24910277128219604	1.622538547962904e-09	9.999999974752427e-07	1.622538547962904e-09	0.1170303225517273	0.015458554029464722	0.0752154290676117	-1.3278622645884752e-08	0.00909090880304575	-1.3278622645884752e-08	0.009573204442858696	0.021178651601076126	0.0752154216170311	0.018691588193178177	0.015458546578884125	5.000001692678779e-07	0.005539216101169586	1.622538547962904e-09	0.01778506115078926	9.999999974752427e-07	0.028220467269420624	1.5000005078036338e-06	1.622538547962904e-09	9.999999974752427e-07	9.999999974752427e-07	-1.3278622645884752e-08	9.999999974752427e-07	0.16347560286521912	1.622538547962904e-09	0.14051920175552368	0.16347560286521912	0.24910280108451843	0.19233901798725128	0.011078406125307083	0.010101010091602802	0.009573204442858696	0.009177438914775848	0.14051921665668488	0.008695651777088642	1.622538547962904e-09	0.2222222089767456	0.11703035235404968	0.04181492328643799	0.011904762126505375	0.0091774370521307	0.010869565419852734	0.14051920175552368	-1.3278622645884752e-08	0.005539216101169586	0.026356376707553864	1.622538547962904e-09	5.000001692678779e-07	0.009999999776482582	0.01907866634428501	1.622538547962904e-09	0.010324249044060707	9.999999974752427e-07	9.999999974752427e-07	1.622538547962904e-09	9.999999974752427e-07	9.999999974752427e-07	1.622538547962904e-09	1.622538547962904e-09	0.01200120896100998	0.43699365854263306	0.05826278030872345	9.999999974752427e-07	0.2679571807384491	9.999999974752427e-07	0.049002572894096375	1.622538547962904e-09	0.3783048987388611	0.009493403136730194	0.06596280634403229	0.3783048689365387	1.622538547962904e-09	9.999999974752427e-07	0.01123595517128706	0.2679571509361267	-2.4010660126805305e-10	1.622538547962904e-09	-1.3278622645884752e-08	1.622538547962904e-09	1.622538547962904e-09	6.666664376098197e-07	0.2545320391654968	0.2679571509361267	0.010989011265337467	1.3333333299669903e-06	0.20756608247756958	0.049002546817064285	1.622538547962904e-09	0.005720056593418121	0.2679571509361267	1.622538547962904e-09	0.01575428992509842	0.010256917215883732	0.3783048689365387	0.01601792871952057	-2.4010660126805305e-10	0.3783048391342163	0.019911106675863266	9.999999974752427e-07	1.622538547962904e-09	0.1568257212638855	0.013005435466766357	0.11561180651187897	0.01815195381641388	6.666664376098197e-07	0.01815195381641388	0.010526316240429878	0.04900252819061279	0.06741572916507721	0.03269492834806442	0.018725495785474777	0.00909090880304575	-2.4010660126805305e-10	1.622538547962904e-09	0.00917431153357029	0.009686270728707314	0.009686268866062164	0.025567827746272087	9.999999974752427e-07	0.043478261679410934	0.01575428992509842	-2.4010660126805305e-10	0.009493403136730194	0.20756609737873077	9.999999974752427e-07	0.15682576596736908	0.20756609737873077	0.3783048391342163	0.2679571211338043	0.030948013067245483	0.025567827746272087	9.999999974752427e-07	9.999999974752427e-07	0.17497771978378296	0.009708737954497337	0.00909090880304575	0.31831997632980347	0.1568257361650467	0.04121395945549011	0.049727946519851685	0.010204081423580647	0.007700018584728241	0.19181180000305176	9.999999974752427e-07	0.011036910116672516	0.022488445043563843	0.016806723549962044	9.999999974752427e-07	0.009615384973585606	1.622538547962904e-09	1.622538547962904e-09	-2.4010660126805305e-10	1.622538547962904e-09	9.999999974752427e-07	1.622538547962904e-09	0.009803921915590763	1.622538547962904e-09	1.622538547962904e-09	1.622538547962904e-09	9.999999974752427e-07	0.3545213043689728	0.02059110254049301	0.010625112801790237	0.21123084425926208	0.02664199471473694	0.0061219222843647	9.999999974752427e-07	0.3018166422843933	0.006626579910516739	0.02059112675487995	0.3018166720867157	0.01864650845527649	-1.3278622645884752e-08	1.622538547962904e-09	0.1669045239686966	0.015181045979261398	9.999999974752427e-07	1.622538547962904e-09	1.622538547962904e-09	0.010238776914775372	1.622538547962904e-09	0.14026254415512085	0.2112308144569397	-1.3278622645884752e-08	1.622538547962904e-09	0.14026251435279846	0.024768419563770294	1.622538547962904e-09	1.622538547962904e-09	0.2112308144569397	-1.3278622645884752e-08	0.011363636702299118	6.912159733474255e-10	0.23242251574993134	-1.3278622645884752e-08	0.006100691854953766	0.29567739367485046	-1.3278622645884752e-08	-1.3278622645884752e-08	1.622538547962904e-09	0.09294700622558594	1.622538547962904e-09	0.06100180745124817	0.01366463303565979	1.622538547962904e-09	0.007563948631286621	0.011995955370366573	0.0061219483613967896	0.030612245202064514	0.00662657618522644	9.073119144886732e-09	-2.4010660126805305e-10	-1.3278622645884752e-08	-1.3278622645884752e-08	-1.3278622645884752e-08	9.999999974752427e-07	0.027936100959777832	0.010625114664435387	0.027522936463356018	0.007871739566326141	9.999999974752427e-07	1.622538547962904e-09	0.006626579910516739	0.14026251435279846	0.010101010091602802	0.09294699132442474	0.14026251435279846	0.29567742347717285	0.21123076975345612	-1.3278622645884752e-08	0.013964534737169743	0.011995954439043999	0.0061219483613967896	0.10661163181066513	1.622538547962904e-09	0.02664199471473694	0.2191026210784912	0.061001840978860855	1.622538547962904e-09	0.013319892808794975	0.0061219483613967896	1.622538547962904e-09	0.10661161690950394	9.999999974752427e-07	-1.3278622645884752e-08	1.622538547962904e-09	1.622538547962904e-09	-2.4010660126805305e-10	1.622538547962904e-09	9.999999974752427e-07	1.622538547962904e-09	0.015181045979261398	1.622538547962904e-09	6.912159733474255e-10	0.010238775983452797	0.007871739566326141	0.006139293313026428	1.622538547962904e-09	9.999999974752427e-07	1.622538547962904e-09	0.3608144521713257	0.07295437157154083	0.008505983278155327	0.2816368341445923	0.009365733712911606	0.02610155940055847	-1.3278622645884752e-08	0.30975285172462463	8.000001798791345e-07	0.07295437157154083	0.30975285172462463	-1.3278622645884752e-08	2.255546860396862e-10	-5.828042048960924e-09	0.22092559933662415	0.024959802627563477	-1.3278622645884752e-08	1.622538547962904e-09	1.622538547962904e-09	-1.3278622645884752e-08	9.999999974752427e-07	0.21155986189842224	0.22092559933662415	2.255546860396862e-10	0.00917431153357029	0.1840570569038391	0.026101544499397278	1.622538547962904e-09	-5.828042048960924e-09	0.22092559933662415	1.622538547962904e-09	-1.3278622645884752e-08	0.008564606308937073	0.29866212606430054	1.622538547962904e-09	9.999999974752427e-07	0.29866212606430054	2.255546860396862e-10	2.255546860396862e-10	1.622538547962904e-09	0.1273503601551056	-5.828042048960924e-09	0.08163265138864517	0.01516491174697876	0.008196720853447914	9.999999974752427e-07	-2.4010660126805305e-10	0.026101574301719666	0.07547169923782349	1.3999997463542968e-06	0.015599853359162807	0.01042632944881916	0.009330726228654385	0.018172089010477066	1.622538547962904e-09	1.622538547962904e-09	0.024959802627563477	0.028257330879569054	9.999999974752427e-07	0.00846065953373909	-1.3278622645884752e-08	9.999999974752427e-07	8.000001798791345e-07	0.14251525700092316	0.009365729987621307	0.1273503601551056	0.14251527190208435	0.29866212606430054	0.2816368341445923	0.00933072715997696	0.05747126415371895	-2.4010660126805305e-10	9.999999974752427e-07	0.14251521229743958	6.000000212225132e-07	0.009365737438201904	0.29009753465652466	0.1273503601551056	0.04308461770415306	-2.4010660126805305e-10	0.009282207116484642	1.622538547962904e-09	0.14251525700092316	9.999999974752427e-07	2.255546860396862e-10	0.027484744787216187	0.017241379246115685	0.009325018152594566	-5.828042048960924e-09	-1.3278622645884752e-08	0.015599831938743591	0.024959810078144073	-2.4010660126805305e-10	9.999999974752427e-07	-1.3278622645884752e-08	0.00846065953373909	0.01109069213271141	1.622538547962904e-09	-1.3278622645884752e-08	0.016819370910525322
95	-15547.466796875	-1	9	57	76	75	26	89	10	62	48	0	26	84	41	29	91	66	5	0	11	24	14	68	37	85	21	0	0	50	22	3	66	33	67	21	43	7	69	12	0	65	50	77	73	24	43	79	5	42	1	78	57	69	21	34	56	0	70	42	76	31	43	49	25	4	73	63	36	3	21	1	46	80	82	49	14	33	40	77	33	47	9	66	48	69	78	85	57	13	11	50	56	7	32	19	59	7	0	95	47	0.5437127351760864	0.08644906431436539	0.010285336524248123	0.4145510792732239	0.01283031702041626	0.010498285293579102	0.010526316240429878	0.42513248324394226	9.999999974752427e-07	0.08644905686378479	0.44155392050743103	0.06554712355136871	9.999999974752427e-07	9.999999974752427e-07	0.40957462787628174	9.999999974752427e-07	0.005317971110343933	1.622538547962904e-09	1.622538547962904e-09	9.999999974752427e-07	0.02298850566148758	0.3967443108558655	0.4095746576786041	9.999999974752427e-07	0.03314200043678284	0.2897196114063263	0.07604540884494781	1.622538547962904e-09	9.999999974752427e-07	0.4095746576786041	0.004976436495780945	1.622538547962904e-09	1.622538547962904e-09	0.4145510792732239	0.03333333507180214	-1.3278622645884752e-08	0.4251324236392975	9.999999974752427e-07	9.999999974752427e-07	1.622538547962904e-09	0.22580645978450775	0.012048192322254181	0.1361638456583023	-1.3278622645884752e-08	9.999999974752427e-07	-1.3278622645884752e-08	1.622538547962904e-09	0.010498283430933952	0.1361638605594635	0.030567780137062073	0.02411612868309021	1.622538547962904e-09	0.008196720853447914	0.010869565419852734	9.999999974752427e-07	0.010526316240429878	0.026113256812095642	0.019338728860020638	-2.4010660126805305e-10	-1.3278622645884752e-08	1.622538547962904e-09	-1.3278622645884752e-08	0.030567795038223267	0.2705919146537781	9.999999974752427e-07	0.26527389883995056	0.2705919146537781	0.4251323938369751	0.4095746576786041	0.030927833169698715	0.05588129162788391	1.622538547962904e-09	0.010498285293579102	0.2652738690376282	-1.3278622645884752e-08	0.01283031702041626	0.4145510196685791	0.22250455617904663	0.08634074777364731	1.622538547962904e-09	0.01049828715622425	1.622538547962904e-09	0.26527389883995056	0.036036036908626556	0.009900989942252636	0.062224678695201874	0.029082641005516052	0.009053405374288559	9.999999974752427e-07	0.012195121496915817	9.999999974752427e-07	0.008547008968889713	-1.3278622645884752e-08	1.622538547962904e-09	9.999999974752427e-07	-1.3278622645884752e-08	-1.3278622645884752e-08	1.622538547962904e-09	-1.3278622645884752e-08	1.622538547962904e-09	0.4231007397174835	0.04496558755636215	0.010405869223177433	0.2722354531288147	0.010044899769127369	0.021052632480859756	9.999999974752427e-07	0.31625208258628845	0.018691588193178177	0.05226296931505203	0.31625211238861084	0.01785714365541935	0.010989011265337467	1.622538547962904e-09	0.2722354531288147	9.999999974752427e-07	1.622538547962904e-09	0.019417475908994675	1.622538547962904e-09	9.999999974752427e-07	6.666664376098197e-07	0.2291666716337204	0.2722354531288147	9.999999974752427e-07	1.3333333299669903e-06	0.1819043606519699	0.09699182957410812	1.622538547962904e-09	0.0078512541949749	0.2722354531288147	1.622538547962904e-09	1.622538547962904e-09	0.010638297535479069	0.31625205278396606	9.999999974752427e-07	-7.275957614183426e-12	0.31625205278396606	0.010526316240429878	0.009009009227156639	1.622538547962904e-09	0.10256187617778778	1.622538547962904e-09	0.0606570690870285	0.008510754443705082	6.666664376098197e-07	-7.275957614183426e-12	9.999999974752427e-07	1.3999997463542968e-06	0.05226297304034233	0.034559715539216995	0.022432174533605576	2.255546860396862e-10	9.999999974752427e-07	9.999999974752427e-07	9.999999974752427e-07	0.008264463394880295	0.009856700897216797	0.010405868291854858	0.008394084870815277	1.622538547962904e-09	1.622538547962904e-09	0.008510754443705082	0.034559715539216995	0.18190431594848633	0.010044899769127369	0.11764705926179886	0.18190434575080872	0.31625205278396606	0.2722354531288147	0.042105261236429214	0.010405870154500008	9.999999974752427e-07	8.000001798791345e-07	0.18190434575080872	1.622538547962904e-09	0.010044898837804794	0.2722354829311371	0.10256189107894897	0.04190482199192047	9.999999974752427e-07	8.000001798791345e-07	0.00729738175868988	0.18190434575080872	1.622538547962904e-09	0.016949152573943138	0.01947261206805706	9.999999974752427e-07	2.255546860396862e-10	1.622538547962904e-09	0.011627906933426857	0.014580924063920975	9.999999974752427e-07	1.622538547962904e-09	9.999999974752427e-07	9.999999974752427e-07	1.622538547962904e-09	1.622538547962904e-09	1.622538547962904e-09	1.622538547962904e-09	6.000000212225132e-07	0.4494662880897522	0.08000115305185318	9.999999974752427e-07	0.3330483138561249	-1.3278622645884752e-08	0.03483249247074127	9.999999974752427e-07	0.386263370513916	0.009220771491527557	0.08756303787231445	0.38626334071159363	0.013322077691555023	-1.3278622645884752e-08	9.999999974752427e-07	0.2947915494441986	9.999999974752427e-07	0.029411764815449715	9.999999974752427e-07	-1.3278622645884752e-08	0.008118398487567902	0.010526316240429878	0.2947915494441986	0.2947915196418762	-1.3278622645884752e-08	0.01075268816202879	0.2947915196418762	0.04815460741519928	-1.3278622645884752e-08	0.02777777798473835	0.2947915494441986	0.019186578691005707	9.999999974752427e-07	0.008000463247299194	0.38626325130462646	-1.3278622645884752e-08	1.622538547962904e-09	0.38626331090927124	-1.3278622645884752e-08	-1.3278622645884752e-08	-1.3278622645884752e-08	0.1528805047273636	9.999999974752427e-07	0.08756301552057266	0.009048528037965298	9.999999974752427e-07	1.622538547962904e-09	0.009130984544754028	0.02860131859779358	0.08756303787231445	0.009220770560204983	0.04123711213469505	9.999999974752427e-07	-1.3278622645884752e-08	-1.3278622645884752e-08	-1.3278622645884752e-08	0.008003763854503632	0.015048369765281677	0.029999999329447746	1.622538547962904e-09	0.00909090880304575	9.999999974752427e-07	0.009048528969287872	0.009220771491527557	0.2947915196418762	-1.3278622645884752e-08	0.15288051962852478	0.2499999850988388	0.38626334071159363	0.31386175751686096	-1.3278622645884752e-08	0.032608695328235626	0.009130991995334625	9.999999974752427e-07	0.16192904114723206	-2.4010660126805305e-10	-1.3278622645884752e-08	0.36913180351257324	0.1528804898262024	0.06531748175621033	0.009130977094173431	0.028601333498954773	0.00756189227104187	0.16814157366752625	1.622538547962904e-09	-1.3278622645884752e-08	0.021052632480859756	0.009900989942252636	0.027272727340459824	9.999999974752427e-07	0.005203664302825928	0.008620689623057842	0.007044591009616852	-1.3278622645884752e-08	0.008000463247299194	0.008118398487567902	9.999999974752427e-07	-1.3278622645884752e-08	-1.3278622645884752e-08	9.999999974752427e-07	1.622538547962904e-09	0.4417252242565155	0.024390242993831635	9.999999974752427e-07	0.30527329444885254	0.010416666977107525	0.014637134969234467	9.999999974752427e-07	0.3760969042778015	9.999999974752427e-07	0.04878048598766327	0.3760969042778015	0.05099133402109146	9.999999974752427e-07	0.008882244117558002	0.30527329444885254	1.622538547962904e-09	1.622538547962904e-09	1.622538547962904e-09	1.622538547962904e-09	0.030414395034313202	0.012048192322254181	0.29318323731422424	0.30527329444885254	9.999999974752427e-07	0.017391303554177284	0.2670987844467163	0.06562843918800354	1.622538547962904e-09	0.010416666977107525	0.30527329444885254	1.622538547962904e-09	1.622538547962904e-09	1.622538547962904e-09	0.3052733242511749	1.622538547962904e-09	0.010526316240429878	0.3760969042778015	9.999999974752427e-07	9.999999974752427e-07	1.622538547962904e-09	0.14387741684913635	0.025641024112701416	0.07431011646986008	0.032608695328235626	9.999999974752427e-07	0.009615384973585606	1.622538547962904e-09	0.014637134969234467	0.07431010156869888	0.010309278033673763	0.04452749714255333	0.009433962404727936	9.999999974752427e-07	1.622538547962904e-09	1.622538547962904e-09	1.622538547962904e-09	1.622538547962904e-09	0.009569531306624413	1.622538547962904e-09	1.622538547962904e-09	1.622538547962904e-09	0.01123595517128706	9.999999974752427e-07	0.20471768081188202	9.999999974752427e-07	0.14387744665145874	0.2047176957130432	0.3052733242511749	0.30527329444885254	0.026084452867507935	0.009569531306624413	1.622538547962904e-09	0.010101010091602802	0.204717755317688	0.010204081423580647	0.010989011265337467	0.30527329444885254	0.14387741684913635	0.06956726312637329	1.622538547962904e-09	0.01463712751865387	9.999999974752427e-07	0.20471777021884918	0.009803921915590763	9.999999974752427e-07	0.02503982186317444	9.999999974752427e-07	9.999999974752427e-07	0.008882243186235428	0.020576931536197662	9.999999974752427e-07	1.622538547962904e-09	1.622538547962904e-09	1.622538547962904e-09	9.999999974752427e-07	1.622538547962904e-09	1.622538547962904e-09	1.622538547962904e-09	1.622538547962904e-09	1.622538547962904e-09	0.3537144660949707	0.026411600410938263	4.2857209336943924e-07	0.20192480087280273	1.622538547962904e-09	0.027027027681469917	-7.275957614183426e-12	0.28152182698249817	1.622538547962904e-09	0.026411622762680054	0.28152182698249817	0.010256588459014893	9.999999974752427e-07	1.622538547962904e-09	0.20192475616931915	9.999999974752427e-07	1.622538547962904e-09	9.999999974752427e-07	1.622538547962904e-09	0.010256589390337467	1.622538547962904e-09	0.20192478597164154	0.20192472636699677	1.622538547962904e-09	1.622538547962904e-09	0.16246561706066132	0.05873367190361023	1.622538547962904e-09	0.027633339166641235	0.20192474126815796	-1.3278622645884752e-08	1.622538547962904e-09	-1.3278622645884752e-08	0.20192484557628632	0.008206706494092941	9.999999974752427e-07	0.2740027904510498	1.622538547962904e-09	9.999999974752427e-07	1.622538547962904e-09	0.05703481286764145	1.622538547962904e-09	0.02641153335571289	0.03179077059030533	1.622538547962904e-09	9.999999974752427e-07	-1.3278622645884752e-08	0.009401541203260422	0.026411622762680054	0.009916093200445175	0.027633339166641235	4.2857209336943924e-07	1.622538547962904e-09	0.013445630669593811	0.00820670835673809	9.999999974752427e-07	0.013458982110023499	1.2857158253609668e-06	-1.3278622645884752e-08	-1.3278622645884752e-08	1.622538547962904e-09	9.999999974752427e-07	1.622538547962904e-09	0.1624656319618225	1.622538547962904e-09	0.05703481659293175	0.10570608824491501	0.2626262605190277	0.20192477107048035	0.017806855961680412	1.2857121873821598e-06	-1.3278622645884752e-08	9.999999974752427e-07	0.08882559835910797	0.009916089475154877	1.622538547962904e-09	0.20192481577396393	0.05404491350054741	0.027633339166641235	-1.3278622645884752e-08	0.009401543065905571	1.622538547962904e-09	0.1057060956954956	-1.3278622645884752e-08	0.017806872725486755	1.622538547962904e-09	1.622538547962904e-09	4.2857209336943924e-07	1.622538547962904e-09	-7.275957614183426e-12	1.622538547962904e-09	9.999999974752427e-07	1.622538547962904e-09	-1.3278622645884752e-08	9.999999974752427e-07	-1.3278622645884752e-08	0.007519066333770752	1.622538547962904e-09	-1.3278622645884752e-08	2.255546860396862e-10	0.5330700874328613	0.005072489380836487	5.000001692678779e-07	0.3791336417198181	0.015137098729610443	0.04571789503097534	9.999999974752427e-07	0.4731714725494385	1.622538547962904e-09	0.08930285274982452	0.4731714725494385	0.014180606231093407	0.010177051648497581	9.999999974752427e-07	0.283880352973938	-1.3278622645884752e-08	1.622538547962904e-09	0.009429067373275757	-1.3278622645884752e-08	0.007485583424568176	9.999999974752427e-07	0.2687433063983917	0.3461630940437317	0.011049933731555939	0.012431889772415161	0.21618443727493286	0.059898555278778076	-1.3278622645884752e-08	1.622538547962904e-09	0.2838802933692932	0.030927835032343864	0.04472166299819946	-1.3278622645884752e-08	0.3934501111507416	1.622538547962904e-09	-1.3278622645884752e-08	0.3934501111507416	0.011049933731555939	0.010177051648497581	-1.3278622645884752e-08	0.16346153616905212	0.04000958055257797	0.08930287510156631	-1.3278622645884752e-08	0.010416666977107525	-1.3278622645884752e-08	0.014316454529762268	0.036288827657699585	0.08930285274982452	1.622538547962904e-09	0.0478060245513916	5.000001692678779e-07	0.028037382289767265	1.622538547962904e-09	1.622538547962904e-09	-1.3278622645884752e-08	-1.3278622645884752e-08	1.5000005078036338e-06	1.622538547962904e-09	-1.3278622645884752e-08	9.999999974752427e-07	-1.3278622645884752e-08	1.622538547962904e-09	0.21618443727493286	0.015137098729610443	0.171462744474411	0.21618443727493286	0.3934501111507416	0.3461630940437317	0.05255882441997528	0.005072489380836487	9.999999974752427e-07	0.02286946028470993	0.1714627593755722	1.622538547962904e-09	0.01513710618019104	0.3791336715221405	0.1495407670736313	0.06023794412612915	0.014316476881504059	0.02286946028470993	0.008695651777088642	0.1714627593755722	1.622538547962904e-09	0.010177051648497581	0.012431896291673183	1.622538547962904e-09	5.000001692678779e-07	9.999999974752427e-07	0.0066950395703315735	0.007796458899974823	-1.3278622645884752e-08	0.030927835032343864	-1.3278622645884752e-08	0.007485583424568176	-1.3278622645884752e-08	0.02777777798473835	-1.3278622645884752e-08	-1.3278622645884752e-08	0.008695651777088642	0.3669218420982361	0.04854368790984154	5.000001692678779e-07	0.19233903288841248	1.622538547962904e-09	0.021178677678108215	0.01907866820693016	0.26595741510391235	9.999999974752427e-07	0.0752153992652893	0.2984440326690674	0.01907867193222046	9.999999974752427e-07	0.010416666977107525	0.19233903288841248	0.010324249044060707	0.007624365389347076	1.622538547962904e-09	1.622538547962904e-09	1.622538547962904e-09	9.999999974752427e-07	0.19233901798725128	0.19233904778957367	1.622538547962904e-09	0.026356376707553864	0.16347560286521912	0.04025731980800629	1.622538547962904e-09	1.622538547962904e-09	0.19233901798725128	1.622538547962904e-09	0.015332028269767761	0.0117647061124444	0.24910278618335724	0.01778506115078926	-1.3278622645884752e-08	0.24910277128219604	1.622538547962904e-09	9.999999974752427e-07	1.622538547962904e-09	0.1170303225517273	0.015458554029464722	0.0752154290676117	-1.3278622645884752e-08	0.00909090880304575	-1.3278622645884752e-08	0.009573204442858696	0.02117867022752762	0.0752154216170311	0.018691588193178177	0.015458546578884125	5.000001692678779e-07	0.005539216101169586	1.622538547962904e-09	0.01778506115078926	9.999999974752427e-07	0.02822047472000122	1.5000005078036338e-06	1.622538547962904e-09	9.999999974752427e-07	9.999999974752427e-07	-1.3278622645884752e-08	9.999999974752427e-07	0.16347560286521912	1.622538547962904e-09	0.14051920175552368	0.16347560286521912	0.24910280108451843	0.19233901798725128	0.011078406125307083	0.010101010091602802	0.009573204442858696	0.009177442640066147	0.14051921665668488	0.008695651777088642	1.622538547962904e-09	0.2222222089767456	0.11703035235404968	0.04181492328643799	0.011904762126505375	0.009177440777420998	0.010869565419852734	0.14051920175552368	-1.3278622645884752e-08	0.005539216101169586	0.026356376707553864	1.622538547962904e-09	5.000001692678779e-07	0.009999999776482582	0.01907867006957531	1.622538547962904e-09	0.010324249044060707	9.999999974752427e-07	9.999999974752427e-07	1.622538547962904e-09	9.999999974752427e-07	9.999999974752427e-07	1.622538547962904e-09	9.999999974752427e-07	0.012001216411590576	0.43699371814727783	0.05826278030872345	9.999999974752427e-07	0.2679571807384491	9.999999974752427e-07	0.04900254309177399	1.622538547962904e-09	0.3783048689365387	0.009493403136730194	0.06596280634403229	0.3783048391342163	1.622538547962904e-09	9.999999974752427e-07	0.01123595517128706	0.2679571509361267	-2.4010660126805305e-10	1.622538547962904e-09	-1.3278622645884752e-08	1.622538547962904e-09	1.622538547962904e-09	6.666664376098197e-07	0.2545320391654968	0.2679571509361267	0.010989011265337467	1.3333333299669903e-06	0.20756608247756958	0.04900255426764488	1.622538547962904e-09	0.005720056593418121	0.2679571509361267	1.622538547962904e-09	0.01575428992509842	0.010256931185722351	0.3783048391342163	0.01601792871952057	-2.4010660126805305e-10	0.3783048689365387	0.019911106675863266	9.999999974752427e-07	1.622538547962904e-09	0.1568257212638855	0.013005435466766357	0.11561180651187897	0.01815195381641388	6.666664376098197e-07	0.01815195381641388	0.010526316240429878	0.04900252819061279	0.06741572916507721	0.03269492834806442	0.018725495785474777	0.00909090880304575	-2.4010660126805305e-10	1.622538547962904e-09	0.00917431153357029	0.009686267003417015	0.009686268866062164	0.025567827746272087	9.999999974752427e-07	0.043478261679410934	0.01575428992509842	-2.4010660126805305e-10	0.009493403136730194	0.20756609737873077	9.999999974752427e-07	0.15682576596736908	0.20756609737873077	0.3783048689365387	0.2679571211338043	0.030948013067245483	0.025567827746272087	9.999999974752427e-07	9.999999974752427e-07	0.17497771978378296	0.009708737954497337	0.00909090880304575	0.31832000613212585	0.1568257361650467	0.04121395945549011	0.04972795397043228	0.010204081423580647	0.007700018584728241	0.19181180000305176	9.999999974752427e-07	0.011036910116672516	0.022488445043563843	0.016806723549962044	9.999999974752427e-07	0.009615384973585606	1.622538547962904e-09	1.622538547962904e-09	-2.4010660126805305e-10	1.622538547962904e-09	9.999999974752427e-07	1.622538547962904e-09	0.009803921915590763	1.622538547962904e-09	1.622538547962904e-09	9.999999974752427e-07	9.999999974752427e-07	0.3545213043689728	0.02059110254049301	0.010625112801790237	0.21123084425926208	0.02664199471473694	0.0061219222843647	9.999999974752427e-07	0.3018166422843933	0.006626579910516739	0.02059112675487995	0.3018166720867157	0.01864650845527649	-1.3278622645884752e-08	1.622538547962904e-09	0.1669045239686966	0.015181045979261398	9.999999974752427e-07	1.622538547962904e-09	1.622538547962904e-09	0.010238776914775372	1.622538547962904e-09	0.14026254415512085	0.2112308144569397	-1.3278622645884752e-08	1.622538547962904e-09	0.14026251435279846	0.024768419563770294	1.622538547962904e-09	1.622538547962904e-09	0.2112308144569397	-1.3278622645884752e-08	0.011363636702299118	6.912159733474255e-10	0.23242251574993134	-1.3278622645884752e-08	0.006100691854953766	0.29567739367485046	-1.3278622645884752e-08	-1.3278622645884752e-08	1.622538547962904e-09	0.09294700622558594	1.622538547962904e-09	0.06100180745124817	0.01366463303565979	1.622538547962904e-09	0.007563948631286621	0.011995955370366573	0.0061219483613967896	0.030612245202064514	0.00662657618522644	9.073119144886732e-09	-2.4010660126805305e-10	-1.3278622645884752e-08	-1.3278622645884752e-08	-1.3278622645884752e-08	9.999999974752427e-07	0.027936100959777832	0.010625114664435387	0.027522936463356018	0.007871739566326141	9.999999974752427e-07	1.622538547962904e-09	0.006626579910516739	0.14026251435279846	0.010101010091602802	0.09294699132442474	0.14026251435279846	0.29567742347717285	0.21123076975345612	-1.3278622645884752e-08	0.013964534737169743	0.011995954439043999	0.0061219483613967896	0.10661163181066513	1.622538547962904e-09	0.02664199471473694	0.2191026210784912	0.061001840978860855	1.622538547962904e-09	0.013319892808794975	0.0061219483613967896	1.622538547962904e-09	0.10661161690950394	9.999999974752427e-07	-1.3278622645884752e-08	1.622538547962904e-09	1.622538547962904e-09	-2.4010660126805305e-10	1.622538547962904e-09	9.999999974752427e-07	1.622538547962904e-09	0.015181045979261398	1.622538547962904e-09	6.912159733474255e-10	0.010238775983452797	0.007871739566326141	0.006139293313026428	1.622538547962904e-09	9.999999974752427e-07	1.622538547962904e-09	0.36081427335739136	0.07295437157154083	0.008505983278155327	0.2816368341445923	0.009365733712911606	0.026101619005203247	-1.3278622645884752e-08	0.3097529113292694	8.000001798791345e-07	0.07295437157154083	0.3097529113292694	-1.3278622645884752e-08	2.255546860396862e-10	-5.828042048960924e-09	0.22092559933662415	0.024959877133369446	-1.3278622645884752e-08	1.622538547962904e-09	1.622538547962904e-09	-1.3278622645884752e-08	9.999999974752427e-07	0.21155986189842224	0.22092559933662415	2.255546860396862e-10	0.00917431153357029	0.1840570569038391	0.026101604104042053	1.622538547962904e-09	-5.828042048960924e-09	0.22092559933662415	1.622538547962904e-09	-1.3278622645884752e-08	0.008564604446291924	0.2986621558666229	1.622538547962904e-09	9.999999974752427e-07	0.2986621558666229	2.255546860396862e-10	2.255546860396862e-10	1.622538547962904e-09	0.1273503601551056	-5.828042048960924e-09	0.08163265138864517	0.01516491174697876	0.008196720853447914	9.999999974752427e-07	-2.4010660126805305e-10	0.026101619005203247	0.07547169923782349	1.3999997463542968e-06	0.015599853359162807	0.01042632944881916	0.009330726228654385	0.018172089010477066	1.622538547962904e-09	1.622538547962904e-09	0.024959877133369446	0.028257330879569054	9.999999974752427e-07	0.008460652083158493	-1.3278622645884752e-08	9.999999974752427e-07	8.000001798791345e-07	0.14251525700092316	0.009365729987621307	0.1273503601551056	0.14251527190208435	0.2986621558666229	0.2816368341445923	0.00933072715997696	0.05747126415371895	-2.4010660126805305e-10	9.999999974752427e-07	0.14251521229743958	6.000000212225132e-07	0.009365737438201904	0.29009753465652466	0.1273503601551056	0.04308461770415306	-2.4010660126805305e-10	0.009282229468226433	1.622538547962904e-09	0.14251525700092316	9.999999974752427e-07	2.255546860396862e-10	0.027484744787216187	0.017241379246115685	0.009325018152594566	-5.828042048960924e-09	-1.3278622645884752e-08	0.015599831938743591	0.02495986968278885	-2.4010660126805305e-10	9.999999974752427e-07	-1.3278622645884752e-08	0.008460652083158493	0.011090751737356186	1.622538547962904e-09	9.999999974752427e-07	0.016819393262267113
96	-15547.466796875	-1	9	57	76	75	26	89	10	62	48	0	26	84	41	29	91	66	5	0	11	24	14	68	37	85	21	0	0	50	22	3	66	33	67	21	43	7	69	12	0	65	50	77	73	24	43	79	5	42	1	78	57	69	21	34	56	0	70	42	76	31	43	49	25	4	73	63	36	3	21	1	46	80	82	49	14	33	40	77	33	47	9	66	48	69	78	85	57	13	11	50	56	7	32	19	59	7	0	96	47	0.5437127947807312	0.08644906431436539	0.010285336524248123	0.4145510792732239	0.012830331921577454	0.010498285293579102	0.010526316240429878	0.4251324534416199	9.999999974752427e-07	0.08644905686378479	0.44155386090278625	0.06554710865020752	9.999999974752427e-07	9.999999974752427e-07	0.4095746874809265	9.999999974752427e-07	0.005317971110343933	1.622538547962904e-09	1.622538547962904e-09	9.999999974752427e-07	0.02298850566148758	0.39674437046051025	0.4095746576786041	9.999999974752427e-07	0.03314200043678284	0.2897196114063263	0.07604538649320602	1.622538547962904e-09	9.999999974752427e-07	0.4095746576786041	0.0049764662981033325	1.622538547962904e-09	1.622538547962904e-09	0.4145510196685791	0.03333333507180214	-1.3278622645884752e-08	0.42513248324394226	9.999999974752427e-07	9.999999974752427e-07	1.622538547962904e-09	0.22580645978450775	0.012048192322254181	0.1361638456583023	-1.3278622645884752e-08	9.999999974752427e-07	-1.3278622645884752e-08	1.622538547962904e-09	0.010498279705643654	0.1361638605594635	0.030567780137062073	0.02411612868309021	1.622538547962904e-09	0.008196720853447914	0.010869565419852734	9.999999974752427e-07	0.010526316240429878	0.026113219559192657	0.019338728860020638	-2.4010660126805305e-10	-1.3278622645884752e-08	1.622538547962904e-09	-1.3278622645884752e-08	0.030567795038223267	0.2705919146537781	9.999999974752427e-07	0.26527389883995056	0.2705919146537781	0.42513248324394226	0.40957462787628174	0.030927833169698715	0.05588129162788391	1.622538547962904e-09	0.010498277842998505	0.2652738690376282	-1.3278622645884752e-08	0.012830331921577454	0.4145510792732239	0.22250455617904663	0.08634074777364731	1.622538547962904e-09	0.010498279705643654	1.622538547962904e-09	0.26527389883995056	0.036036036908626556	0.009900989942252636	0.062224678695201874	0.029082641005516052	0.009053405374288559	9.999999974752427e-07	0.012195121496915817	9.999999974752427e-07	0.008547008968889713	-1.3278622645884752e-08	1.622538547962904e-09	9.999999974752427e-07	-1.3278622645884752e-08	-1.3278622645884752e-08	1.622538547962904e-09	-1.3278622645884752e-08	1.622538547962904e-09	0.42310065031051636	0.04496558755636215	0.010405869223177433	0.2722354531288147	0.010044899769127369	0.021052632480859756	9.999999974752427e-07	0.31625211238861084	0.018691588193178177	0.05226296931505203	0.31625205278396606	0.01785714365541935	0.010989011265337467	1.622538547962904e-09	0.2722354531288147	9.999999974752427e-07	1.622538547962904e-09	0.019417475908994675	1.622538547962904e-09	9.999999974752427e-07	6.666664376098197e-07	0.2291666716337204	0.2722354531288147	9.999999974752427e-07	1.3333333299669903e-06	0.1819043606519699	0.09699185937643051	1.622538547962904e-09	0.0078512541949749	0.2722354531288147	1.622538547962904e-09	1.622538547962904e-09	0.010638297535479069	0.31625205278396606	9.999999974752427e-07	-7.275957614183426e-12	0.31625205278396606	0.010526316240429878	0.009009009227156639	1.622538547962904e-09	0.10256187617778778	1.622538547962904e-09	0.0606570690870285	0.008510754443705082	6.666664376098197e-07	-7.275957614183426e-12	9.999999974752427e-07	1.3999997463542968e-06	0.05226297304034233	0.034559715539216995	0.022432174533605576	2.255546860396862e-10	9.999999974752427e-07	9.999999974752427e-07	9.999999974752427e-07	0.008264463394880295	0.009856734424829483	0.010405868291854858	0.008394084870815277	1.622538547962904e-09	1.622538547962904e-09	0.008510754443705082	0.034559715539216995	0.18190431594848633	0.010044899769127369	0.11764705926179886	0.18190434575080872	0.31625205278396606	0.2722354531288147	0.042105261236429214	0.010405870154500008	9.999999974752427e-07	8.000001798791345e-07	0.18190434575080872	1.622538547962904e-09	0.010044898837804794	0.2722354531288147	0.10256189107894897	0.04190482199192047	9.999999974752427e-07	8.000001798791345e-07	0.00729738175868988	0.18190434575080872	1.622538547962904e-09	0.016949152573943138	0.01947261206805706	9.999999974752427e-07	2.255546860396862e-10	1.622538547962904e-09	0.011627906933426857	0.014580924063920975	9.999999974752427e-07	1.622538547962904e-09	9.999999974752427e-07	9.999999974752427e-07	1.622538547962904e-09	1.622538547962904e-09	1.622538547962904e-09	1.622538547962904e-09	6.000000212225132e-07	0.4494664669036865	0.08000115305185318	9.999999974752427e-07	0.3330483138561249	-1.3278622645884752e-08	0.034832462668418884	9.999999974752427e-07	0.38626334071159363	0.009220771491527557	0.08756303787231445	0.38626331090927124	0.01332206092774868	-1.3278622645884752e-08	9.999999974752427e-07	0.2947915494441986	9.999999974752427e-07	0.029411764815449715	9.999999974752427e-07	-1.3278622645884752e-08	0.008118398487567902	0.010526316240429878	0.2947915494441986	0.2947915196418762	-1.3278622645884752e-08	0.01075268816202879	0.2947915196418762	0.04815451800823212	-1.3278622645884752e-08	0.02777777798473835	0.2947915494441986	0.019186578691005707	9.999999974752427e-07	0.008000500500202179	0.38626325130462646	-1.3278622645884752e-08	1.622538547962904e-09	0.38626334071159363	-1.3278622645884752e-08	-1.3278622645884752e-08	-1.3278622645884752e-08	0.1528805047273636	9.999999974752427e-07	0.08756301552057266	0.009048528037965298	9.999999974752427e-07	1.622538547962904e-09	0.009130999445915222	0.02860131859779358	0.08756303787231445	0.009220770560204983	0.04123711213469505	9.999999974752427e-07	-1.3278622645884752e-08	-1.3278622645884752e-08	-1.3278622645884752e-08	0.00800371915102005	0.015048310160636902	0.029999999329447746	1.622538547962904e-09	0.00909090880304575	9.999999974752427e-07	0.009048528969287872	0.009220771491527557	0.2947915196418762	-1.3278622645884752e-08	0.15288051962852478	0.2499999850988388	0.38626328110694885	0.31386175751686096	-1.3278622645884752e-08	0.032608695328235626	0.009131006896495819	9.999999974752427e-07	0.16192904114723206	-2.4010660126805305e-10	-1.3278622645884752e-08	0.369131863117218	0.1528804898262024	0.06531748175621033	0.009131021797657013	0.028601333498954773	0.00756189227104187	0.16814157366752625	1.622538547962904e-09	-1.3278622645884752e-08	0.021052632480859756	0.009900989942252636	0.027272727340459824	9.999999974752427e-07	0.005203664302825928	0.008620689623057842	0.00704454630613327	-1.3278622645884752e-08	0.008000500500202179	0.008118398487567902	9.999999974752427e-07	-1.3278622645884752e-08	-1.3278622645884752e-08	-1.3278622645884752e-08	1.622538547962904e-09	0.4417252540588379	0.024390242993831635	9.999999974752427e-07	0.30527326464653015	0.010416666977107525	0.014637134969234467	9.999999974752427e-07	0.3760969042778015	9.999999974752427e-07	0.04878048598766327	0.3760969042778015	0.05099131911993027	9.999999974752427e-07	0.008882244117558002	0.30527329444885254	1.622538547962904e-09	1.622538547962904e-09	1.622538547962904e-09	1.622538547962904e-09	0.030414380133152008	0.012048192322254181	0.29318323731422424	0.30527329444885254	9.999999974752427e-07	0.017391303554177284	0.2670987844467163	0.06562845408916473	1.622538547962904e-09	0.010416666977107525	0.30527329444885254	1.622538547962904e-09	1.622538547962904e-09	1.622538547962904e-09	0.30527329444885254	1.622538547962904e-09	0.010526316240429878	0.3760969638824463	9.999999974752427e-07	9.999999974752427e-07	1.622538547962904e-09	0.14387741684913635	0.025641024112701416	0.07431011646986008	0.032608695328235626	9.999999974752427e-07	0.009615384973585606	1.622538547962904e-09	0.014637120068073273	0.07431010156869888	0.010309278033673763	0.04452749714255333	0.009433962404727936	9.999999974752427e-07	1.622538547962904e-09	1.622538547962904e-09	1.622538547962904e-09	1.622538547962904e-09	0.009569531306624413	1.622538547962904e-09	1.622538547962904e-09	1.622538547962904e-09	0.01123595517128706	9.999999974752427e-07	0.20471768081188202	9.999999974752427e-07	0.14387744665145874	0.2047176957130432	0.3052733242511749	0.30527329444885254	0.026084452867507935	0.009569531306624413	1.622538547962904e-09	0.010101010091602802	0.204717755317688	0.010204081423580647	0.010989011265337467	0.30527329444885254	0.14387741684913635	0.06956726312637329	1.622538547962904e-09	0.01463712751865387	9.999999974752427e-07	0.20471777021884918	0.009803921915590763	9.999999974752427e-07	0.02503982186317444	9.999999974752427e-07	9.999999974752427e-07	0.008882243186235428	0.02057691663503647	9.999999974752427e-07	1.622538547962904e-09	1.622538547962904e-09	1.622538547962904e-09	9.999999974752427e-07	1.622538547962904e-09	1.622538547962904e-09	1.622538547962904e-09	1.622538547962904e-09	1.622538547962904e-09	0.3537144362926483	0.026411600410938263	4.2857209336943924e-07	0.20192477107048035	1.622538547962904e-09	0.027027027681469917	-7.275957614183426e-12	0.28152182698249817	1.622538547962904e-09	0.026411622762680054	0.2815217971801758	0.010256588459014893	9.999999974752427e-07	1.622538547962904e-09	0.20192477107048035	9.999999974752427e-07	1.622538547962904e-09	9.999999974752427e-07	1.622538547962904e-09	0.010256589390337467	1.622538547962904e-09	0.20192474126815796	0.20192478597164154	1.622538547962904e-09	1.622538547962904e-09	0.16246558725833893	0.05873368680477142	1.622538547962904e-09	0.027633339166641235	0.20192477107048035	-1.3278622645884752e-08	1.622538547962904e-09	-1.3278622645884752e-08	0.20192483067512512	0.008206691592931747	9.999999974752427e-07	0.2740027904510498	1.622538547962904e-09	9.999999974752427e-07	1.622538547962904e-09	0.05703481286764145	1.622538547962904e-09	0.02641153335571289	0.03179077059030533	1.622538547962904e-09	9.999999974752427e-07	-1.3278622645884752e-08	0.009401541203260422	0.026411622762680054	0.009916093200445175	0.027633339166641235	4.2857209336943924e-07	1.622538547962904e-09	0.013445600867271423	0.008206691592931747	9.999999974752427e-07	0.013458997011184692	1.2857158253609668e-06	-1.3278622645884752e-08	-1.3278622645884752e-08	1.622538547962904e-09	9.999999974752427e-07	1.622538547962904e-09	0.16246557235717773	1.622538547962904e-09	0.05703481659293175	0.10570608824491501	0.2626262605190277	0.20192477107048035	0.01780684106051922	1.2857121873821598e-06	-1.3278622645884752e-08	9.999999974752427e-07	0.08882559835910797	0.009916089475154877	1.622538547962904e-09	0.20192478597164154	0.05404491350054741	0.027633339166641235	-1.3278622645884752e-08	0.009401543065905571	1.622538547962904e-09	0.1057060956954956	-1.3278622645884752e-08	0.017806850373744965	1.622538547962904e-09	1.622538547962904e-09	4.2857209336943924e-07	1.622538547962904e-09	-7.275957614183426e-12	1.622538547962904e-09	9.999999974752427e-07	1.622538547962904e-09	-1.3278622645884752e-08	9.999999974752427e-07	-1.3278622645884752e-08	0.007519088685512543	1.622538547962904e-09	9.999999974752427e-07	2.255546860396862e-10	0.5330701470375061	0.005072489380836487	5.000001692678779e-07	0.3791336119174957	0.015137098729610443	0.04571789503097534	9.999999974752427e-07	0.47317150235176086	1.622538547962904e-09	0.08930285274982452	0.47317150235176086	0.014180606231093407	0.010177051648497581	9.999999974752427e-07	0.283880352973938	-1.3278622645884752e-08	1.622538547962904e-09	0.009429067373275757	-1.3278622645884752e-08	0.007485583424568176	9.999999974752427e-07	0.2687433063983917	0.3461630940437317	0.011049933731555939	0.012431889772415161	0.21618443727493286	0.059898555278778076	-1.3278622645884752e-08	1.622538547962904e-09	0.2838802933692932	0.030927835032343864	0.04472166299819946	-1.3278622645884752e-08	0.39345017075538635	1.622538547962904e-09	-1.3278622645884752e-08	0.39345014095306396	0.011049933731555939	0.010177051648497581	-1.3278622645884752e-08	0.16346153616905212	0.04000958055257797	0.08930287510156631	-1.3278622645884752e-08	0.010416666977107525	-1.3278622645884752e-08	0.014316469430923462	0.036288827657699585	0.08930285274982452	1.622538547962904e-09	0.0478060245513916	5.000001692678779e-07	0.028037382289767265	1.622538547962904e-09	1.622538547962904e-09	-1.3278622645884752e-08	-1.3278622645884752e-08	1.5000005078036338e-06	1.622538547962904e-09	-1.3278622645884752e-08	9.999999974752427e-07	-1.3278622645884752e-08	1.622538547962904e-09	0.21618443727493286	0.015137098729610443	0.171462744474411	0.21618443727493286	0.39345014095306396	0.3461630940437317	0.05255882441997528	0.005072489380836487	9.999999974752427e-07	0.02286946028470993	0.1714627593755722	1.622538547962904e-09	0.01513710618019104	0.37913358211517334	0.1495407670736313	0.06023794412612915	0.014316461980342865	0.02286946028470993	0.008695651777088642	0.1714627593755722	1.622538547962904e-09	0.010177051648497581	0.012431896291673183	1.622538547962904e-09	5.000001692678779e-07	9.999999974752427e-07	0.0066950395703315735	0.007796458899974823	-1.3278622645884752e-08	0.030927835032343864	-1.3278622645884752e-08	0.007485583424568176	-1.3278622645884752e-08	0.02777777798473835	-1.3278622645884752e-08	9.999999974752427e-07	0.008695651777088642	0.3669218420982361	0.04854368790984154	5.000001692678779e-07	0.19233903288841248	1.622538547962904e-09	0.021178677678108215	0.01907866820693016	0.26595741510391235	9.999999974752427e-07	0.0752153992652893	0.2984440326690674	0.01907867193222046	9.999999974752427e-07	0.010416666977107525	0.19233903288841248	0.010324249044060707	0.007624365389347076	1.622538547962904e-09	1.622538547962904e-09	1.622538547962904e-09	9.999999974752427e-07	0.19233901798725128	0.19233904778957367	1.622538547962904e-09	0.026356376707553864	0.16347560286521912	0.04025731980800629	1.622538547962904e-09	1.622538547962904e-09	0.19233901798725128	1.622538547962904e-09	0.015332028269767761	0.0117647061124444	0.24910278618335724	0.01778506115078926	-1.3278622645884752e-08	0.24910277128219604	1.622538547962904e-09	9.999999974752427e-07	1.622538547962904e-09	0.1170303225517273	0.015458554029464722	0.0752154290676117	-1.3278622645884752e-08	0.00909090880304575	-1.3278622645884752e-08	0.009573204442858696	0.02117867022752762	0.0752154216170311	0.018691588193178177	0.015458546578884125	5.000001692678779e-07	0.005539216101169586	1.622538547962904e-09	0.01778506115078926	9.999999974752427e-07	0.02822047472000122	1.5000005078036338e-06	1.622538547962904e-09	9.999999974752427e-07	9.999999974752427e-07	-1.3278622645884752e-08	9.999999974752427e-07	0.16347560286521912	1.622538547962904e-09	0.14051920175552368	0.16347560286521912	0.24910280108451843	0.19233901798725128	0.011078406125307083	0.010101010091602802	0.009573204442858696	0.009177442640066147	0.14051921665668488	0.008695651777088642	1.622538547962904e-09	0.2222222089767456	0.11703035235404968	0.04181492328643799	0.011904762126505375	0.009177440777420998	0.010869565419852734	0.14051920175552368	-1.3278622645884752e-08	0.005539216101169586	0.026356376707553864	1.622538547962904e-09	5.000001692678779e-07	0.009999999776482582	0.01907867006957531	1.622538547962904e-09	0.010324249044060707	9.999999974752427e-07	9.999999974752427e-07	1.622538547962904e-09	9.999999974752427e-07	9.999999974752427e-07	1.622538547962904e-09	9.999999974752427e-07	0.012001216411590576	0.43699365854263306	0.05826278030872345	9.999999974752427e-07	0.2679571807384491	9.999999974752427e-07	0.04900255799293518	1.622538547962904e-09	0.3783048987388611	0.009493403136730194	0.06596280634403229	0.3783048987388611	1.622538547962904e-09	9.999999974752427e-07	0.01123595517128706	0.2679571509361267	-2.4010660126805305e-10	1.622538547962904e-09	-1.3278622645884752e-08	1.622538547962904e-09	1.622538547962904e-09	6.666664376098197e-07	0.2545320391654968	0.2679571509361267	0.010989011265337467	1.3333333299669903e-06	0.20756608247756958	0.04900254309177399	1.622538547962904e-09	0.005720056593418121	0.2679571509361267	1.622538547962904e-09	0.01575428992509842	0.010256909765303135	0.37830477952957153	0.01601792871952057	-2.4010660126805305e-10	0.37830477952957153	0.019911106675863266	9.999999974752427e-07	1.622538547962904e-09	0.1568257212638855	0.013005435466766357	0.11561180651187897	0.01815195381641388	6.666664376098197e-07	0.01815195381641388	0.010526316240429878	0.049002498388290405	0.06741572916507721	0.03269492834806442	0.018725495785474777	0.00909090880304575	-2.4010660126805305e-10	1.622538547962904e-09	0.00917431153357029	0.009686233475804329	0.00968623161315918	0.025567827746272087	9.999999974752427e-07	0.043478261679410934	0.01575428992509842	-2.4010660126805305e-10	0.009493403136730194	0.20756609737873077	9.999999974752427e-07	0.15682576596736908	0.20756609737873077	0.37830477952957153	0.2679571211338043	0.030948013067245483	0.025567827746272087	9.999999974752427e-07	9.999999974752427e-07	0.17497771978378296	0.009708737954497337	0.00909090880304575	0.31831997632980347	0.1568257361650467	0.04121395945549011	0.04972793161869049	0.010204081423580647	0.007700018584728241	0.19181180000305176	9.999999974752427e-07	0.011036910116672516	0.022488445043563843	0.016806723549962044	9.999999974752427e-07	0.009615384973585606	1.622538547962904e-09	1.622538547962904e-09	-2.4010660126805305e-10	1.622538547962904e-09	9.999999974752427e-07	1.622538547962904e-09	0.009803921915590763	1.622538547962904e-09	1.622538547962904e-09	1.622538547962904e-09	9.999999974752427e-07	0.3545213043689728	0.02059110254049301	0.010625112801790237	0.21123084425926208	0.02664199471473694	0.0061219222843647	9.999999974752427e-07	0.3018166422843933	0.006626579910516739	0.02059112675487995	0.3018166720867157	0.01864650845527649	-1.3278622645884752e-08	1.622538547962904e-09	0.1669045239686966	0.015181045979261398	9.999999974752427e-07	1.622538547962904e-09	1.622538547962904e-09	0.010238776914775372	1.622538547962904e-09	0.14026254415512085	0.2112308144569397	-1.3278622645884752e-08	1.622538547962904e-09	0.14026251435279846	0.024768419563770294	1.622538547962904e-09	1.622538547962904e-09	0.2112308144569397	-1.3278622645884752e-08	0.011363636702299118	6.912159733474255e-10	0.23242251574993134	-1.3278622645884752e-08	0.006100691854953766	0.29567739367485046	-1.3278622645884752e-08	-1.3278622645884752e-08	1.622538547962904e-09	0.09294700622558594	1.622538547962904e-09	0.06100180745124817	0.01366463303565979	1.622538547962904e-09	0.007563948631286621	0.011995955370366573	0.0061219483613967896	0.030612245202064514	0.00662657618522644	9.073119144886732e-09	-2.4010660126805305e-10	-1.3278622645884752e-08	-1.3278622645884752e-08	-1.3278622645884752e-08	9.999999974752427e-07	0.027936100959777832	0.010625114664435387	0.027522936463356018	0.007871739566326141	9.999999974752427e-07	1.622538547962904e-09	0.006626579910516739	0.14026251435279846	0.010101010091602802	0.09294699132442474	0.14026251435279846	0.29567742347717285	0.21123076975345612	-1.3278622645884752e-08	0.013964534737169743	0.011995954439043999	0.0061219483613967896	0.10661163181066513	1.622538547962904e-09	0.02664199471473694	0.2191026210784912	0.061001840978860855	1.622538547962904e-09	0.013319892808794975	0.0061219483613967896	1.622538547962904e-09	0.10661161690950394	9.999999974752427e-07	-1.3278622645884752e-08	1.622538547962904e-09	1.622538547962904e-09	-2.4010660126805305e-10	1.622538547962904e-09	9.999999974752427e-07	1.622538547962904e-09	0.015181045979261398	1.622538547962904e-09	6.912159733474255e-10	0.010238775983452797	0.007871739566326141	0.006139293313026428	1.622538547962904e-09	9.999999974752427e-07	1.622538547962904e-09	0.36081427335739136	0.07295437157154083	0.008505983278155327	0.2816368341445923	0.009365733712911606	0.026101619005203247	-1.3278622645884752e-08	0.3097529113292694	8.000001798791345e-07	0.07295437157154083	0.3097529113292694	-1.3278622645884752e-08	2.255546860396862e-10	-5.828042048960924e-09	0.22092559933662415	0.024959877133369446	-1.3278622645884752e-08	1.622538547962904e-09	1.622538547962904e-09	-1.3278622645884752e-08	9.999999974752427e-07	0.21155986189842224	0.22092559933662415	2.255546860396862e-10	0.00917431153357029	0.1840570569038391	0.026101604104042053	1.622538547962904e-09	-5.828042048960924e-09	0.22092559933662415	1.622538547962904e-09	-1.3278622645884752e-08	0.008564604446291924	0.2986621558666229	1.622538547962904e-09	9.999999974752427e-07	0.2986621558666229	2.255546860396862e-10	2.255546860396862e-10	1.622538547962904e-09	0.1273503601551056	-5.828042048960924e-09	0.08163265138864517	0.01516491174697876	0.008196720853447914	9.999999974752427e-07	-2.4010660126805305e-10	0.026101619005203247	0.07547169923782349	1.3999997463542968e-06	0.015599853359162807	0.01042632944881916	0.009330726228654385	0.018172089010477066	1.622538547962904e-09	1.622538547962904e-09	0.024959877133369446	0.028257330879569054	9.999999974752427e-07	0.008460652083158493	-1.3278622645884752e-08	9.999999974752427e-07	8.000001798791345e-07	0.14251525700092316	0.009365729987621307	0.1273503601551056	0.14251527190208435	0.2986621558666229	0.2816368341445923	0.00933072715997696	0.05747126415371895	-2.4010660126805305e-10	9.999999974752427e-07	0.14251521229743958	6.000000212225132e-07	0.009365737438201904	0.29009753465652466	0.1273503601551056	0.04308461770415306	-2.4010660126805305e-10	0.009282229468226433	1.622538547962904e-09	0.14251525700092316	9.999999974752427e-07	2.255546860396862e-10	0.027484744787216187	0.017241379246115685	0.009325018152594566	-5.828042048960924e-09	-1.3278622645884752e-08	0.015599831938743591	0.02495986968278885	-2.4010660126805305e-10	9.999999974752427e-07	-1.3278622645884752e-08	0.008460652083158493	0.011090751737356186	1.622538547962904e-09	9.999999974752427e-07	0.016819393262267113
97	-15547.466796875	-1	9	57	76	75	26	89	10	62	48	0	26	84	41	29	91	66	5	0	11	24	14	68	37	85	21	0	0	50	22	3	66	33	67	21	43	7	69	12	0	65	50	77	73	24	43	79	5	42	1	78	57	69	21	34	56	0	70	42	76	31	43	49	25	4	73	63	36	3	21	1	46	80	82	49	14	33	40	77	33	47	9	66	48	69	78	85	57	13	11	50	56	7	32	19	59	7	0	97	47	0.5437127351760864	0.08644906431436539	0.010285336524248123	0.4145510792732239	0.012830331921577454	0.010498285293579102	0.010526316240429878	0.4251323938369751	9.999999974752427e-07	0.08644905686378479	0.44155392050743103	0.06554713845252991	9.999999974752427e-07	9.999999974752427e-07	0.4095746874809265	9.999999974752427e-07	0.005317971110343933	1.622538547962904e-09	1.622538547962904e-09	9.999999974752427e-07	0.02298850566148758	0.39674437046051025	0.4095746576786041	9.999999974752427e-07	0.03314200043678284	0.2897196114063263	0.07604541629552841	1.622538547962904e-09	9.999999974752427e-07	0.4095746576786041	0.0049764662981033325	1.622538547962904e-09	1.622538547962904e-09	0.4145510196685791	0.03333333507180214	-1.3278622645884752e-08	0.42513248324394226	9.999999974752427e-07	9.999999974752427e-07	1.622538547962904e-09	0.22580645978450775	0.012048192322254181	0.1361638456583023	-1.3278622645884752e-08	9.999999974752427e-07	-1.3278622645884752e-08	1.622538547962904e-09	0.01049828715622425	0.1361638605594635	0.030567780137062073	0.02411612868309021	1.622538547962904e-09	0.008196720853447914	0.010869565419852734	9.999999974752427e-07	0.010526316240429878	0.02611328661441803	0.019338728860020638	-2.4010660126805305e-10	-1.3278622645884752e-08	1.622538547962904e-09	-1.3278622645884752e-08	0.030567795038223267	0.2705919146537781	9.999999974752427e-07	0.26527389883995056	0.2705919146537781	0.4251324534416199	0.40957462787628174	0.030927833169698715	0.05588129162788391	1.622538547962904e-09	0.0104982890188694	0.2652738690376282	-1.3278622645884752e-08	0.012830331921577454	0.4145510792732239	0.22250455617904663	0.08634074777364731	1.622538547962904e-09	0.01049828715622425	1.622538547962904e-09	0.26527389883995056	0.036036036908626556	0.009900989942252636	0.062224678695201874	0.029082641005516052	0.009053405374288559	9.999999974752427e-07	0.012195121496915817	9.999999974752427e-07	0.008547008968889713	-1.3278622645884752e-08	1.622538547962904e-09	9.999999974752427e-07	-1.3278622645884752e-08	-1.3278622645884752e-08	1.622538547962904e-09	1.622538547962904e-09	1.622538547962904e-09	0.42310068011283875	0.04496558755636215	0.010405869223177433	0.2722354531288147	0.010044899769127369	0.021052632480859756	9.999999974752427e-07	0.31625205278396606	0.018691588193178177	0.05226296931505203	0.31625205278396606	0.01785714365541935	0.010989011265337467	1.622538547962904e-09	0.2722354531288147	9.999999974752427e-07	1.622538547962904e-09	0.019417475908994675	1.622538547962904e-09	9.999999974752427e-07	6.666664376098197e-07	0.2291666716337204	0.2722354531288147	9.999999974752427e-07	1.3333333299669903e-06	0.1819043606519699	0.09699182957410812	1.622538547962904e-09	0.0078512541949749	0.2722354531288147	1.622538547962904e-09	1.622538547962904e-09	0.010638297535479069	0.31625205278396606	9.999999974752427e-07	-7.275957614183426e-12	0.31625205278396606	0.010526316240429878	0.009009009227156639	1.622538547962904e-09	0.10256187617778778	1.622538547962904e-09	0.0606570690870285	0.008510754443705082	6.666664376098197e-07	-7.275957614183426e-12	9.999999974752427e-07	1.3999997463542968e-06	0.05226297304034233	0.034559715539216995	0.022432174533605576	2.255546860396862e-10	9.999999974752427e-07	9.999999974752427e-07	9.999999974752427e-07	0.008264463394880295	0.0098566934466362	0.010405868291854858	0.008394084870815277	1.622538547962904e-09	1.622538547962904e-09	0.008510754443705082	0.034559715539216995	0.18190431594848633	0.010044899769127369	0.11764705926179886	0.18190434575080872	0.31625205278396606	0.2722354531288147	0.042105261236429214	0.010405870154500008	9.999999974752427e-07	8.000001798791345e-07	0.18190434575080872	1.622538547962904e-09	0.010044898837804794	0.2722354531288147	0.10256189107894897	0.04190482199192047	9.999999974752427e-07	8.000001798791345e-07	0.00729738175868988	0.18190434575080872	1.622538547962904e-09	0.016949152573943138	0.01947261206805706	9.999999974752427e-07	2.255546860396862e-10	1.622538547962904e-09	0.011627906933426857	0.014580924063920975	9.999999974752427e-07	1.622538547962904e-09	9.999999974752427e-07	9.999999974752427e-07	1.622538547962904e-09	1.622538547962904e-09	1.622538547962904e-09	1.622538547962904e-09	6.000000212225132e-07	0.449466347694397	0.08000115305185318	9.999999974752427e-07	0.3330483138561249	-1.3278622645884752e-08	0.03483249247074127	9.999999974752427e-07	0.38626334071159363	0.009220771491527557	0.08756303787231445	0.38626331090927124	0.013322077691555023	-1.3278622645884752e-08	9.999999974752427e-07	0.2947915494441986	9.999999974752427e-07	0.029411764815449715	9.999999974752427e-07	-1.3278622645884752e-08	0.008118398487567902	0.010526316240429878	0.2947915494441986	0.2947915196418762	-1.3278622645884752e-08	0.01075268816202879	0.2947915196418762	0.0481545627117157	-1.3278622645884752e-08	0.02777777798473835	0.2947915494441986	0.019186578691005707	9.999999974752427e-07	0.008000500500202179	0.38626328110694885	-1.3278622645884752e-08	1.622538547962904e-09	0.38626328110694885	-1.3278622645884752e-08	-1.3278622645884752e-08	-1.3278622645884752e-08	0.1528805047273636	9.999999974752427e-07	0.08756301552057266	0.009048528037965298	9.999999974752427e-07	1.622538547962904e-09	0.009131014347076416	0.02860131859779358	0.08756303787231445	0.009220770560204983	0.04123711213469505	9.999999974752427e-07	-1.3278622645884752e-08	-1.3278622645884752e-08	-1.3278622645884752e-08	0.008003734052181244	0.01504833996295929	0.029999999329447746	1.622538547962904e-09	0.00909090880304575	9.999999974752427e-07	0.009048528969287872	0.009220771491527557	0.2947915196418762	-1.3278622645884752e-08	0.15288051962852478	0.2499999850988388	0.38626334071159363	0.31386175751686096	-1.3278622645884752e-08	0.032608695328235626	0.009131021797657013	9.999999974752427e-07	0.16192904114723206	-2.4010660126805305e-10	-1.3278622645884752e-08	0.36913183331489563	0.1528804898262024	0.06531748175621033	0.009130991995334625	0.028601333498954773	0.00756189227104187	0.16814157366752625	1.622538547962904e-09	-1.3278622645884752e-08	0.021052632480859756	0.009900989942252636	0.027272727340459824	9.999999974752427e-07	0.005203664302825928	0.008620689623057842	0.007044576108455658	-1.3278622645884752e-08	0.008000493049621582	0.008118398487567902	9.999999974752427e-07	-1.3278622645884752e-08	-1.3278622645884752e-08	-1.3278622645884752e-08	1.622538547962904e-09	0.4417252838611603	0.024390242993831635	9.999999974752427e-07	0.30527326464653015	0.010416666977107525	0.014637120068073273	9.999999974752427e-07	0.3760969042778015	9.999999974752427e-07	0.04878048598766327	0.3760969340801239	0.05099129676818848	9.999999974752427e-07	0.008882244117558002	0.30527329444885254	1.622538547962904e-09	1.622538547962904e-09	1.622538547962904e-09	1.622538547962904e-09	0.03041437268257141	0.012048192322254181	0.29318323731422424	0.30527329444885254	9.999999974752427e-07	0.017391303554177284	0.2670987844467163	0.06562843918800354	1.622538547962904e-09	0.010416666977107525	0.30527329444885254	1.622538547962904e-09	1.622538547962904e-09	1.622538547962904e-09	0.30527329444885254	1.622538547962904e-09	0.010526316240429878	0.3760969042778015	9.999999974752427e-07	9.999999974752427e-07	1.622538547962904e-09	0.14387741684913635	0.025641024112701416	0.07431011646986008	0.032608695328235626	9.999999974752427e-07	0.009615384973585606	1.622538547962904e-09	0.014637105166912079	0.07431010156869888	0.010309278033673763	0.04452749714255333	0.009433962404727936	9.999999974752427e-07	1.622538547962904e-09	1.622538547962904e-09	1.622538547962904e-09	1.622538547962904e-09	0.009569531306624413	1.622538547962904e-09	1.622538547962904e-09	1.622538547962904e-09	0.01123595517128706	9.999999974752427e-07	0.20471768081188202	9.999999974752427e-07	0.14387744665145874	0.2047176957130432	0.3052733242511749	0.30527329444885254	0.026084452867507935	0.009569531306624413	1.622538547962904e-09	0.010101010091602802	0.204717755317688	0.010204081423580647	0.010989011265337467	0.30527329444885254	0.14387741684913635	0.06956726312637329	1.622538547962904e-09	0.014637112617492676	9.999999974752427e-07	0.20471777021884918	0.009803921915590763	9.999999974752427e-07	0.02503982186317444	9.999999974752427e-07	9.999999974752427e-07	0.008882243186235428	0.02057690918445587	9.999999974752427e-07	1.622538547962904e-09	1.622538547962904e-09	1.622538547962904e-09	9.999999974752427e-07	1.622538547962904e-09	1.622538547962904e-09	1.622538547962904e-09	1.622538547962904e-09	1.622538547962904e-09	0.3537144660949707	0.026411600410938263	4.2857209336943924e-07	0.20192477107048035	1.622538547962904e-09	0.027027027681469917	-7.275957614183426e-12	0.28152182698249817	1.622538547962904e-09	0.026411622762680054	0.2815217971801758	0.010256588459014893	9.999999974752427e-07	1.622538547962904e-09	0.20192477107048035	9.999999974752427e-07	1.622538547962904e-09	9.999999974752427e-07	1.622538547962904e-09	0.010256589390337467	1.622538547962904e-09	0.20192474126815796	0.20192478597164154	1.622538547962904e-09	1.622538547962904e-09	0.16246558725833893	0.05873367190361023	1.622538547962904e-09	0.027633339166641235	0.20192477107048035	-1.3278622645884752e-08	1.622538547962904e-09	-1.3278622645884752e-08	0.20192483067512512	0.008206691592931747	9.999999974752427e-07	0.2740027904510498	1.622538547962904e-09	9.999999974752427e-07	1.622538547962904e-09	0.05703481286764145	1.622538547962904e-09	0.02641153335571289	0.03179077059030533	1.622538547962904e-09	9.999999974752427e-07	-1.3278622645884752e-08	0.009401541203260422	0.026411622762680054	0.009916093200445175	0.027633339166641235	4.2857209336943924e-07	1.622538547962904e-09	0.013445600867271423	0.008206691592931747	9.999999974752427e-07	0.013458967208862305	1.2857158253609668e-06	-1.3278622645884752e-08	-1.3278622645884752e-08	1.622538547962904e-09	9.999999974752427e-07	1.622538547962904e-09	0.16246557235717773	1.622538547962904e-09	0.05703481659293175	0.10570608824491501	0.2626262605190277	0.20192477107048035	0.01780684106051922	1.2857121873821598e-06	-1.3278622645884752e-08	9.999999974752427e-07	0.08882559835910797	0.009916089475154877	1.622538547962904e-09	0.20192478597164154	0.05404491350054741	0.027633339166641235	-1.3278622645884752e-08	0.009401543065905571	1.622538547962904e-09	0.1057060956954956	-1.3278622645884752e-08	0.017806850373744965	1.622538547962904e-09	1.622538547962904e-09	4.2857209336943924e-07	1.622538547962904e-09	-7.275957614183426e-12	1.622538547962904e-09	9.999999974752427e-07	1.622538547962904e-09	-1.3278622645884752e-08	9.999999974752427e-07	-1.3278622645884752e-08	0.007519088685512543	1.622538547962904e-09	1.622538547962904e-09	2.255546860396862e-10	0.5330700874328613	0.005072489380836487	5.000001692678779e-07	0.3791336119174957	0.015137098729610443	0.04571790248155594	9.999999974752427e-07	0.47317150235176086	1.622538547962904e-09	0.08930285274982452	0.47317150235176086	0.014180630445480347	0.010177051648497581	9.999999974752427e-07	0.283880352973938	-1.3278622645884752e-08	1.622538547962904e-09	0.009429072961211205	-1.3278622645884752e-08	0.007485575973987579	9.999999974752427e-07	0.2687433063983917	0.3461630940437317	0.011049933731555939	0.012431889772415161	0.21618443727493286	0.05989854037761688	-1.3278622645884752e-08	1.622538547962904e-09	0.2838802933692932	0.030927835032343864	0.04472166299819946	-1.3278622645884752e-08	0.39345017075538635	1.622538547962904e-09	-1.3278622645884752e-08	0.39345014095306396	0.011049933731555939	0.010177051648497581	-1.3278622645884752e-08	0.16346153616905212	0.04000958055257797	0.08930287510156631	-1.3278622645884752e-08	0.010416666977107525	-1.3278622645884752e-08	0.014316469430923462	0.03628883510828018	0.08930285274982452	1.622538547962904e-09	0.0478060245513916	5.000001692678779e-07	0.028037382289767265	1.622538547962904e-09	1.622538547962904e-09	-1.3278622645884752e-08	-1.3278622645884752e-08	1.5000005078036338e-06	1.622538547962904e-09	-1.3278622645884752e-08	9.999999974752427e-07	-1.3278622645884752e-08	1.622538547962904e-09	0.21618443727493286	0.015137098729610443	0.171462744474411	0.21618443727493286	0.39345014095306396	0.3461630940437317	0.05255882441997528	0.005072489380836487	9.999999974752427e-07	0.02286946028470993	0.1714627593755722	1.622538547962904e-09	0.01513710618019104	0.37913358211517334	0.1495407670736313	0.06023794412612915	0.014316461980342865	0.02286946028470993	0.008695651777088642	0.1714627593755722	1.622538547962904e-09	0.010177051648497581	0.012431896291673183	1.622538547962904e-09	5.000001692678779e-07	9.999999974752427e-07	0.0066950321197509766	0.007796458899974823	-1.3278622645884752e-08	0.030927835032343864	-1.3278622645884752e-08	0.007485579699277878	-1.3278622645884752e-08	0.02777777798473835	-1.3278622645884752e-08	-1.3278622645884752e-08	0.008695651777088642	0.3669218122959137	0.04854368790984154	5.000001692678779e-07	0.19233903288841248	1.622538547962904e-09	0.021178647875785828	0.01907866820693016	0.26595741510391235	9.999999974752427e-07	0.0752153992652893	0.2984440326690674	0.019078657031059265	9.999999974752427e-07	0.010416666977107525	0.19233903288841248	0.010324249044060707	0.007624365389347076	1.622538547962904e-09	1.622538547962904e-09	1.622538547962904e-09	9.999999974752427e-07	0.19233901798725128	0.19233904778957367	1.622538547962904e-09	0.026356376707553864	0.16347560286521912	0.04025731980800629	1.622538547962904e-09	1.622538547962904e-09	0.19233901798725128	1.622538547962904e-09	0.015332028269767761	0.0117647061124444	0.24910278618335724	0.01778506115078926	-1.3278622645884752e-08	0.24910277128219604	1.622538547962904e-09	9.999999974752427e-07	1.622538547962904e-09	0.1170303225517273	0.015458554029464722	0.0752154290676117	-1.3278622645884752e-08	0.00909090880304575	-1.3278622645884752e-08	0.009573204442858696	0.021178655326366425	0.0752154216170311	0.018691588193178177	0.015458546578884125	5.000001692678779e-07	0.005539216101169586	1.622538547962904e-09	0.01778506115078926	9.999999974752427e-07	0.02822045236825943	1.5000005078036338e-06	1.622538547962904e-09	9.999999974752427e-07	9.999999974752427e-07	-1.3278622645884752e-08	9.999999974752427e-07	0.16347560286521912	1.622538547962904e-09	0.14051920175552368	0.16347560286521912	0.24910280108451843	0.19233901798725128	0.011078406125307083	0.010101010091602802	0.009573204442858696	0.009177438914775848	0.14051921665668488	0.008695651777088642	1.622538547962904e-09	0.2222222089767456	0.11703035235404968	0.04181492328643799	0.011904762126505375	0.009177440777420998	0.010869565419852734	0.14051920175552368	-1.3278622645884752e-08	0.005539216101169586	0.026356376707553864	1.622538547962904e-09	5.000001692678779e-07	0.009999999776482582	0.01907866634428501	1.622538547962904e-09	0.010324249044060707	9.999999974752427e-07	9.999999974752427e-07	1.622538547962904e-09	9.999999974752427e-07	9.999999974752427e-07	1.622538547962904e-09	1.622538547962904e-09	0.012001212686300278	0.4369935989379883	0.05826278030872345	9.999999974752427e-07	0.2679571807384491	9.999999974752427e-07	0.04900255799293518	1.622538547962904e-09	0.3783048689365387	0.009493403136730194	0.06596280634403229	0.3783048391342163	1.622538547962904e-09	9.999999974752427e-07	0.01123595517128706	0.2679571509361267	-2.4010660126805305e-10	1.622538547962904e-09	-1.3278622645884752e-08	1.622538547962904e-09	1.622538547962904e-09	6.666664376098197e-07	0.2545320391654968	0.2679571509361267	0.010989011265337467	1.3333333299669903e-06	0.20756608247756958	0.04900256544351578	1.622538547962904e-09	0.005720056593418121	0.2679571509361267	1.622538547962904e-09	0.01575428992509842	0.010256932117044926	0.3783048391342163	0.01601792871952057	-2.4010660126805305e-10	0.3783048391342163	0.019911106675863266	9.999999974752427e-07	1.622538547962904e-09	0.1568257212638855	0.013005435466766357	0.11561180651187897	0.01815195381641388	6.666664376098197e-07	0.01815195381641388	0.010526316240429878	0.04900252819061279	0.06741572916507721	0.03269492834806442	0.018725495785474777	0.00909090880304575	-2.4010660126805305e-10	1.622538547962904e-09	0.00917431153357029	0.009686270728707314	0.009686268866062164	0.025567827746272087	9.999999974752427e-07	0.043478261679410934	0.01575428992509842	-2.4010660126805305e-10	0.009493403136730194	0.20756609737873077	9.999999974752427e-07	0.15682576596736908	0.20756609737873077	0.3783048391342163	0.2679571211338043	0.030948013067245483	0.025567827746272087	9.999999974752427e-07	9.999999974752427e-07	0.17497771978378296	0.009708737954497337	0.00909090880304575	0.31832000613212585	0.1568257361650467	0.04121395945549011	0.04972796142101288	0.010204081423580647	0.007700018584728241	0.19181180000305176	9.999999974752427e-07	0.011036910116672516	0.022488445043563843	0.016806723549962044	9.999999974752427e-07	0.009615384973585606	1.622538547962904e-09	1.622538547962904e-09	-2.4010660126805305e-10	1.622538547962904e-09	9.999999974752427e-07	1.622538547962904e-09	0.009803921915590763	1.622538547962904e-09	1.622538547962904e-09	1.622538547962904e-09	9.999999974752427e-07	0.3545212745666504	0.02059110254049301	0.010625112801790237	0.21123084425926208	0.02664199471473694	0.006121944636106491	9.999999974752427e-07	0.3018167018890381	0.006626579910516739	0.02059112675487995	0.3018167018890381	0.018646493554115295	-1.3278622645884752e-08	1.622538547962904e-09	0.1669045239686966	0.015181045979261398	9.999999974752427e-07	1.622538547962904e-09	1.622538547962904e-09	0.010238776914775372	1.622538547962904e-09	0.14026254415512085	0.2112308144569397	-1.3278622645884752e-08	1.622538547962904e-09	0.14026251435279846	0.024768434464931488	1.622538547962904e-09	1.622538547962904e-09	0.2112308144569397	-1.3278622645884752e-08	0.011363636702299118	6.912159733474255e-10	0.23242251574993134	-1.3278622645884752e-08	0.006100691854953766	0.29567742347717285	-1.3278622645884752e-08	-1.3278622645884752e-08	1.622538547962904e-09	0.09294700622558594	1.622538547962904e-09	0.06100180745124817	0.01366463303565979	1.622538547962904e-09	0.007563948631286621	0.011995955370366573	0.006121933460235596	0.030612245202064514	0.00662657618522644	9.073119144886732e-09	-2.4010660126805305e-10	-1.3278622645884752e-08	-1.3278622645884752e-08	-1.3278622645884752e-08	9.999999974752427e-07	0.027936100959777832	0.010625114664435387	0.027522936463356018	0.007871739566326141	9.999999974752427e-07	1.622538547962904e-09	0.006626579910516739	0.14026251435279846	0.010101010091602802	0.09294699132442474	0.14026251435279846	0.29567742347717285	0.21123076975345612	-1.3278622645884752e-08	0.013964534737169743	0.011995954439043999	0.0061219483613967896	0.10661163181066513	1.622538547962904e-09	0.02664199471473694	0.2191026210784912	0.061001840978860855	1.622538547962904e-09	0.013319892808794975	0.006121940910816193	1.622538547962904e-09	0.10661161690950394	9.999999974752427e-07	-1.3278622645884752e-08	1.622538547962904e-09	1.622538547962904e-09	-2.4010660126805305e-10	1.622538547962904e-09	9.999999974752427e-07	1.622538547962904e-09	0.015181045979261398	1.622538547962904e-09	6.912159733474255e-10	0.010238775983452797	0.007871739566326141	0.006139293313026428	1.622538547962904e-09	1.622538547962904e-09	1.622538547962904e-09	0.3608143925666809	0.07295437157154083	0.008505983278155327	0.2816368341445923	0.009365733712911606	0.026101574301719666	-1.3278622645884752e-08	0.309752881526947	8.000001798791345e-07	0.07295437157154083	0.309752881526947	-1.3278622645884752e-08	2.255546860396862e-10	-5.828042048960924e-09	0.22092559933662415	0.02495981752872467	-1.3278622645884752e-08	1.622538547962904e-09	1.622538547962904e-09	-1.3278622645884752e-08	9.999999974752427e-07	0.21155986189842224	0.22092559933662415	2.255546860396862e-10	0.00917431153357029	0.1840570569038391	0.02610155940055847	1.622538547962904e-09	-5.828042048960924e-09	0.22092559933662415	1.622538547962904e-09	-1.3278622645884752e-08	0.008564628660678864	0.29866212606430054	1.622538547962904e-09	9.999999974752427e-07	0.2986621558666229	2.255546860396862e-10	2.255546860396862e-10	1.622538547962904e-09	0.1273503601551056	-5.828042048960924e-09	0.08163265138864517	0.01516491174697876	0.008196720853447914	9.999999974752427e-07	-2.4010660126805305e-10	0.02610158920288086	0.07547169923782349	1.3999997463542968e-06	0.015599853359162807	0.01042632944881916	0.009330726228654385	0.018172089010477066	1.622538547962904e-09	1.622538547962904e-09	0.02495981752872467	0.028257330879569054	9.999999974752427e-07	0.008460663259029388	-1.3278622645884752e-08	9.999999974752427e-07	8.000001798791345e-07	0.14251525700092316	0.009365729987621307	0.1273503601551056	0.14251527190208435	0.29866212606430054	0.2816368341445923	0.00933072715997696	0.05747126415371895	-2.4010660126805305e-10	9.999999974752427e-07	0.14251521229743958	6.000000212225132e-07	0.009365737438201904	0.29009753465652466	0.1273503601551056	0.04308461770415306	-2.4010660126805305e-10	0.009282207116484642	1.622538547962904e-09	0.14251525700092316	9.999999974752427e-07	2.255546860396862e-10	0.027484744787216187	0.017241379246115685	0.009325018152594566	-5.828042048960924e-09	-1.3278622645884752e-08	0.015599831938743591	0.024959824979305267	-2.4010660126805305e-10	9.999999974752427e-07	-1.3278622645884752e-08	0.00846065953373909	0.011090729385614395	1.622538547962904e-09	1.622538547962904e-09	0.01681937463581562
98	-15547.466796875	-1	9	57	76	75	26	89	10	62	48	0	26	84	41	29	91	66	5	0	11	24	14	68	37	85	21	0	0	50	22	3	66	33	67	21	43	7	69	12	0	65	50	77	73	24	43	79	5	42	1	78	57	69	21	34	56	0	70	42	76	31	43	49	25	4	73	63	36	3	21	1	46	80	82	49	14	33	40	77	33	47	9	66	48	69	78	85	57	13	11	50	56	7	32	19	59	7	0	99	47	0.5437127947807312	0.08644906431436539	0.010285336524248123	0.4145510792732239	0.012830331921577454	0.010498270392417908	0.010526316240429878	0.4251323938369751	9.999999974752427e-07	0.08644905686378479	0.44155389070510864	0.06554713845252991	9.999999974752427e-07	9.999999974752427e-07	0.4095746874809265	9.999999974752427e-07	0.005317971110343933	1.622538547962904e-09	1.622538547962904e-09	9.999999974752427e-07	0.02298850566148758	0.39674437046051025	0.4095746576786041	9.999999974752427e-07	0.03314200043678284	0.2897196114063263	0.07604539394378662	1.622538547962904e-09	9.999999974752427e-07	0.4095746576786041	0.0049764662981033325	1.622538547962904e-09	1.622538547962904e-09	0.4145510196685791	0.03333333507180214	-1.3278622645884752e-08	0.42513248324394226	9.999999974752427e-07	9.999999974752427e-07	1.622538547962904e-09	0.22580645978450775	0.012048192322254181	0.1361638456583023	-1.3278622645884752e-08	9.999999974752427e-07	-1.3278622645884752e-08	1.622538547962904e-09	0.010498279705643654	0.1361638605594635	0.030567780137062073	0.02411612868309021	1.622538547962904e-09	0.008196720853447914	0.010869565419852734	9.999999974752427e-07	0.010526316240429878	0.026113219559192657	0.019338728860020638	-2.4010660126805305e-10	-1.3278622645884752e-08	1.622538547962904e-09	-1.3278622645884752e-08	0.030567795038223267	0.2705919146537781	9.999999974752427e-07	0.26527389883995056	0.2705919146537781	0.4251324534416199	0.40957462787628174	0.030927833169698715	0.05588129162788391	1.622538547962904e-09	0.010498277842998505	0.2652738690376282	-1.3278622645884752e-08	0.012830331921577454	0.4145510792732239	0.22250455617904663	0.08634074777364731	1.622538547962904e-09	0.010498275980353355	1.622538547962904e-09	0.26527389883995056	0.036036036908626556	0.009900989942252636	0.062224678695201874	0.029082641005516052	0.009053405374288559	9.999999974752427e-07	0.012195121496915817	9.999999974752427e-07	0.008547008968889713	-1.3278622645884752e-08	1.622538547962904e-09	9.999999974752427e-07	-1.3278622645884752e-08	-1.3278622645884752e-08	1.622538547962904e-09	1.622538547962904e-09	1.622538547962904e-09	0.4231007397174835	0.04496558755636215	0.010405869223177433	0.2722354531288147	0.010044899769127369	0.021052632480859756	9.999999974752427e-07	0.31625208258628845	0.018691588193178177	0.05226296931505203	0.31625211238861084	0.01785714365541935	0.010989011265337467	1.622538547962904e-09	0.2722354531288147	9.999999974752427e-07	1.622538547962904e-09	0.019417475908994675	1.622538547962904e-09	9.999999974752427e-07	6.666664376098197e-07	0.2291666716337204	0.2722354531288147	9.999999974752427e-07	1.3333333299669903e-06	0.1819043606519699	0.09699182957410812	1.622538547962904e-09	0.0078512541949749	0.2722354531288147	1.622538547962904e-09	1.622538547962904e-09	0.010638297535479069	0.31625205278396606	9.999999974752427e-07	-7.275957614183426e-12	0.31625205278396606	0.010526316240429878	0.009009009227156639	1.622538547962904e-09	0.10256187617778778	1.622538547962904e-09	0.0606570690870285	0.008510754443705082	6.666664376098197e-07	-7.275957614183426e-12	9.999999974752427e-07	1.5000005078036338e-06	0.05226297304034233	0.034559715539216995	0.022432174533605576	2.255546860396862e-10	9.999999974752427e-07	9.999999974752427e-07	9.999999974752427e-07	0.008264463394880295	0.009856700897216797	0.010405868291854858	0.008394084870815277	1.622538547962904e-09	1.622538547962904e-09	0.008510754443705082	0.034559715539216995	0.18190431594848633	0.010044899769127369	0.11764705926179886	0.18190434575080872	0.31625205278396606	0.2722354531288147	0.042105261236429214	0.010405870154500008	9.999999974752427e-07	7.49999799154466e-07	0.18190434575080872	1.622538547962904e-09	0.010044898837804794	0.2722354531288147	0.10256189107894897	0.04190482199192047	9.999999974752427e-07	7.49999799154466e-07	0.00729738175868988	0.18190434575080872	1.622538547962904e-09	0.016949152573943138	0.01947261206805706	9.999999974752427e-07	2.255546860396862e-10	1.622538547962904e-09	0.011627906933426857	0.014580924063920975	9.999999974752427e-07	1.622538547962904e-09	9.999999974752427e-07	9.999999974752427e-07	1.622538547962904e-09	1.622538547962904e-09	1.622538547962904e-09	7.49999799154466e-07	7.49999799154466e-07	0.449466347694397	0.08000115305185318	9.999999974752427e-07	0.3330483138561249	-1.3278622645884752e-08	0.03483249247074127	9.999999974752427e-07	0.3862634003162384	0.009220771491527557	0.08756303787231445	0.38626334071159363	0.01332206092774868	-1.3278622645884752e-08	9.999999974752427e-07	0.2947915494441986	9.999999974752427e-07	0.029411764815449715	9.999999974752427e-07	-1.3278622645884752e-08	0.008118405938148499	0.010526316240429878	0.2947915494441986	0.2947915196418762	-1.3278622645884752e-08	0.01075268816202879	0.2947915196418762	0.048154547810554504	-1.3278622645884752e-08	0.02777777798473835	0.2947915494441986	0.019186578691005707	9.999999974752427e-07	0.008000478148460388	0.38626331090927124	-1.3278622645884752e-08	1.622538547962904e-09	0.38626331090927124	-1.3278622645884752e-08	-1.3278622645884752e-08	-1.3278622645884752e-08	0.1528805047273636	9.999999974752427e-07	0.08756301552057266	0.009048528037965298	9.999999974752427e-07	1.622538547962904e-09	0.009130991995334625	0.028601333498954773	0.08756303787231445	0.009220770560204983	0.04123711213469505	9.999999974752427e-07	-1.3278622645884752e-08	-1.3278622645884752e-08	-1.3278622645884752e-08	0.00800374150276184	0.01504833996295929	0.029999999329447746	1.622538547962904e-09	0.00909090880304575	9.999999974752427e-07	0.009048528969287872	0.009220771491527557	0.2947915196418762	-1.3278622645884752e-08	0.15288051962852478	0.2499999850988388	0.38626331090927124	0.31386175751686096	-1.3278622645884752e-08	0.032608695328235626	0.009130984544754028	9.999999974752427e-07	0.16192904114723206	-2.4010660126805305e-10	-1.3278622645884752e-08	0.369131863117218	0.1528804898262024	0.06531748175621033	0.009131006896495819	0.02860131859779358	0.00756189227104187	0.16814157366752625	1.622538547962904e-09	-1.3278622645884752e-08	0.021052632480859756	0.009900989942252636	0.027272727340459824	9.999999974752427e-07	0.005203679203987122	0.008620689623057842	0.007044568657875061	-1.3278622645884752e-08	0.008000478148460388	0.008118405938148499	9.999999974752427e-07	-1.3278622645884752e-08	-1.3278622645884752e-08	1.622538547962904e-09	1.622538547962904e-09	0.4417252540588379	0.024390242993831635	9.999999974752427e-07	0.30527326464653015	0.010416666977107525	0.014637120068073273	9.999999974752427e-07	0.3760969042778015	9.999999974752427e-07	0.04878048598766327	0.3760969042778015	0.05099131911993027	9.999999974752427e-07	0.008882244117558002	0.30527329444885254	1.622538547962904e-09	1.622538547962904e-09	1.622538547962904e-09	1.622538547962904e-09	0.030414395034313202	0.012048192322254181	0.29318323731422424	0.30527329444885254	9.999999974752427e-07	0.017391303554177284	0.2670987844467163	0.06562842428684235	1.622538547962904e-09	0.010416666977107525	0.30527329444885254	1.622538547962904e-09	1.622538547962904e-09	1.622538547962904e-09	0.30527329444885254	1.622538547962904e-09	0.010526316240429878	0.3760969042778015	9.999999974752427e-07	9.999999974752427e-07	1.622538547962904e-09	0.14387741684913635	0.025641024112701416	0.07431011646986008	0.032608695328235626	9.999999974752427e-07	0.009615384973585606	1.622538547962904e-09	0.01463712751865387	0.07431010156869888	0.010309278033673763	0.04452749714255333	0.009433962404727936	9.999999974752427e-07	1.622538547962904e-09	1.622538547962904e-09	1.622538547962904e-09	1.622538547962904e-09	0.009569531306624413	1.622538547962904e-09	1.622538547962904e-09	1.622538547962904e-09	0.01123595517128706	9.999999974752427e-07	0.20471768081188202	9.999999974752427e-07	0.14387744665145874	0.2047176957130432	0.3052733242511749	0.30527329444885254	0.026084452867507935	0.009569531306624413	1.622538547962904e-09	0.010101010091602802	0.204717755317688	0.010204081423580647	0.010989011265337467	0.30527329444885254	0.14387741684913635	0.06956726312637329	1.622538547962904e-09	0.01463712751865387	9.999999974752427e-07	0.20471777021884918	0.009803921915590763	9.999999974752427e-07	0.02503982186317444	9.999999974752427e-07	9.999999974752427e-07	0.008882243186235428	0.02057691663503647	9.999999974752427e-07	1.622538547962904e-09	1.622538547962904e-09	1.622538547962904e-09	9.999999974752427e-07	1.622538547962904e-09	1.622538547962904e-09	1.622538547962904e-09	1.622538547962904e-09	1.622538547962904e-09	0.3537144660949707	0.026411600410938263	4.2857209336943924e-07	0.20192477107048035	1.622538547962904e-09	0.027027027681469917	-7.275957614183426e-12	0.2815217971801758	1.622538547962904e-09	0.026411622762680054	0.2815217971801758	0.010256588459014893	9.999999974752427e-07	1.622538547962904e-09	0.20192477107048035	9.999999974752427e-07	1.622538547962904e-09	9.999999974752427e-07	1.622538547962904e-09	0.010256589390337467	1.622538547962904e-09	0.20192474126815796	0.20192478597164154	1.622538547962904e-09	1.622538547962904e-09	0.16246558725833893	0.058733657002449036	1.622538547962904e-09	0.027633339166641235	0.20192477107048035	-1.3278622645884752e-08	1.622538547962904e-09	-1.3278622645884752e-08	0.20192483067512512	0.008206691592931747	9.999999974752427e-07	0.2740027606487274	1.622538547962904e-09	9.999999974752427e-07	1.622538547962904e-09	0.05703481286764145	1.622538547962904e-09	0.02641153335571289	0.03179077059030533	1.622538547962904e-09	9.999999974752427e-07	-1.3278622645884752e-08	0.009401541203260422	0.026411622762680054	0.009916093200445175	0.027633339166641235	4.2857209336943924e-07	1.622538547962904e-09	0.013445600867271423	0.008206691592931747	9.999999974752427e-07	0.013458967208862305	1.2857158253609668e-06	-1.3278622645884752e-08	-1.3278622645884752e-08	1.622538547962904e-09	9.999999974752427e-07	1.622538547962904e-09	0.16246557235717773	1.622538547962904e-09	0.05703481659293175	0.10570608824491501	0.2626262605190277	0.20192477107048035	0.01780684106051922	1.2857121873821598e-06	-1.3278622645884752e-08	9.999999974752427e-07	0.08882559835910797	0.009916089475154877	1.622538547962904e-09	0.20192478597164154	0.05404491350054741	0.027633339166641235	-1.3278622645884752e-08	0.009401541203260422	1.622538547962904e-09	0.1057060956954956	-1.3278622645884752e-08	0.017806850373744965	1.622538547962904e-09	1.622538547962904e-09	4.2857209336943924e-07	1.622538547962904e-09	-7.275957614183426e-12	1.622538547962904e-09	9.999999974752427e-07	1.622538547962904e-09	-1.3278622645884752e-08	9.999999974752427e-07	-1.3278622645884752e-08	0.007519073784351349	1.622538547962904e-09	2.255546860396862e-10	2.255546860396862e-10	0.5330701470375061	0.005072489380836487	5.000001692678779e-07	0.3791336119174957	0.015137098729610443	0.04571789503097534	9.999999974752427e-07	0.47317150235176086	1.622538547962904e-09	0.08930285274982452	0.47317150235176086	0.014180606231093407	0.010177051648497581	9.999999974752427e-07	0.283880352973938	-1.3278622645884752e-08	1.622538547962904e-09	0.009429067373275757	-1.3278622645884752e-08	0.007485583424568176	9.999999974752427e-07	0.2687433063983917	0.3461630940437317	0.011049933731555939	0.012431889772415161	0.21618443727493286	0.059898555278778076	-1.3278622645884752e-08	1.622538547962904e-09	0.2838802933692932	0.030927835032343864	0.04472166299819946	-1.3278622645884752e-08	0.39345017075538635	1.622538547962904e-09	-1.3278622645884752e-08	0.39345014095306396	0.011049933731555939	0.010177051648497581	-1.3278622645884752e-08	0.16346153616905212	0.04000958055257797	0.08930287510156631	-1.3278622645884752e-08	0.010416666977107525	-1.3278622645884752e-08	0.014316469430923462	0.036288827657699585	0.08930285274982452	1.622538547962904e-09	0.0478060245513916	5.000001692678779e-07	0.028037382289767265	1.622538547962904e-09	1.622538547962904e-09	-1.3278622645884752e-08	-1.3278622645884752e-08	1.5000005078036338e-06	1.622538547962904e-09	-1.3278622645884752e-08	9.999999974752427e-07	-1.3278622645884752e-08	1.622538547962904e-09	0.21618443727493286	0.015137098729610443	0.171462744474411	0.21618443727493286	0.39345014095306396	0.3461630940437317	0.05255882441997528	0.005072489380836487	9.999999974752427e-07	0.02286946028470993	0.1714627593755722	1.622538547962904e-09	0.01513710618019104	0.37913358211517334	0.1495407670736313	0.06023794412612915	0.014316461980342865	0.02286946028470993	0.008695651777088642	0.1714627593755722	1.622538547962904e-09	0.010177051648497581	0.012431896291673183	1.622538547962904e-09	5.000001692678779e-07	9.999999974752427e-07	0.0066950395703315735	0.007796458899974823	-1.3278622645884752e-08	0.030927835032343864	-1.3278622645884752e-08	0.007485583424568176	-1.3278622645884752e-08	0.02777777798473835	-1.3278622645884752e-08	9.999999974752427e-07	0.008695651777088642	0.3669218420982361	0.04854368790984154	5.000001692678779e-07	0.19233903288841248	1.622538547962904e-09	0.021178677678108215	0.01907866820693016	0.26595741510391235	9.999999974752427e-07	0.0752153992652893	0.2984440326690674	0.01907867193222046	9.999999974752427e-07	0.010416666977107525	0.19233903288841248	0.010324249044060707	0.007624365389347076	1.622538547962904e-09	1.622538547962904e-09	1.622538547962904e-09	9.999999974752427e-07	0.19233901798725128	0.19233904778957367	1.622538547962904e-09	0.026356376707553864	0.16347560286521912	0.04025731980800629	1.622538547962904e-09	1.622538547962904e-09	0.19233901798725128	1.622538547962904e-09	0.015332028269767761	0.0117647061124444	0.24910278618335724	0.01778506115078926	-1.3278622645884752e-08	0.24910277128219604	1.622538547962904e-09	9.999999974752427e-07	1.622538547962904e-09	0.1170303225517273	0.015458554029464722	0.0752154290676117	-1.3278622645884752e-08	0.00909090880304575	-1.3278622645884752e-08	0.009573204442858696	0.02117867022752762	0.0752154216170311	0.018691588193178177	0.015458546578884125	5.000001692678779e-07	0.005539216101169586	1.622538547962904e-09	0.01778506115078926	9.999999974752427e-07	0.02822047472000122	1.5000005078036338e-06	1.622538547962904e-09	9.999999974752427e-07	9.999999974752427e-07	-1.3278622645884752e-08	9.999999974752427e-07	0.16347560286521912	1.622538547962904e-09	0.14051920175552368	0.16347560286521912	0.24910280108451843	0.19233901798725128	0.011078406125307083	0.010101010091602802	0.009573204442858696	0.009177442640066147	0.14051921665668488	0.008695651777088642	1.622538547962904e-09	0.2222222089767456	0.11703035235404968	0.04181492328643799	0.011904762126505375	0.009177440777420998	0.010869565419852734	0.14051920175552368	-1.3278622645884752e-08	0.005539216101169586	0.026356376707553864	1.622538547962904e-09	5.000001692678779e-07	0.009999999776482582	0.01907867006957531	1.622538547962904e-09	0.010324249044060707	9.999999974752427e-07	9.999999974752427e-07	1.622538547962904e-09	9.999999974752427e-07	9.999999974752427e-07	1.622538547962904e-09	9.999999974752427e-07	0.012001216411590576	0.43699371814727783	0.05826278030872345	9.999999974752427e-07	0.2679571807384491	9.999999974752427e-07	0.04900254309177399	1.622538547962904e-09	0.3783048689365387	0.009493403136730194	0.06596280634403229	0.3783048391342163	1.622538547962904e-09	9.999999974752427e-07	0.01123595517128706	0.2679571509361267	-2.4010660126805305e-10	1.622538547962904e-09	-1.3278622645884752e-08	1.622538547962904e-09	1.622538547962904e-09	6.666664376098197e-07	0.2545320391654968	0.2679571509361267	0.010989011265337467	1.3333333299669903e-06	0.20756608247756958	0.04900255426764488	1.622538547962904e-09	0.005720056593418121	0.2679571509361267	1.622538547962904e-09	0.01575428992509842	0.010256931185722351	0.3783048391342163	0.01601792871952057	-2.4010660126805305e-10	0.3783048689365387	0.019911106675863266	9.999999974752427e-07	1.622538547962904e-09	0.1568257212638855	0.013005435466766357	0.11561180651187897	0.01815195381641388	6.666664376098197e-07	0.01815195381641388	0.010526316240429878	0.04900252819061279	0.06741572916507721	0.03269492834806442	0.018725495785474777	0.00909090880304575	-2.4010660126805305e-10	1.622538547962904e-09	0.00917431153357029	0.009686267003417015	0.009686268866062164	0.025567827746272087	9.999999974752427e-07	0.043478261679410934	0.01575428992509842	-2.4010660126805305e-10	0.009493403136730194	0.20756609737873077	9.999999974752427e-07	0.15682576596736908	0.20756609737873077	0.3783048689365387	0.2679571211338043	0.030948013067245483	0.025567827746272087	9.999999974752427e-07	9.999999974752427e-07	0.17497771978378296	0.009708737954497337	0.00909090880304575	0.31832000613212585	0.1568257361650467	0.04121395945549011	0.04972795397043228	0.010204081423580647	0.007700018584728241	0.19181180000305176	9.999999974752427e-07	0.011036910116672516	0.022488445043563843	0.016806723549962044	9.999999974752427e-07	0.009615384973585606	1.622538547962904e-09	1.622538547962904e-09	-2.4010660126805305e-10	1.622538547962904e-09	9.999999974752427e-07	1.622538547962904e-09	0.009803921915590763	1.622538547962904e-09	1.622538547962904e-09	9.999999974752427e-07	9.999999974752427e-07	0.3545213043689728	0.02059110254049301	0.010625112801790237	0.21123084425926208	0.02664199471473694	0.006121933460235596	9.999999974752427e-07	0.3018167018890381	0.006626579910516739	0.02059112675487995	0.3018167018890381	0.0186464861035347	-1.3278622645884752e-08	1.622538547962904e-09	0.1669045239686966	0.015181045979261398	9.999999974752427e-07	1.622538547962904e-09	1.622538547962904e-09	0.010238776914775372	1.622538547962904e-09	0.14026254415512085	0.2112308144569397	-1.3278622645884752e-08	1.622538547962904e-09	0.14026251435279846	0.024768412113189697	1.622538547962904e-09	1.622538547962904e-09	0.2112308144569397	-1.3278622645884752e-08	0.011363636702299118	6.912159733474255e-10	0.23242251574993134	-1.3278622645884752e-08	0.006100691854953766	0.29567742347717285	-1.3278622645884752e-08	-1.3278622645884752e-08	1.622538547962904e-09	0.09294700622558594	1.622538547962904e-09	0.06100180745124817	0.01366463303565979	1.622538547962904e-09	0.007563948631286621	0.011995955370366573	0.006121933460235596	0.030612245202064514	0.00662657618522644	9.073119144886732e-09	-2.4010660126805305e-10	-1.3278622645884752e-08	-1.3278622645884752e-08	-1.3278622645884752e-08	9.999999974752427e-07	0.027936071157455444	0.010625114664435387	0.027522936463356018	0.007871739566326141	9.999999974752427e-07	1.622538547962904e-09	0.006626579910516739	0.14026251435279846	0.010101010091602802	0.09294699132442474	0.14026251435279846	0.29567742347717285	0.21123076975345612	-1.3278622645884752e-08	0.013964534737169743	0.011995954439043999	0.006121940910816193	0.10661163181066513	1.622538547962904e-09	0.02664199471473694	0.2191026210784912	0.061001840978860855	1.622538547962904e-09	0.013319892808794975	0.006121940910816193	1.622538547962904e-09	0.10661161690950394	9.999999974752427e-07	-1.3278622645884752e-08	1.622538547962904e-09	1.622538547962904e-09	-2.4010660126805305e-10	1.622538547962904e-09	9.999999974752427e-07	1.622538547962904e-09	0.015181045979261398	1.622538547962904e-09	6.912159733474255e-10	0.010238775983452797	0.007871739566326141	0.006139293313026428	1.622538547962904e-09	1.622538547962904e-09	1.622538547962904e-09	0.36081427335739136	0.07295437157154083	0.008505983278155327	0.2816368341445923	0.009365733712911606	0.026101619005203247	-1.3278622645884752e-08	0.3097529113292694	8.000001798791345e-07	0.07295437157154083	0.3097529113292694	-1.3278622645884752e-08	2.255546860396862e-10	-5.828042048960924e-09	0.22092559933662415	0.024959877133369446	-1.3278622645884752e-08	1.622538547962904e-09	1.622538547962904e-09	-1.3278622645884752e-08	9.999999974752427e-07	0.21155986189842224	0.22092559933662415	2.255546860396862e-10	0.00917431153357029	0.1840570569038391	0.026101604104042053	1.622538547962904e-09	-5.828042048960924e-09	0.22092559933662415	1.622538547962904e-09	-1.3278622645884752e-08	0.008564604446291924	0.2986621558666229	1.622538547962904e-09	9.999999974752427e-07	0.2986621558666229	2.255546860396862e-10	2.255546860396862e-10	1.622538547962904e-09	0.1273503601551056	-5.828042048960924e-09	0.08163265138864517	0.01516491174697876	0.008196720853447914	9.999999974752427e-07	-2.4010660126805305e-10	0.026101619005203247	0.07547169923782349	1.3999997463542968e-06	0.015599853359162807	0.01042632944881916	0.009330726228654385	0.018172089010477066	1.622538547962904e-09	1.622538547962904e-09	0.024959877133369446	0.028257330879569054	9.999999974752427e-07	0.008460652083158493	-1.3278622645884752e-08	9.999999974752427e-07	8.000001798791345e-07	0.14251525700092316	0.009365729987621307	0.1273503601551056	0.14251527190208435	0.2986621558666229	0.2816368341445923	0.00933072715997696	0.05747126415371895	-2.4010660126805305e-10	9.999999974752427e-07	0.14251521229743958	6.000000212225132e-07	0.009365737438201904	0.29009753465652466	0.1273503601551056	0.04308461770415306	-2.4010660126805305e-10	0.009282229468226433	1.622538547962904e-09	0.14251525700092316	9.999999974752427e-07	2.255546860396862e-10	0.027484744787216187	0.017241379246115685	0.009325018152594566	-5.828042048960924e-09	-1.3278622645884752e-08	0.015599831938743591	0.02495986968278885	-2.4010660126805305e-10	9.999999974752427e-07	-1.3278622645884752e-08	0.008460652083158493	0.011090751737356186	1.622538547962904e-09	9.999999974752427e-07	0.016819393262267113
99	-15547.466796875	-1	9	57	76	75	26	89	10	62	48	0	26	84	41	29	91	66	5	98	11	24	14	68	37	85	21	0	0	50	22	3	66	33	67	21	43	7	69	12	0	65	50	77	73	24	43	79	5	42	1	78	57	69	21	34	56	0	70	42	76	31	43	49	25	4	73	63	36	3	21	1	46	80	82	49	14	33	40	77	33	47	9	66	48	69	78	85	57	13	11	50	56	7	32	19	59	7	0	0	47	0.5437127947807312	0.08644906431436539	0.010285336524248123	0.4145510792732239	0.012830331921577454	0.010498285293579102	0.010526316240429878	0.4251323938369751	9.999999974752427e-07	0.08644905686378479	0.44155389070510864	0.06554710865020752	9.999999974752427e-07	9.999999974752427e-07	0.4095746874809265	9.999999974752427e-07	0.005317971110343933	1.622538547962904e-09	1.622538547962904e-09	9.999999974752427e-07	0.02298850566148758	0.39674437046051025	0.4095746576786041	9.999999974752427e-07	0.03314200043678284	0.2897196114063263	0.07604540139436722	1.622538547962904e-09	9.999999974752427e-07	0.4095746576786041	0.0049764662981033325	1.622538547962904e-09	1.622538547962904e-09	0.4145510196685791	0.03333333507180214	-1.3278622645884752e-08	0.42513248324394226	9.999999974752427e-07	9.999999974752427e-07	1.622538547962904e-09	0.22580645978450775	0.012048192322254181	0.1361638456583023	-1.3278622645884752e-08	9.999999974752427e-07	-1.3278622645884752e-08	1.622538547962904e-09	0.010498279705643654	0.1361638605594635	0.030567780137062073	0.02411612868309021	1.622538547962904e-09	0.008196720853447914	0.010869565419852734	9.999999974752427e-07	0.010526316240429878	0.026113227009773254	0.019338728860020638	-2.4010660126805305e-10	-1.3278622645884752e-08	1.622538547962904e-09	-1.3278622645884752e-08	0.030567795038223267	0.2705919146537781	9.999999974752427e-07	0.26527389883995056	0.2705919146537781	0.4251324534416199	0.40957462787628174	0.030927833169698715	0.05588129162788391	1.622538547962904e-09	0.010498277842998505	0.2652738690376282	-1.3278622645884752e-08	0.012830331921577454	0.4145510792732239	0.22250455617904663	0.08634074777364731	1.622538547962904e-09	0.010498279705643654	1.622538547962904e-09	0.26527389883995056	0.036036036908626556	0.009900989942252636	0.062224678695201874	0.029082641005516052	0.009053405374288559	9.999999974752427e-07	0.012195121496915817	9.999999974752427e-07	0.008547008968889713	-1.3278622645884752e-08	1.622538547962904e-09	9.999999974752427e-07	-1.3278622645884752e-08	-1.3278622645884752e-08	1.622538547962904e-09	1.622538547962904e-09	1.622538547962904e-09	0.42310068011283875	0.04496558755636215	0.010405869223177433	0.2722354531288147	0.010044899769127369	0.021052632480859756	9.999999974752427e-07	0.31625205278396606	0.018691588193178177	0.05226296931505203	0.31625205278396606	0.01785714365541935	0.010989011265337467	1.622538547962904e-09	0.2722354531288147	9.999999974752427e-07	1.622538547962904e-09	0.019417475908994675	1.622538547962904e-09	9.999999974752427e-07	6.666664376098197e-07	0.2291666716337204	0.2722354531288147	9.999999974752427e-07	1.3333333299669903e-06	0.1819043606519699	0.09699182957410812	1.622538547962904e-09	0.0078512541949749	0.2722354531288147	1.622538547962904e-09	1.622538547962904e-09	0.010638297535479069	0.31625205278396606	9.999999974752427e-07	-7.275957614183426e-12	0.31625205278396606	0.010526316240429878	0.009009009227156639	1.622538547962904e-09	0.10256187617778778	1.622538547962904e-09	0.0606570690870285	0.008510754443705082	6.666664376098197e-07	-7.275957614183426e-12	9.999999974752427e-07	1.3999997463542968e-06	0.05226297304034233	0.034559715539216995	0.022432174533605576	2.255546860396862e-10	9.999999974752427e-07	9.999999974752427e-07	9.999999974752427e-07	0.008264463394880295	0.0098566934466362	0.010405868291854858	0.008394084870815277	1.622538547962904e-09	1.622538547962904e-09	0.008510754443705082	0.034559715539216995	0.18190431594848633	0.010044899769127369	0.11764705926179886	0.18190434575080872	0.31625205278396606	0.2722354531288147	0.042105261236429214	0.010405870154500008	9.999999974752427e-07	8.000001798791345e-07	0.18190434575080872	1.622538547962904e-09	0.010044898837804794	0.2722354531288147	0.10256189107894897	0.04190482199192047	9.999999974752427e-07	8.000001798791345e-07	0.00729738175868988	0.18190434575080872	1.622538547962904e-09	0.016949152573943138	0.01947261206805706	9.999999974752427e-07	2.255546860396862e-10	1.622538547962904e-09	0.011627906933426857	0.014580924063920975	9.999999974752427e-07	1.622538547962904e-09	9.999999974752427e-07	9.999999974752427e-07	1.622538547962904e-09	1.622538547962904e-09	1.622538547962904e-09	1.622538547962904e-09	6.000000212225132e-07	0.4494662880897522	0.08000115305185318	9.999999974752427e-07	0.3330483138561249	-1.3278622645884752e-08	0.03483247756958008	9.999999974752427e-07	0.386263370513916	0.009220771491527557	0.08756303787231445	0.38626334071159363	0.01332206279039383	-1.3278622645884752e-08	9.999999974752427e-07	0.2947915494441986	9.999999974752427e-07	0.029411764815449715	9.999999974752427e-07	-1.3278622645884752e-08	0.008118405938148499	0.010526316240429878	0.2947915494441986	0.2947915196418762	-1.3278622645884752e-08	0.01075268816202879	0.2947915196418762	0.0481545627117157	-1.3278622645884752e-08	0.02777777798473835	0.2947915494441986	0.019186578691005707	9.999999974752427e-07	0.008000500500202179	0.38626325130462646	-1.3278622645884752e-08	1.622538547962904e-09	0.38626334071159363	-1.3278622645884752e-08	-1.3278622645884752e-08	-1.3278622645884752e-08	0.1528805047273636	9.999999974752427e-07	0.08756301552057266	0.009048528037965298	9.999999974752427e-07	1.622538547962904e-09	0.009131006896495819	0.02860131859779358	0.08756303787231445	0.009220770560204983	0.04123711213469505	9.999999974752427e-07	-1.3278622645884752e-08	-1.3278622645884752e-08	-1.3278622645884752e-08	0.00800374150276184	0.01504833996295929	0.029999999329447746	1.622538547962904e-09	0.00909090880304575	9.999999974752427e-07	0.009048528969287872	0.009220771491527557	0.2947915196418762	-1.3278622645884752e-08	0.15288051962852478	0.2499999850988388	0.38626334071159363	0.31386175751686096	-1.3278622645884752e-08	0.032608695328235626	0.009130999445915222	9.999999974752427e-07	0.16192904114723206	-2.4010660126805305e-10	-1.3278622645884752e-08	0.369131863117218	0.1528804898262024	0.06531748175621033	0.009131021797657013	0.028601333498954773	0.00756189227104187	0.16814157366752625	1.622538547962904e-09	-1.3278622645884752e-08	0.021052632480859756	0.009900989942252636	0.027272727340459824	9.999999974752427e-07	0.005203679203987122	0.008620689623057842	0.007044568657875061	-1.3278622645884752e-08	0.008000500500202179	0.008118405938148499	9.999999974752427e-07	-1.3278622645884752e-08	-1.3278622645884752e-08	-1.3278622645884752e-08	1.622538547962904e-09	0.4417252838611603	0.024390242993831635	9.999999974752427e-07	0.30527326464653015	0.010416666977107525	0.014637120068073273	9.999999974752427e-07	0.3760969042778015	9.999999974752427e-07	0.04878048598766327	0.3760969340801239	0.05099131166934967	9.999999974752427e-07	0.008882244117558002	0.30527329444885254	1.622538547962904e-09	1.622538547962904e-09	1.622538547962904e-09	1.622538547962904e-09	0.030414380133152008	0.012048192322254181	0.29318323731422424	0.30527329444885254	9.999999974752427e-07	0.017391303554177284	0.2670987844467163	0.06562843918800354	1.622538547962904e-09	0.010416666977107525	0.30527329444885254	1.622538547962904e-09	1.622538547962904e-09	1.622538547962904e-09	0.30527329444885254	1.622538547962904e-09	0.010526316240429878	0.3760969042778015	9.999999974752427e-07	9.999999974752427e-07	1.622538547962904e-09	0.14387741684913635	0.025641024112701416	0.07431011646986008	0.032608695328235626	9.999999974752427e-07	0.009615384973585606	1.622538547962904e-09	0.014637120068073273	0.07431010156869888	0.010309278033673763	0.04452749714255333	0.009433962404727936	9.999999974752427e-07	1.622538547962904e-09	1.622538547962904e-09	1.622538547962904e-09	1.622538547962904e-09	0.009569531306624413	1.622538547962904e-09	1.622538547962904e-09	1.622538547962904e-09	0.01123595517128706	9.999999974752427e-07	0.20471768081188202	9.999999974752427e-07	0.14387744665145874	0.2047176957130432	0.3052733242511749	0.30527329444885254	0.026084452867507935	0.009569531306624413	1.622538547962904e-09	0.010101010091602802	0.204717755317688	0.010204081423580647	0.010989011265337467	0.30527329444885254	0.14387741684913635	0.06956726312637329	1.622538547962904e-09	0.014637112617492676	9.999999974752427e-07	0.20471777021884918	0.009803921915590763	9.999999974752427e-07	0.02503982186317444	9.999999974752427e-07	9.999999974752427e-07	0.008882243186235428	0.02057691663503647	9.999999974752427e-07	1.622538547962904e-09	1.622538547962904e-09	1.622538547962904e-09	9.999999974752427e-07	1.622538547962904e-09	1.622538547962904e-09	1.622538547962904e-09	1.622538547962904e-09	1.622538547962904e-09	0.3537144660949707	0.026411600410938263	4.2857209336943924e-07	0.20192477107048035	1.622538547962904e-09	0.027027027681469917	-7.275957614183426e-12	0.2815217971801758	1.622538547962904e-09	0.026411622762680054	0.2815217971801758	0.010256588459014893	9.999999974752427e-07	1.622538547962904e-09	0.20192477107048035	9.999999974752427e-07	1.622538547962904e-09	9.999999974752427e-07	1.622538547962904e-09	0.010256589390337467	1.622538547962904e-09	0.20192474126815796	0.20192478597164154	1.622538547962904e-09	1.622538547962904e-09	0.16246558725833893	0.058733657002449036	1.622538547962904e-09	0.027633339166641235	0.20192477107048035	-1.3278622645884752e-08	1.622538547962904e-09	-1.3278622645884752e-08	0.20192483067512512	0.008206691592931747	9.999999974752427e-07	0.27400273084640503	1.622538547962904e-09	9.999999974752427e-07	1.622538547962904e-09	0.05703481286764145	1.622538547962904e-09	0.02641153335571289	0.03179077059030533	1.622538547962904e-09	9.999999974752427e-07	-1.3278622645884752e-08	0.009401541203260422	0.026411622762680054	0.009916093200445175	0.027633339166641235	4.2857209336943924e-07	1.622538547962904e-09	0.013445600867271423	0.008206691592931747	9.999999974752427e-07	0.013458982110023499	1.2857158253609668e-06	-1.3278622645884752e-08	-1.3278622645884752e-08	1.622538547962904e-09	9.999999974752427e-07	1.622538547962904e-09	0.16246557235717773	1.622538547962904e-09	0.05703481659293175	0.10570608824491501	0.2626262605190277	0.20192477107048035	0.01780684106051922	1.2857121873821598e-06	-1.3278622645884752e-08	9.999999974752427e-07	0.08882559835910797	0.009916089475154877	1.622538547962904e-09	0.20192478597164154	0.05404491350054741	0.027633339166641235	-1.3278622645884752e-08	0.009401543065905571	1.622538547962904e-09	0.1057060956954956	-1.3278622645884752e-08	0.017806850373744965	1.622538547962904e-09	1.622538547962904e-09	4.2857209336943924e-07	1.622538547962904e-09	-7.275957614183426e-12	1.622538547962904e-09	9.999999974752427e-07	1.622538547962904e-09	-1.3278622645884752e-08	9.999999974752427e-07	-1.3278622645884752e-08	0.007519066333770752	1.622538547962904e-09	1.622538547962904e-09	2.255546860396862e-10	0.5330700278282166	0.005072489380836487	5.000001692678779e-07	0.3791336119174957	0.015137098729610443	0.045717909932136536	9.999999974752427e-07	0.47317153215408325	1.622538547962904e-09	0.08930285274982452	0.47317153215408325	0.01418062299489975	0.010177051648497581	9.999999974752427e-07	0.283880352973938	-1.3278622645884752e-08	1.622538547962904e-09	0.009429074823856354	-1.3278622645884752e-08	0.007485583424568176	9.999999974752427e-07	0.2687433063983917	0.3461630940437317	0.011049933731555939	0.012431889772415161	0.21618443727493286	0.059898585081100464	-1.3278622645884752e-08	1.622538547962904e-09	0.2838802933692932	0.030927835032343864	0.04472166299819946	-1.3278622645884752e-08	0.39345017075538635	1.622538547962904e-09	-1.3278622645884752e-08	0.39345014095306396	0.011049933731555939	0.010177051648497581	-1.3278622645884752e-08	0.16346153616905212	0.04000958055257797	0.08930287510156631	-1.3278622645884752e-08	0.010416666977107525	-1.3278622645884752e-08	0.014316469430923462	0.03628883510828018	0.08930285274982452	1.622538547962904e-09	0.0478060245513916	5.000001692678779e-07	0.028037382289767265	1.622538547962904e-09	1.622538547962904e-09	-1.3278622645884752e-08	-1.3278622645884752e-08	1.5000005078036338e-06	1.622538547962904e-09	-1.3278622645884752e-08	9.999999974752427e-07	-1.3278622645884752e-08	1.622538547962904e-09	0.21618443727493286	0.015137098729610443	0.171462744474411	0.21618443727493286	0.39345014095306396	0.3461630940437317	0.05255882441997528	0.005072489380836487	9.999999974752427e-07	0.02286946028470993	0.1714627593755722	1.622538547962904e-09	0.01513710618019104	0.37913358211517334	0.1495407670736313	0.06023794412612915	0.014316461980342865	0.02286946028470993	0.008695651777088642	0.1714627593755722	1.622538547962904e-09	0.010177051648497581	0.012431896291673183	1.622538547962904e-09	5.000001692678779e-07	9.999999974752427e-07	0.0066950395703315735	0.007796458899974823	-1.3278622645884752e-08	0.030927835032343864	-1.3278622645884752e-08	0.007485583424568176	-1.3278622645884752e-08	0.02777777798473835	-1.3278622645884752e-08	-1.3278622645884752e-08	0.008695651777088642	0.3669218420982361	0.04854368790984154	5.000001692678779e-07	0.19233903288841248	1.622538547962904e-09	0.02117866277694702	0.01907867193222046	0.26595741510391235	9.999999974752427e-07	0.0752153992652893	0.29844406247138977	0.01907867193222046	9.999999974752427e-07	0.010416666977107525	0.19233903288841248	0.010324249044060707	0.007624365389347076	1.622538547962904e-09	1.622538547962904e-09	1.622538547962904e-09	9.999999974752427e-07	0.19233901798725128	0.19233904778957367	1.622538547962904e-09	0.026356376707553864	0.16347560286521912	0.04025733470916748	1.622538547962904e-09	1.622538547962904e-09	0.19233901798725128	1.622538547962904e-09	0.015332028269767761	0.0117647061124444	0.24910278618335724	0.01778506115078926	-1.3278622645884752e-08	0.24910277128219604	1.622538547962904e-09	9.999999974752427e-07	1.622538547962904e-09	0.1170303225517273	0.015458554029464722	0.0752154290676117	-1.3278622645884752e-08	0.00909090880304575	-1.3278622645884752e-08	0.009573204442858696	0.02117867022752762	0.0752154216170311	0.018691588193178177	0.015458546578884125	5.000001692678779e-07	0.005539216101169586	1.622538547962904e-09	0.01778506115078926	9.999999974752427e-07	0.028220489621162415	1.5000005078036338e-06	1.622538547962904e-09	9.999999974752427e-07	9.999999974752427e-07	-1.3278622645884752e-08	9.999999974752427e-07	0.16347560286521912	1.622538547962904e-09	0.14051920175552368	0.16347560286521912	0.24910280108451843	0.19233901798725128	0.011078406125307083	0.010101010091602802	0.009573204442858696	0.009177446365356445	0.14051921665668488	0.008695651777088642	1.622538547962904e-09	0.2222222089767456	0.11703035235404968	0.04181492328643799	0.011904762126505375	0.009177448228001595	0.010869565419852734	0.14051920175552368	-1.3278622645884752e-08	0.005539216101169586	0.026356376707553864	1.622538547962904e-09	5.000001692678779e-07	0.009999999776482582	0.019078673794865608	1.622538547962904e-09	0.010324249044060707	9.999999974752427e-07	9.999999974752427e-07	1.622538547962904e-09	9.999999974752427e-07	9.999999974752427e-07	1.622538547962904e-09	1.622538547962904e-09	0.012001223862171173	0.43699362874031067	0.05826278030872345	9.999999974752427e-07	0.2679571807384491	9.999999974752427e-07	0.04900258779525757	1.622538547962904e-09	0.3783048391342163	0.009493403136730194	0.06596280634403229	0.3783048391342163	1.622538547962904e-09	9.999999974752427e-07	0.01123595517128706	0.2679571509361267	-2.4010660126805305e-10	1.622538547962904e-09	-1.3278622645884752e-08	1.622538547962904e-09	1.622538547962904e-09	6.666664376098197e-07	0.2545320391654968	0.2679571509361267	0.010989011265337467	1.3333333299669903e-06	0.20756608247756958	0.049002524465322495	1.622538547962904e-09	0.005720056593418121	0.2679571509361267	1.622538547962904e-09	0.01575428992509842	0.010256932117044926	0.3783048391342163	0.01601792871952057	-2.4010660126805305e-10	0.3783048391342163	0.019911106675863266	9.999999974752427e-07	1.622538547962904e-09	0.1568257212638855	0.013005435466766357	0.11561180651187897	0.01815195381641388	6.666664376098197e-07	0.01815195381641388	0.010526316240429878	0.04900252819061279	0.06741572916507721	0.03269492834806442	0.018725495785474777	0.00909090880304575	-2.4010660126805305e-10	1.622538547962904e-09	0.00917431153357029	0.009686263278126717	0.009686261415481567	0.025567827746272087	9.999999974752427e-07	0.043478261679410934	0.01575428992509842	-2.4010660126805305e-10	0.009493403136730194	0.20756609737873077	9.999999974752427e-07	0.15682576596736908	0.20756609737873077	0.3783048391342163	0.2679571211338043	0.030948013067245483	0.025567827746272087	9.999999974752427e-07	9.999999974752427e-07	0.17497771978378296	0.009708737954497337	0.00909090880304575	0.31832000613212585	0.1568257361650467	0.04121395945549011	0.04972796142101288	0.010204081423580647	0.007700018584728241	0.19181180000305176	9.999999974752427e-07	0.011036910116672516	0.022488445043563843	0.016806723549962044	9.999999974752427e-07	0.009615384973585606	1.622538547962904e-09	1.622538547962904e-09	-2.4010660126805305e-10	1.622538547962904e-09	9.999999974752427e-07	1.622538547962904e-09	0.009803921915590763	1.622538547962904e-09	1.622538547962904e-09	1.622538547962904e-09	9.999999974752427e-07	0.3545212149620056	0.02059110254049301	0.010625112801790237	0.21123084425926208	0.02664199471473694	0.006121940910816193	9.999999974752427e-07	0.3018167018890381	0.006626579910516739	0.02059112675487995	0.3018167018890381	0.01864653080701828	-1.3278622645884752e-08	1.622538547962904e-09	0.1669045239686966	0.015181045979261398	9.999999974752427e-07	1.622538547962904e-09	1.622538547962904e-09	0.010238776914775372	1.622538547962904e-09	0.14026254415512085	0.2112308144569397	-1.3278622645884752e-08	1.622538547962904e-09	0.14026251435279846	0.02476845681667328	1.622538547962904e-09	1.622538547962904e-09	0.2112308144569397	-1.3278622645884752e-08	0.011363636702299118	6.912159733474255e-10	0.23242251574993134	-1.3278622645884752e-08	0.006100691854953766	0.29567742347717285	-1.3278622645884752e-08	-1.3278622645884752e-08	1.622538547962904e-09	0.09294700622558594	1.622538547962904e-09	0.06100180745124817	0.01366463303565979	1.622538547962904e-09	0.007563948631286621	0.011995955370366573	0.0061219558119773865	0.030612245202064514	0.00662657618522644	9.073119144886732e-09	-2.4010660126805305e-10	-1.3278622645884752e-08	-1.3278622645884752e-08	-1.3278622645884752e-08	9.999999974752427e-07	0.027936160564422607	0.010625114664435387	0.027522936463356018	0.007871739566326141	9.999999974752427e-07	1.622538547962904e-09	0.006626579910516739	0.14026251435279846	0.010101010091602802	0.09294699132442474	0.14026251435279846	0.29567742347717285	0.21123076975345612	-1.3278622645884752e-08	0.013964534737169743	0.011995954439043999	0.0061219483613967896	0.10661163181066513	1.622538547962904e-09	0.02664199471473694	0.2191026210784912	0.061001840978860855	1.622538547962904e-09	0.013319892808794975	0.0061219483613967896	1.622538547962904e-09	0.10661161690950394	9.999999974752427e-07	-1.3278622645884752e-08	1.622538547962904e-09	1.622538547962904e-09	-2.4010660126805305e-10	1.622538547962904e-09	9.999999974752427e-07	1.622538547962904e-09	0.015181045979261398	1.622538547962904e-09	6.912159733474255e-10	0.010238775983452797	0.007871739566326141	0.006139293313026428	1.622538547962904e-09	1.622538547962904e-09	1.622538547962904e-09	0.3608144223690033	0.07295437157154083	0.008505983278155327	0.2816368341445923	0.009365733712911606	0.026101574301719666	-1.3278622645884752e-08	0.309752881526947	8.000001798791345e-07	0.07295437157154083	0.309752881526947	-1.3278622645884752e-08	2.255546860396862e-10	-5.828042048960924e-09	0.22092559933662415	0.024959847331047058	-1.3278622645884752e-08	1.622538547962904e-09	1.622538547962904e-09	-1.3278622645884752e-08	9.999999974752427e-07	0.21155986189842224	0.22092559933662415	2.255546860396862e-10	0.00917431153357029	0.1840570569038391	0.02610158920288086	1.622538547962904e-09	-5.828042048960924e-09	0.22092559933662415	1.622538547962904e-09	-1.3278622645884752e-08	0.008564608171582222	0.29866212606430054	1.622538547962904e-09	9.999999974752427e-07	0.29866212606430054	2.255546860396862e-10	2.255546860396862e-10	1.622538547962904e-09	0.1273503601551056	-5.828042048960924e-09	0.08163265138864517	0.01516491174697876	0.008196720853447914	9.999999974752427e-07	-2.4010660126805305e-10	0.026101581752300262	0.07547169923782349	1.3999997463542968e-06	0.015599853359162807	0.01042632944881916	0.009330726228654385	0.018172089010477066	1.622538547962904e-09	1.622538547962904e-09	0.024959832429885864	0.028257330879569054	9.999999974752427e-07	0.008460648357868195	-1.3278622645884752e-08	9.999999974752427e-07	8.000001798791345e-07	0.14251525700092316	0.009365729987621307	0.1273503601551056	0.14251527190208435	0.29866212606430054	0.2816368341445923	0.00933072715997696	0.05747126415371895	-2.4010660126805305e-10	9.999999974752427e-07	0.14251521229743958	6.000000212225132e-07	0.009365737438201904	0.29009753465652466	0.1273503601551056	0.04308461770415306	-2.4010660126805305e-10	0.009282208979129791	1.622538547962904e-09	0.14251525700092316	9.999999974752427e-07	2.255546860396862e-10	0.027484744787216187	0.017241379246115685	0.009325018152594566	-5.828042048960924e-09	-1.3278622645884752e-08	0.015599831938743591	0.02495983988046646	-2.4010660126805305e-10	9.999999974752427e-07	-1.3278622645884752e-08	0.008460644632577896	0.011090729385614395	1.622538547962904e-09	1.622538547962904e-09	0.01681937277317047
